150.00 0.92705
133.33 0.92375
116.67 0.92397
100.00 0.91961
83.33 0.91217
66.67 0.90279
50.00 0.87833
33.33 0.84964
16.67 0.80499
0.00 0.72455
120.00 0.90115
106.67 0.90915
93.33 0.90827
80.00 0.90129
66.67 0.88334
53.33 0.86948
40.00 0.84401
26.67 0.80583
13.33 0.76138
0.00 0.68529
96.00 0.90675
85.33 0.90192
74.67 0.88810
64.00 0.87165
53.33 0.84894
42.67 0.82074
32.00 0.78963
21.33 0.75323
10.67 0.70932
0.00 0.63845
76.80 0.85820
68.27 0.85105
59.73 0.83980
51.20 0.82015
42.67 0.78963
34.13 0.75695
25.60 0.72802
17.07 0.69171
8.53 0.64922
0.00 0.58438
