150.00 0.95775
133.33 0.95370
116.67 0.95445
100.00 0.95431
83.33 0.95417
66.67 0.95431
50.00 0.95440
33.33 0.95469
16.67 0.95349
0.00 0.85832
120.00 0.95420
106.67 0.95395
93.33 0.95157
80.00 0.95366
66.67 0.95397
53.33 0.95454
40.00 0.95434
26.67 0.95433
13.33 0.95378
0.00 0.85867
96.00 0.94940
85.33 0.94795
74.67 0.94963
64.00 0.94865
53.33 0.95029
42.67 0.95145
32.00 0.95154
21.33 0.95119
10.67 0.95018
0.00 0.85559
76.80 0.94915
68.27 0.95098
59.73 0.95378
51.20 0.95424
42.67 0.95443
34.13 0.95453
25.60 0.95351
17.07 0.95293
8.53 0.95203
0.00 0.85689
