25.00 0.51120
22.22 0.48020
19.44 0.45582
16.67 0.43804
13.89 0.41704
11.11 0.39537
8.33 0.36811
5.56 0.34019
2.78 0.31008
0.00 0.27923
20.00 0.42930
17.78 0.40370
15.56 0.38923
13.33 0.37217
11.11 0.35795
8.89 0.33921
6.67 0.31566
4.44 0.29089
2.22 0.26520
0.00 0.23888
16.00 0.38160
14.22 0.36497
12.44 0.34412
10.67 0.32491
8.89 0.30858
7.11 0.28708
5.33 0.26683
3.56 0.24423
1.78 0.22108
0.00 0.19913
12.80 0.32385
11.38 0.29750
9.96 0.28577
8.53 0.27186
7.11 0.25541
5.69 0.23786
4.27 0.21906
2.84 0.20317
1.42 0.18418
0.00 0.16589
