150.00 0.93950
133.33 0.94332
116.67 0.94352
100.00 0.94515
83.33 0.94452
66.67 0.94544
50.00 0.94392
33.33 0.94311
16.67 0.94232
0.00 0.84967
120.00 0.95250
106.67 0.94817
93.33 0.94922
80.00 0.94658
66.67 0.94688
53.33 0.94572
40.00 0.94483
26.67 0.94346
13.33 0.94167
0.00 0.84889
96.00 0.94500
85.33 0.94147
74.67 0.93968
64.00 0.94132
53.33 0.93898
42.67 0.93936
32.00 0.93911
21.33 0.93855
10.67 0.93584
0.00 0.84323
76.80 0.93775
68.27 0.93930
59.73 0.93753
51.20 0.93899
42.67 0.93874
34.13 0.93866
25.60 0.93852
17.07 0.93802
8.53 0.93425
0.00 0.84230
