25.00 0.23765
22.22 0.23003
19.44 0.21128
16.67 0.20535
13.89 0.19827
11.11 0.19187
8.33 0.18506
5.56 0.18016
2.78 0.17481
0.00 0.15752
20.00 0.19350
17.78 0.18540
15.56 0.18000
13.33 0.17990
11.11 0.17275
8.89 0.17121
6.67 0.16834
4.44 0.16407
2.22 0.15551
0.00 0.14006
16.00 0.17975
14.22 0.15955
12.44 0.13550
10.67 0.13115
8.89 0.12793
7.11 0.12375
5.33 0.11619
3.56 0.10890
1.78 0.09997
0.00 0.09005
12.80 0.16185
11.38 0.14958
9.96 0.15148
8.53 0.14939
7.11 0.14264
5.69 0.13328
4.27 0.12480
2.84 0.11674
1.42 0.10882
0.00 0.09801
