300.00 0.50512
293.88 0.47806
287.76 0.46852
281.63 0.46050
275.51 0.45461
269.39 0.44868
263.27 0.44677
257.14 0.44226
251.02 0.43763
244.90 0.43368
238.78 0.43051
232.65 0.42763
226.53 0.42491
220.41 0.42124
214.29 0.41816
208.16 0.41512
202.04 0.41188
195.92 0.40870
189.80 0.40552
183.67 0.40237
177.55 0.39919
171.43 0.39585
165.31 0.39246
159.18 0.38917
153.06 0.38566
146.94 0.38228
140.82 0.37855
134.69 0.37507
128.57 0.37156
122.45 0.36786
116.33 0.36418
110.20 0.36052
104.08 0.35682
97.96 0.35320
91.84 0.34935
85.71 0.34539
79.59 0.34133
73.47 0.33728
67.35 0.33313
61.22 0.32896
55.10 0.32461
48.98 0.32036
42.86 0.31596
36.73 0.31147
30.61 0.30682
24.49 0.30209
18.37 0.29728
12.24 0.29232
6.12 0.28716
0.00 0.28144
120.00 0.25895
117.78 0.25888
115.56 0.25643
113.33 0.25498
111.11 0.25285
108.89 0.25120
106.67 0.24968
104.44 0.24835
102.22 0.24736
100.00 0.24593
97.78 0.24446
95.56 0.24285
93.33 0.24096
91.11 0.23943
88.89 0.23773
86.67 0.23594
84.44 0.23411
82.22 0.23241
80.00 0.23069
77.78 0.22905
75.56 0.22733
73.33 0.22566
71.11 0.22392
68.89 0.22221
66.67 0.22038
64.44 0.21849
62.22 0.21658
60.00 0.21509
57.78 0.21308
55.56 0.21103
53.33 0.20906
51.11 0.20714
48.89 0.20514
46.67 0.20324
44.44 0.20128
42.22 0.19941
40.00 0.19740
37.78 0.19539
35.56 0.19343
33.33 0.19140
31.11 0.18928
28.89 0.18718
26.67 0.18525
24.44 0.18321
22.22 0.18109
20.00 0.17891
17.78 0.17668
15.56 0.17435
13.33 0.17196
11.11 0.16951
8.89 0.16705
6.67 0.16459
4.44 0.16207
2.22 0.15944
0.00 0.15656
48.00 0.14571
47.19 0.14116
46.37 0.13945
45.56 0.13778
44.75 0.13722
43.93 0.13797
43.12 0.13735
42.31 0.13579
41.49 0.13497
40.68 0.13407
39.86 0.13288
39.05 0.13175
38.24 0.13086
37.42 0.13021
36.61 0.12916
35.80 0.12869
34.98 0.12804
34.17 0.12712
33.36 0.12607
32.54 0.12546
31.73 0.12492
30.92 0.12446
30.10 0.12391
29.29 0.12303
28.47 0.12209
27.66 0.12111
26.85 0.12006
26.03 0.11936
25.22 0.11854
24.41 0.11773
23.59 0.11718
22.78 0.11649
21.97 0.11573
21.15 0.11476
20.34 0.11390
19.53 0.11286
18.71 0.11194
17.90 0.11098
17.08 0.11022
16.27 0.10950
15.46 0.10859
14.64 0.10771
13.83 0.10679
13.02 0.10589
12.20 0.10491
11.39 0.10396
10.58 0.10305
9.76 0.10204
8.95 0.10104
8.14 0.10012
7.32 0.09924
6.51 0.09840
5.69 0.09748
4.88 0.09658
4.07 0.09565
3.25 0.09463
2.44 0.09353
1.63 0.09235
0.81 0.09107
0.00 0.08956
19.20 0.08179
18.90 0.07878
18.60 0.07784
18.30 0.07608
18.00 0.07470
17.70 0.07347
17.40 0.07256
17.10 0.07162
16.80 0.07100
16.50 0.07099
16.20 0.07047
15.90 0.06997
15.60 0.06973
15.30 0.06978
15.00 0.06936
14.70 0.06925
14.40 0.06904
14.10 0.06854
13.80 0.06848
13.50 0.06841
13.20 0.06843
12.90 0.06834
12.60 0.06817
12.30 0.06834
12.00 0.06845
11.70 0.06833
11.40 0.06815
11.10 0.06807
10.80 0.06788
10.50 0.06769
10.20 0.06762
9.90 0.06746
9.60 0.06732
9.30 0.06722
9.00 0.06707
8.70 0.06688
8.40 0.06669
8.10 0.06648
7.80 0.06620
7.50 0.06589
7.20 0.06560
6.90 0.06522
6.60 0.06486
6.30 0.06452
6.00 0.06434
5.70 0.06422
5.40 0.06397
5.10 0.06376
4.80 0.06344
4.50 0.06305
4.20 0.06265
3.90 0.06233
3.60 0.06211
3.30 0.06194
3.00 0.06166
2.70 0.06132
2.40 0.06093
2.10 0.06055
1.80 0.06016
1.50 0.05969
1.20 0.05923
0.90 0.05875
0.60 0.05821
0.30 0.05760
0.00 0.05673
7.68 0.06068
7.57 0.05984
7.46 0.06030
7.35 0.05873
7.23 0.05753
7.12 0.05734
7.01 0.05672
6.90 0.05620
6.79 0.05570
6.68 0.05513
6.57 0.05456
6.46 0.05436
6.34 0.05391
6.23 0.05372
6.12 0.05356
6.01 0.05310
5.90 0.05287
5.79 0.05262
5.68 0.05283
5.57 0.05275
5.45 0.05233
5.34 0.05195
5.23 0.05160
5.12 0.05133
5.01 0.05092
4.90 0.05051
4.79 0.05004
4.67 0.04963
4.56 0.04923
4.45 0.04891
4.34 0.04855
4.23 0.04820
4.12 0.04784
4.01 0.04753
3.90 0.04733
3.78 0.04715
3.67 0.04684
3.56 0.04651
3.45 0.04624
3.34 0.04596
3.23 0.04569
3.12 0.04543
3.01 0.04513
2.89 0.04481
2.78 0.04448
2.67 0.04417
2.56 0.04384
2.45 0.04350
2.34 0.04317
2.23 0.04284
2.11 0.04249
2.00 0.04217
1.89 0.04184
1.78 0.04150
1.67 0.04116
1.56 0.04083
1.45 0.04051
1.34 0.04018
1.22 0.03986
1.11 0.03954
1.00 0.03919
0.89 0.03885
0.78 0.03851
0.67 0.03816
0.56 0.03780
0.45 0.03742
0.33 0.03702
0.22 0.03660
0.11 0.03616
0.00 0.03565
3.07 0.03253
3.03 0.03299
2.99 0.03239
2.95 0.03222
2.91 0.03190
2.86 0.03185
2.82 0.03181
2.78 0.03194
2.74 0.03181
2.70 0.03169
2.66 0.03166
2.62 0.03160
2.57 0.03144
2.53 0.03143
2.49 0.03139
2.45 0.03141
2.41 0.03134
2.37 0.03116
2.32 0.03097
2.28 0.03082
2.24 0.03069
2.20 0.03053
2.16 0.03038
2.12 0.03025
2.08 0.03013
2.03 0.03007
1.99 0.02995
1.95 0.02982
1.91 0.02971
1.87 0.02959
1.83 0.02944
1.79 0.02931
1.74 0.02923
1.70 0.02917
1.66 0.02914
1.62 0.02908
1.58 0.02904
1.54 0.02900
1.49 0.02902
1.45 0.02893
1.41 0.02878
1.37 0.02867
1.33 0.02855
1.29 0.02843
1.25 0.02827
1.20 0.02811
1.16 0.02795
1.12 0.02780
1.08 0.02761
1.04 0.02746
1.00 0.02729
0.95 0.02711
0.91 0.02694
0.87 0.02676
0.83 0.02659
0.79 0.02642
0.75 0.02625
0.71 0.02607
0.66 0.02590
0.62 0.02572
0.58 0.02553
0.54 0.02533
0.50 0.02515
0.46 0.02495
0.42 0.02475
0.37 0.02454
0.33 0.02435
0.29 0.02414
0.25 0.02392
0.21 0.02370
0.17 0.02347
0.12 0.02324
0.08 0.02300
0.04 0.02274
0.00 0.02244
1.23 0.02113
1.21 0.02093
1.20 0.02073
1.18 0.02100
1.17 0.02075
1.15 0.02065
1.14 0.02059
1.12 0.02064
1.10 0.02065
1.09 0.02059
1.07 0.02066
1.06 0.02060
1.04 0.02061
1.03 0.02056
1.01 0.02049
1.00 0.02043
0.98 0.02032
0.96 0.02024
0.95 0.02017
0.93 0.02011
0.92 0.02001
0.90 0.01997
0.89 0.01985
0.87 0.01977
0.86 0.01969
0.84 0.01960
0.82 0.01955
0.81 0.01949
0.79 0.01941
0.78 0.01936
0.76 0.01927
0.75 0.01919
0.73 0.01909
0.72 0.01900
0.70 0.01893
0.68 0.01884
0.67 0.01877
0.65 0.01872
0.64 0.01865
0.62 0.01857
0.61 0.01849
0.59 0.01841
0.58 0.01835
0.56 0.01827
0.54 0.01818
0.53 0.01810
0.51 0.01801
0.50 0.01794
0.48 0.01785
0.47 0.01777
0.45 0.01769
0.44 0.01759
0.42 0.01750
0.40 0.01741
0.39 0.01731
0.37 0.01722
0.36 0.01712
0.34 0.01704
0.33 0.01693
0.31 0.01684
0.30 0.01673
0.28 0.01663
0.26 0.01652
0.25 0.01641
0.23 0.01631
0.22 0.01619
0.20 0.01608
0.19 0.01597
0.17 0.01585
0.16 0.01573
0.14 0.01561
0.12 0.01549
0.11 0.01537
0.09 0.01524
0.08 0.01512
0.06 0.01498
0.05 0.01484
0.03 0.01470
0.02 0.01454
0.00 0.01436
0.49 0.01378
0.49 0.01386
0.48 0.01377
0.47 0.01389
0.47 0.01391
0.46 0.01375
0.46 0.01380
0.45 0.01381
0.44 0.01382
0.44 0.01375
0.43 0.01377
0.43 0.01371
0.42 0.01366
0.42 0.01355
0.41 0.01347
0.40 0.01345
0.40 0.01343
0.39 0.01340
0.39 0.01336
0.38 0.01334
0.37 0.01328
0.37 0.01323
0.36 0.01319
0.36 0.01315
0.35 0.01309
0.35 0.01305
0.34 0.01300
0.33 0.01294
0.33 0.01289
0.32 0.01286
0.32 0.01282
0.31 0.01278
0.30 0.01275
0.30 0.01270
0.29 0.01266
0.29 0.01260
0.28 0.01257
0.28 0.01252
0.27 0.01247
0.26 0.01242
0.26 0.01236
0.25 0.01230
0.25 0.01225
0.24 0.01220
0.23 0.01216
0.23 0.01211
0.22 0.01206
0.22 0.01201
0.21 0.01194
0.20 0.01188
0.20 0.01183
0.19 0.01177
0.19 0.01171
0.18 0.01167
0.18 0.01161
0.17 0.01154
0.16 0.01148
0.16 0.01143
0.15 0.01137
0.15 0.01131
0.14 0.01125
0.13 0.01119
0.13 0.01113
0.12 0.01107
0.12 0.01100
0.11 0.01093
0.11 0.01087
0.10 0.01081
0.09 0.01074
0.09 0.01067
0.08 0.01060
0.08 0.01054
0.07 0.01046
0.06 0.01039
0.06 0.01032
0.05 0.01024
0.05 0.01017
0.04 0.01009
0.04 0.01000
0.03 0.00992
0.02 0.00983
0.02 0.00974
0.01 0.00966
0.01 0.00956
0.00 0.00945
0.20 0.00889
0.19 0.00913
0.19 0.00892
0.19 0.00893
0.19 0.00890
0.19 0.00879
0.18 0.00881
0.18 0.00879
0.18 0.00875
0.18 0.00874
0.17 0.00871
0.17 0.00867
0.17 0.00862
0.17 0.00865
0.17 0.00861
0.16 0.00858
0.16 0.00855
0.16 0.00853
0.16 0.00851
0.15 0.00848
0.15 0.00846
0.15 0.00843
0.15 0.00842
0.15 0.00837
0.14 0.00834
0.14 0.00831
0.14 0.00828
0.14 0.00825
0.13 0.00823
0.13 0.00820
0.13 0.00817
0.13 0.00813
0.13 0.00810
0.12 0.00807
0.12 0.00804
0.12 0.00801
0.12 0.00800
0.11 0.00797
0.11 0.00794
0.11 0.00792
0.11 0.00788
0.11 0.00784
0.10 0.00781
0.10 0.00778
0.10 0.00776
0.10 0.00772
0.09 0.00769
0.09 0.00766
0.09 0.00762
0.09 0.00759
0.09 0.00756
0.08 0.00754
0.08 0.00750
0.08 0.00747
0.08 0.00745
0.08 0.00742
0.07 0.00738
0.07 0.00735
0.07 0.00732
0.07 0.00729
0.06 0.00726
0.06 0.00721
0.06 0.00719
0.06 0.00715
0.06 0.00711
0.05 0.00708
0.05 0.00704
0.05 0.00701
0.05 0.00696
0.04 0.00693
0.04 0.00689
0.04 0.00685
0.04 0.00682
0.04 0.00678
0.03 0.00674
0.03 0.00670
0.03 0.00666
0.03 0.00662
0.02 0.00658
0.02 0.00654
0.02 0.00650
0.02 0.00645
0.02 0.00640
0.01 0.00635
0.01 0.00631
0.01 0.00625
0.01 0.00620
0.00 0.00614
0.00 0.00609
0.00 0.00602
0.08 0.00554
0.08 0.00547
0.08 0.00560
0.08 0.00563
0.08 0.00566
0.07 0.00560
0.07 0.00559
0.07 0.00560
0.07 0.00557
0.07 0.00555
0.07 0.00554
0.07 0.00554
0.07 0.00555
0.07 0.00554
0.07 0.00551
0.07 0.00550
0.07 0.00552
0.06 0.00550
0.06 0.00549
0.06 0.00548
0.06 0.00546
0.06 0.00544
0.06 0.00543
0.06 0.00543
0.06 0.00541
0.06 0.00539
0.06 0.00538
0.06 0.00537
0.06 0.00535
0.05 0.00533
0.05 0.00531
0.05 0.00530
0.05 0.00528
0.05 0.00526
0.05 0.00525
0.05 0.00525
0.05 0.00523
0.05 0.00521
0.05 0.00519
0.05 0.00517
0.05 0.00516
0.04 0.00514
0.04 0.00512
0.04 0.00510
0.04 0.00508
0.04 0.00506
0.04 0.00505
0.04 0.00503
0.04 0.00501
0.04 0.00499
0.04 0.00497
0.04 0.00495
0.04 0.00493
0.03 0.00492
0.03 0.00490
0.03 0.00487
0.03 0.00485
0.03 0.00483
0.03 0.00481
0.03 0.00479
0.03 0.00477
0.03 0.00474
0.03 0.00473
0.03 0.00471
0.03 0.00468
0.02 0.00466
0.02 0.00463
0.02 0.00461
0.02 0.00458
0.02 0.00456
0.02 0.00454
0.02 0.00451
0.02 0.00449
0.02 0.00446
0.02 0.00444
0.02 0.00442
0.02 0.00440
0.01 0.00437
0.01 0.00434
0.01 0.00432
0.01 0.00429
0.01 0.00427
0.01 0.00424
0.01 0.00421
0.01 0.00418
0.01 0.00416
0.01 0.00413
0.01 0.00410
0.01 0.00407
0.00 0.00404
0.00 0.00401
0.00 0.00398
0.00 0.00394
0.00 0.00391
0.00 0.00387
0.00 0.00839
0.00 0.00657
0.00 0.00543
0.00 0.00457
0.00 0.00418
0.00 0.00384
0.00 0.00342
0.00 0.00307
0.00 0.00284
0.00 0.00267
0.00 0.00250
0.00 0.00236
0.00 0.00220
0.00 0.00204
0.00 0.00195
0.00 0.00189
0.00 0.00181
0.00 0.00173
0.00 0.00165
0.00 0.00159
0.00 0.00153
0.00 0.00149
0.00 0.00145
0.00 0.00141
0.00 0.00136
0.00 0.00135
0.00 0.00134
0.00 0.00132
0.00 0.00131
0.00 0.00128
0.00 0.00125
0.00 0.00122
0.00 0.00120
0.00 0.00118
0.00 0.00116
0.00 0.00114
0.00 0.00113
0.00 0.00113
0.00 0.00112
0.00 0.00111
0.00 0.00110
0.00 0.00109
0.00 0.00108
0.00 0.00107
0.00 0.00107
0.00 0.00106
0.00 0.00105
0.00 0.00103
0.00 0.00101
0.00 0.00100
0.00 0.00098
0.00 0.00096
0.00 0.00095
0.00 0.00093
0.00 0.00092
0.00 0.00091
0.00 0.00091
0.00 0.00090
0.00 0.00089
0.00 0.00088
0.00 0.00087
0.00 0.00085
0.00 0.00085
0.00 0.00084
0.00 0.00083
0.00 0.00082
0.00 0.00082
0.00 0.00081
0.00 0.00081
0.00 0.00081
0.00 0.00080
0.00 0.00079
0.00 0.00079
0.00 0.00078
0.00 0.00078
0.00 0.00077
0.00 0.00077
0.00 0.00076
0.00 0.00075
0.00 0.00075
0.00 0.00074
0.00 0.00074
0.00 0.00073
0.00 0.00073
0.00 0.00073
0.00 0.00072
0.00 0.00072
0.00 0.00071
0.00 0.00070
0.00 0.00070
0.00 0.00069
0.00 0.00069
0.00 0.00068
0.00 0.00068
0.00 0.00068
0.00 0.00067
0.00 0.00066
0.00 0.00066
0.00 0.00066
0.00 0.00065
