150.00 0.91690
133.33 0.91600
116.67 0.91213
100.00 0.91015
83.33 0.90337
66.67 0.89022
50.00 0.85926
33.33 0.82164
16.67 0.77254
0.00 0.69546
120.00 0.90615
106.67 0.90245
93.33 0.89693
80.00 0.88154
66.67 0.86142
53.33 0.83070
40.00 0.79804
26.67 0.75998
13.33 0.71151
0.00 0.64052
96.00 0.88670
85.33 0.88375
74.67 0.85355
64.00 0.82156
53.33 0.79300
42.67 0.77150
32.00 0.73861
21.33 0.70074
10.67 0.65495
0.00 0.58959
76.80 0.80515
68.27 0.79695
59.73 0.78195
51.20 0.75197
42.67 0.71948
34.13 0.68925
25.60 0.65868
17.07 0.62345
8.53 0.57888
0.00 0.52112
