150.00 0.92905
133.33 0.92197
116.67 0.92127
100.00 0.91254
83.33 0.89211
66.67 0.86957
50.00 0.83921
33.33 0.80497
16.67 0.76020
0.00 0.68427
120.00 0.89700
106.67 0.89882
93.33 0.90555
80.00 0.89543
66.67 0.85848
53.33 0.82492
40.00 0.79096
26.67 0.75628
13.33 0.71296
0.00 0.64173
96.00 0.86620
85.33 0.87020
74.67 0.86300
64.00 0.83535
53.33 0.80351
42.67 0.77224
32.00 0.74081
21.33 0.70637
10.67 0.66368
0.00 0.59744
76.80 0.80290
68.27 0.80307
59.73 0.78005
51.20 0.76843
42.67 0.74421
34.13 0.71401
25.60 0.68234
17.07 0.65061
8.53 0.60858
0.00 0.54781
