150.00 0.94825
133.33 0.94473
116.67 0.94530
100.00 0.94478
83.33 0.94376
66.67 0.94308
50.00 0.94300
33.33 0.94089
16.67 0.93437
0.00 0.84198
120.00 0.93220
106.67 0.93730
93.33 0.93832
80.00 0.94001
66.67 0.93967
53.33 0.93999
40.00 0.93931
26.67 0.93594
13.33 0.92467
0.00 0.83293
96.00 0.93625
85.33 0.93860
74.67 0.93695
64.00 0.93675
53.33 0.93672
42.67 0.93473
32.00 0.93359
21.33 0.92861
10.67 0.91219
0.00 0.82174
76.80 0.93645
68.27 0.93725
59.73 0.93828
51.20 0.93766
42.67 0.93717
34.13 0.93574
25.60 0.93401
17.07 0.92504
8.53 0.89187
0.00 0.80285
