300.00 0.49664
293.88 0.47615
287.76 0.47394
281.63 0.46339
275.51 0.45590
269.39 0.44958
263.27 0.44494
257.14 0.44148
251.02 0.43808
244.90 0.43536
238.78 0.43175
232.65 0.42850
226.53 0.42551
220.41 0.42266
214.29 0.41916
208.16 0.41612
202.04 0.41253
195.92 0.40977
189.80 0.40653
183.67 0.40305
177.55 0.39982
171.43 0.39650
165.31 0.39324
159.18 0.38983
153.06 0.38648
146.94 0.38302
140.82 0.37949
134.69 0.37583
128.57 0.37223
122.45 0.36844
116.33 0.36488
110.20 0.36114
104.08 0.35731
97.96 0.35343
91.84 0.34955
85.71 0.34564
79.59 0.34157
73.47 0.33749
67.35 0.33330
61.22 0.32914
55.10 0.32484
48.98 0.32041
42.86 0.31574
36.73 0.31104
30.61 0.30644
24.49 0.30162
18.37 0.29671
12.24 0.29172
6.12 0.28654
0.00 0.28084
120.00 0.25268
117.78 0.25448
115.56 0.25328
113.33 0.25240
111.11 0.25182
108.89 0.25095
106.67 0.24989
104.44 0.24854
102.22 0.24664
100.00 0.24467
97.78 0.24251
95.56 0.24088
93.33 0.23959
91.11 0.23828
88.89 0.23674
86.67 0.23482
84.44 0.23297
82.22 0.23125
80.00 0.22955
77.78 0.22797
75.56 0.22595
73.33 0.22396
71.11 0.22199
68.89 0.22015
66.67 0.21811
64.44 0.21617
62.22 0.21424
60.00 0.21242
57.78 0.21054
55.56 0.20862
53.33 0.20669
51.11 0.20468
48.89 0.20270
46.67 0.20066
44.44 0.19889
42.22 0.19694
40.00 0.19491
37.78 0.19285
35.56 0.19082
33.33 0.18876
31.11 0.18677
28.89 0.18475
26.67 0.18271
24.44 0.18060
22.22 0.17850
20.00 0.17643
17.78 0.17435
15.56 0.17214
13.33 0.16999
11.11 0.16776
8.89 0.16549
6.67 0.16313
4.44 0.16071
2.22 0.15821
0.00 0.15535
48.00 0.14150
47.19 0.14017
46.37 0.13862
45.56 0.13723
44.75 0.13515
43.93 0.13420
43.12 0.13345
42.31 0.13217
41.49 0.13143
40.68 0.13001
39.86 0.12928
39.05 0.12847
38.24 0.12768
37.42 0.12678
36.61 0.12612
35.80 0.12517
34.98 0.12435
34.17 0.12309
33.36 0.12231
32.54 0.12160
31.73 0.12100
30.92 0.12033
30.10 0.11954
29.29 0.11887
28.47 0.11819
27.66 0.11745
26.85 0.11683
26.03 0.11619
25.22 0.11573
24.41 0.11539
23.59 0.11495
22.78 0.11433
21.97 0.11359
21.15 0.11284
20.34 0.11203
19.53 0.11115
18.71 0.11026
17.90 0.10938
17.08 0.10862
16.27 0.10775
15.46 0.10679
14.64 0.10582
13.83 0.10476
13.02 0.10371
12.20 0.10259
11.39 0.10147
10.58 0.10045
9.76 0.09940
8.95 0.09829
8.14 0.09717
7.32 0.09605
6.51 0.09493
5.69 0.09382
4.88 0.09269
4.07 0.09155
3.25 0.09038
2.44 0.08919
1.63 0.08797
0.81 0.08670
0.00 0.08527
19.20 0.06984
18.90 0.06950
18.60 0.06970
18.30 0.06952
18.00 0.06931
17.70 0.06907
17.40 0.06891
17.10 0.06891
16.80 0.06835
16.50 0.06794
16.20 0.06749
15.90 0.06723
15.60 0.06698
15.30 0.06681
15.00 0.06639
14.70 0.06635
14.40 0.06627
14.10 0.06623
13.80 0.06624
13.50 0.06611
13.20 0.06586
12.90 0.06576
12.60 0.06551
12.30 0.06517
12.00 0.06483
11.70 0.06466
11.40 0.06430
11.10 0.06400
10.80 0.06372
10.50 0.06356
10.20 0.06347
9.90 0.06325
9.60 0.06304
9.30 0.06291
9.00 0.06279
8.70 0.06254
8.40 0.06216
8.10 0.06186
7.80 0.06150
7.50 0.06109
7.20 0.06061
6.90 0.06015
6.60 0.05968
6.30 0.05921
6.00 0.05876
5.70 0.05830
5.40 0.05785
5.10 0.05742
4.80 0.05694
4.50 0.05646
4.20 0.05595
3.90 0.05545
3.60 0.05496
3.30 0.05449
3.00 0.05400
2.70 0.05351
2.40 0.05301
2.10 0.05248
1.80 0.05194
1.50 0.05139
1.20 0.05084
0.90 0.05026
0.60 0.04967
0.30 0.04903
0.00 0.04828
7.68 0.04528
7.57 0.04449
7.46 0.04332
7.35 0.04282
7.23 0.04239
7.12 0.04227
7.01 0.04204
6.90 0.04192
6.79 0.04176
6.68 0.04174
6.57 0.04166
6.46 0.04195
6.34 0.04210
6.23 0.04202
6.12 0.04207
6.01 0.04185
5.90 0.04161
5.79 0.04138
5.68 0.04122
5.57 0.04102
5.45 0.04080
5.34 0.04066
5.23 0.04048
5.12 0.04028
5.01 0.04007
4.90 0.03984
4.79 0.03965
4.67 0.03945
4.56 0.03926
4.45 0.03901
4.34 0.03881
4.23 0.03861
4.12 0.03845
4.01 0.03826
3.90 0.03806
3.78 0.03785
3.67 0.03765
3.56 0.03742
3.45 0.03723
3.34 0.03701
3.23 0.03679
3.12 0.03655
3.01 0.03636
2.89 0.03614
2.78 0.03591
2.67 0.03568
2.56 0.03544
2.45 0.03522
2.34 0.03500
2.23 0.03478
2.11 0.03455
2.00 0.03431
1.89 0.03406
1.78 0.03382
1.67 0.03358
1.56 0.03333
1.45 0.03309
1.34 0.03284
1.22 0.03257
1.11 0.03231
1.00 0.03205
0.89 0.03177
0.78 0.03148
0.67 0.03119
0.56 0.03089
0.45 0.03057
0.33 0.03025
0.22 0.02992
0.11 0.02956
0.00 0.02915
3.07 0.02732
3.03 0.02736
2.99 0.02704
2.95 0.02698
2.91 0.02700
2.86 0.02679
2.82 0.02645
2.78 0.02618
2.74 0.02602
2.70 0.02579
2.66 0.02578
2.62 0.02566
2.57 0.02552
2.53 0.02533
2.49 0.02519
2.45 0.02506
2.41 0.02495
2.37 0.02486
2.32 0.02474
2.28 0.02463
2.24 0.02451
2.20 0.02441
2.16 0.02432
2.12 0.02420
2.08 0.02406
2.03 0.02396
1.99 0.02383
1.95 0.02372
1.91 0.02363
1.87 0.02353
1.83 0.02345
1.79 0.02335
1.74 0.02324
1.70 0.02312
1.66 0.02300
1.62 0.02291
1.58 0.02282
1.54 0.02273
1.49 0.02263
1.45 0.02253
1.41 0.02243
1.37 0.02232
1.33 0.02222
1.29 0.02211
1.25 0.02199
1.20 0.02190
1.16 0.02180
1.12 0.02168
1.08 0.02157
1.04 0.02145
1.00 0.02133
0.95 0.02122
0.91 0.02109
0.87 0.02097
0.83 0.02084
0.79 0.02071
0.75 0.02057
0.71 0.02044
0.66 0.02030
0.62 0.02017
0.58 0.02002
0.54 0.01989
0.50 0.01975
0.46 0.01961
0.42 0.01946
0.37 0.01931
0.33 0.01916
0.29 0.01899
0.25 0.01883
0.21 0.01866
0.17 0.01849
0.12 0.01831
0.08 0.01812
0.04 0.01792
0.00 0.01769
1.23 0.01803
1.21 0.01736
1.20 0.01680
1.18 0.01667
1.17 0.01666
1.15 0.01665
1.14 0.01654
1.12 0.01659
1.10 0.01655
1.09 0.01648
1.07 0.01653
1.06 0.01648
1.04 0.01644
1.03 0.01637
1.01 0.01632
1.00 0.01625
0.98 0.01620
0.96 0.01618
0.95 0.01611
0.93 0.01601
0.92 0.01594
0.90 0.01589
0.89 0.01581
0.87 0.01573
0.86 0.01570
0.84 0.01563
0.82 0.01556
0.81 0.01549
0.79 0.01545
0.78 0.01538
0.76 0.01531
0.75 0.01524
0.73 0.01518
0.72 0.01511
0.70 0.01505
0.68 0.01499
0.67 0.01491
0.65 0.01485
0.64 0.01478
0.62 0.01471
0.61 0.01464
0.59 0.01458
0.58 0.01451
0.56 0.01443
0.54 0.01435
0.53 0.01429
0.51 0.01422
0.50 0.01414
0.48 0.01407
0.47 0.01400
0.45 0.01394
0.44 0.01386
0.42 0.01380
0.40 0.01373
0.39 0.01365
0.37 0.01358
0.36 0.01350
0.34 0.01342
0.33 0.01334
0.31 0.01326
0.30 0.01318
0.28 0.01308
0.26 0.01300
0.25 0.01291
0.23 0.01283
0.22 0.01274
0.20 0.01265
0.19 0.01256
0.17 0.01248
0.16 0.01238
0.14 0.01229
0.12 0.01219
0.11 0.01209
0.09 0.01199
0.08 0.01189
0.06 0.01178
0.05 0.01167
0.03 0.01155
0.02 0.01143
0.00 0.01130
0.49 0.01098
0.49 0.01091
0.48 0.01067
0.47 0.01063
0.47 0.01057
0.46 0.01052
0.46 0.01046
0.45 0.01043
0.44 0.01035
0.44 0.01033
0.43 0.01032
0.43 0.01028
0.42 0.01027
0.42 0.01024
0.41 0.01021
0.40 0.01016
0.40 0.01011
0.39 0.01007
0.39 0.01003
0.38 0.00998
0.37 0.00996
0.37 0.00993
0.36 0.00993
0.36 0.00990
0.35 0.00989
0.35 0.00986
0.34 0.00983
0.33 0.00979
0.33 0.00974
0.32 0.00970
0.32 0.00966
0.31 0.00963
0.30 0.00961
0.30 0.00956
0.29 0.00954
0.29 0.00952
0.28 0.00948
0.28 0.00944
0.27 0.00941
0.26 0.00938
0.26 0.00933
0.25 0.00929
0.25 0.00926
0.24 0.00922
0.23 0.00918
0.23 0.00914
0.22 0.00910
0.22 0.00906
0.21 0.00901
0.20 0.00896
0.20 0.00891
0.19 0.00887
0.19 0.00881
0.18 0.00878
0.18 0.00873
0.17 0.00868
0.16 0.00864
0.16 0.00860
0.15 0.00855
0.15 0.00851
0.14 0.00846
0.13 0.00841
0.13 0.00837
0.12 0.00832
0.12 0.00827
0.11 0.00821
0.11 0.00817
0.10 0.00812
0.09 0.00807
0.09 0.00802
0.08 0.00797
0.08 0.00792
0.07 0.00787
0.06 0.00781
0.06 0.00776
0.05 0.00770
0.05 0.00765
0.04 0.00759
0.04 0.00753
0.03 0.00747
0.02 0.00740
0.02 0.00734
0.01 0.00727
0.01 0.00719
0.00 0.00711
0.20 0.00674
0.19 0.00670
0.19 0.00655
0.19 0.00648
0.19 0.00645
0.19 0.00650
0.18 0.00647
0.18 0.00647
0.18 0.00647
0.18 0.00651
0.17 0.00650
0.17 0.00647
0.17 0.00643
0.17 0.00638
0.17 0.00636
0.16 0.00635
0.16 0.00631
0.16 0.00629
0.16 0.00629
0.15 0.00626
0.15 0.00624
0.15 0.00623
0.15 0.00622
0.15 0.00619
0.14 0.00616
0.14 0.00615
0.14 0.00613
0.14 0.00610
0.13 0.00607
0.13 0.00606
0.13 0.00604
0.13 0.00603
0.13 0.00601
0.12 0.00598
0.12 0.00595
0.12 0.00595
0.12 0.00593
0.11 0.00591
0.11 0.00590
0.11 0.00587
0.11 0.00585
0.11 0.00583
0.10 0.00582
0.10 0.00580
0.10 0.00578
0.10 0.00575
0.09 0.00572
0.09 0.00570
0.09 0.00567
0.09 0.00566
0.09 0.00564
0.08 0.00562
0.08 0.00560
0.08 0.00559
0.08 0.00557
0.08 0.00554
0.07 0.00552
0.07 0.00550
0.07 0.00548
0.07 0.00545
0.06 0.00543
0.06 0.00540
0.06 0.00537
0.06 0.00534
0.06 0.00532
0.05 0.00529
0.05 0.00526
0.05 0.00524
0.05 0.00521
0.04 0.00518
0.04 0.00515
0.04 0.00512
0.04 0.00509
0.04 0.00506
0.03 0.00503
0.03 0.00500
0.03 0.00497
0.03 0.00494
0.02 0.00491
0.02 0.00488
0.02 0.00484
0.02 0.00481
0.02 0.00477
0.01 0.00474
0.01 0.00470
0.01 0.00467
0.01 0.00463
0.00 0.00459
0.00 0.00455
0.00 0.00450
0.08 0.00406
0.08 0.00407
0.08 0.00415
0.08 0.00416
0.08 0.00417
0.07 0.00421
0.07 0.00416
0.07 0.00417
0.07 0.00414
0.07 0.00410
0.07 0.00413
0.07 0.00412
0.07 0.00414
0.07 0.00414
0.07 0.00411
0.07 0.00408
0.07 0.00407
0.06 0.00407
0.06 0.00405
0.06 0.00403
0.06 0.00402
0.06 0.00400
0.06 0.00400
0.06 0.00400
0.06 0.00399
0.06 0.00397
0.06 0.00395
0.06 0.00395
0.06 0.00395
0.05 0.00394
0.05 0.00392
0.05 0.00391
0.05 0.00390
0.05 0.00389
0.05 0.00388
0.05 0.00387
0.05 0.00386
0.05 0.00385
0.05 0.00383
0.05 0.00381
0.05 0.00379
0.04 0.00379
0.04 0.00377
0.04 0.00375
0.04 0.00373
0.04 0.00372
0.04 0.00370
0.04 0.00368
0.04 0.00367
0.04 0.00366
0.04 0.00365
0.04 0.00363
0.04 0.00362
0.03 0.00361
0.03 0.00360
0.03 0.00358
0.03 0.00357
0.03 0.00356
0.03 0.00355
0.03 0.00354
0.03 0.00352
0.03 0.00351
0.03 0.00349
0.03 0.00347
0.03 0.00346
0.02 0.00345
0.02 0.00343
0.02 0.00341
0.02 0.00339
0.02 0.00338
0.02 0.00336
0.02 0.00334
0.02 0.00332
0.02 0.00330
0.02 0.00329
0.02 0.00327
0.02 0.00325
0.01 0.00323
0.01 0.00321
0.01 0.00319
0.01 0.00318
0.01 0.00316
0.01 0.00314
0.01 0.00312
0.01 0.00310
0.01 0.00308
0.01 0.00306
0.01 0.00304
0.01 0.00301
0.00 0.00299
0.00 0.00297
0.00 0.00294
0.00 0.00292
0.00 0.00289
0.00 0.00286
0.00 0.02114
0.00 0.01684
0.00 0.01532
0.00 0.01357
0.00 0.01250
0.00 0.01166
0.00 0.01082
0.00 0.01018
0.00 0.00959
0.00 0.00919
0.00 0.00876
0.00 0.00844
0.00 0.00811
0.00 0.00780
0.00 0.00745
0.00 0.00713
0.00 0.00696
0.00 0.00673
0.00 0.00654
0.00 0.00633
0.00 0.00615
0.00 0.00603
0.00 0.00591
0.00 0.00578
0.00 0.00566
0.00 0.00555
0.00 0.00544
0.00 0.00533
0.00 0.00524
0.00 0.00514
0.00 0.00503
0.00 0.00495
0.00 0.00486
0.00 0.00479
0.00 0.00471
0.00 0.00464
0.00 0.00455
0.00 0.00450
0.00 0.00446
0.00 0.00441
0.00 0.00436
0.00 0.00429
0.00 0.00423
0.00 0.00417
0.00 0.00411
0.00 0.00408
0.00 0.00403
0.00 0.00399
0.00 0.00396
0.00 0.00392
0.00 0.00388
0.00 0.00384
0.00 0.00380
0.00 0.00375
0.00 0.00372
0.00 0.00368
0.00 0.00364
0.00 0.00361
0.00 0.00357
0.00 0.00353
0.00 0.00351
0.00 0.00349
0.00 0.00347
0.00 0.00343
0.00 0.00341
0.00 0.00338
0.00 0.00335
0.00 0.00332
0.00 0.00328
0.00 0.00326
0.00 0.00323
0.00 0.00320
0.00 0.00318
0.00 0.00316
0.00 0.00313
0.00 0.00310
0.00 0.00307
0.00 0.00305
0.00 0.00303
0.00 0.00301
0.00 0.00298
0.00 0.00296
0.00 0.00295
0.00 0.00293
0.00 0.00291
0.00 0.00289
0.00 0.00287
0.00 0.00286
0.00 0.00284
0.00 0.00283
0.00 0.00281
0.00 0.00279
0.00 0.00277
0.00 0.00274
0.00 0.00273
0.00 0.00271
0.00 0.00270
0.00 0.00269
0.00 0.00267
0.00 0.00266
