300.00 0.46471
293.88 0.45718
287.76 0.45201
281.63 0.44738
275.51 0.44328
269.39 0.44060
263.27 0.43727
257.14 0.43440
251.02 0.43459
244.90 0.43166
238.78 0.42797
232.65 0.42477
226.53 0.42167
220.41 0.41874
214.29 0.41572
208.16 0.41244
202.04 0.40916
195.92 0.40611
189.80 0.40284
183.67 0.39976
177.55 0.39658
171.43 0.39320
165.31 0.38972
159.18 0.38638
153.06 0.38309
146.94 0.37985
140.82 0.37648
134.69 0.37283
128.57 0.36946
122.45 0.36608
116.33 0.36262
110.20 0.35889
104.08 0.35508
97.96 0.35132
91.84 0.34751
85.71 0.34362
79.59 0.33988
73.47 0.33582
67.35 0.33173
61.22 0.32757
55.10 0.32344
48.98 0.31925
42.86 0.31479
36.73 0.31021
30.61 0.30568
24.49 0.30106
18.37 0.29628
12.24 0.29136
6.12 0.28628
0.00 0.28058
120.00 0.26263
117.78 0.26049
115.56 0.25854
113.33 0.25612
111.11 0.25379
108.89 0.25164
106.67 0.24937
104.44 0.24750
102.22 0.24627
100.00 0.24475
97.78 0.24342
95.56 0.24204
93.33 0.24068
91.11 0.23865
88.89 0.23719
86.67 0.23532
84.44 0.23338
82.22 0.23163
80.00 0.22980
77.78 0.22822
75.56 0.22633
73.33 0.22494
71.11 0.22309
68.89 0.22144
66.67 0.21972
64.44 0.21780
62.22 0.21591
60.00 0.21402
57.78 0.21223
55.56 0.21012
53.33 0.20832
51.11 0.20630
48.89 0.20432
46.67 0.20216
44.44 0.20024
42.22 0.19837
40.00 0.19623
37.78 0.19414
35.56 0.19199
33.33 0.18986
31.11 0.18789
28.89 0.18571
26.67 0.18371
24.44 0.18188
22.22 0.17987
20.00 0.17799
17.78 0.17603
15.56 0.17387
13.33 0.17176
11.11 0.16953
8.89 0.16719
6.67 0.16496
4.44 0.16265
2.22 0.16025
0.00 0.15736
48.00 0.14492
47.19 0.14362
46.37 0.14282
45.56 0.14242
44.75 0.14164
43.93 0.13987
43.12 0.13879
42.31 0.13793
41.49 0.13753
40.68 0.13660
39.86 0.13578
39.05 0.13438
38.24 0.13317
37.42 0.13221
36.61 0.13145
35.80 0.13049
34.98 0.12969
34.17 0.12855
33.36 0.12799
32.54 0.12714
31.73 0.12616
30.92 0.12498
30.10 0.12378
29.29 0.12288
28.47 0.12189
27.66 0.12062
26.85 0.11954
26.03 0.11850
25.22 0.11746
24.41 0.11686
23.59 0.11608
22.78 0.11524
21.97 0.11437
21.15 0.11339
20.34 0.11233
19.53 0.11124
18.71 0.11029
17.90 0.10921
17.08 0.10810
16.27 0.10717
15.46 0.10619
14.64 0.10516
13.83 0.10423
13.02 0.10336
12.20 0.10262
11.39 0.10178
10.58 0.10090
9.76 0.10003
8.95 0.09903
8.14 0.09812
7.32 0.09722
6.51 0.09615
5.69 0.09507
4.88 0.09408
4.07 0.09297
3.25 0.09183
2.44 0.09069
1.63 0.08949
0.81 0.08823
0.00 0.08677
19.20 0.07811
18.90 0.07748
18.60 0.07746
18.30 0.07766
18.00 0.07711
17.70 0.07855
17.40 0.07816
17.10 0.07742
16.80 0.07755
16.50 0.07712
16.20 0.07705
15.90 0.07663
15.60 0.07611
15.30 0.07571
15.00 0.07577
14.70 0.07580
14.40 0.07578
14.10 0.07509
13.80 0.07424
13.50 0.07354
13.20 0.07307
12.90 0.07267
12.60 0.07230
12.30 0.07171
12.00 0.07113
11.70 0.07045
11.40 0.06988
11.10 0.06941
10.80 0.06904
10.50 0.06865
10.20 0.06822
9.90 0.06770
9.60 0.06728
9.30 0.06679
9.00 0.06633
8.70 0.06582
8.40 0.06528
8.10 0.06472
7.80 0.06415
7.50 0.06356
7.20 0.06298
6.90 0.06241
6.60 0.06184
6.30 0.06130
6.00 0.06076
5.70 0.06023
5.40 0.05972
5.10 0.05923
4.80 0.05872
4.50 0.05819
4.20 0.05764
3.90 0.05713
3.60 0.05657
3.30 0.05604
3.00 0.05550
2.70 0.05496
2.40 0.05440
2.10 0.05384
1.80 0.05326
1.50 0.05267
1.20 0.05207
0.90 0.05147
0.60 0.05084
0.30 0.05017
0.00 0.04941
7.68 0.04269
7.57 0.04399
7.46 0.04430
7.35 0.04532
7.23 0.04580
7.12 0.04632
7.01 0.04668
6.90 0.04658
6.79 0.04636
6.68 0.04622
6.57 0.04593
6.46 0.04558
6.34 0.04520
6.23 0.04495
6.12 0.04465
6.01 0.04444
5.90 0.04420
5.79 0.04414
5.68 0.04393
5.57 0.04374
5.45 0.04343
5.34 0.04322
5.23 0.04296
5.12 0.04269
5.01 0.04238
4.90 0.04205
4.79 0.04175
4.67 0.04143
4.56 0.04111
4.45 0.04083
4.34 0.04054
4.23 0.04026
4.12 0.03999
4.01 0.03975
3.90 0.03951
3.78 0.03923
3.67 0.03896
3.56 0.03870
3.45 0.03843
3.34 0.03819
3.23 0.03792
3.12 0.03764
3.01 0.03738
2.89 0.03711
2.78 0.03685
2.67 0.03659
2.56 0.03633
2.45 0.03606
2.34 0.03581
2.23 0.03556
2.11 0.03529
2.00 0.03503
1.89 0.03477
1.78 0.03450
1.67 0.03423
1.56 0.03395
1.45 0.03368
1.34 0.03342
1.22 0.03314
1.11 0.03285
1.00 0.03258
0.89 0.03229
0.78 0.03199
0.67 0.03168
0.56 0.03136
0.45 0.03104
0.33 0.03070
0.22 0.03036
0.11 0.02999
0.00 0.02957
3.07 0.02672
3.03 0.02723
2.99 0.02732
2.95 0.02696
2.91 0.02682
2.86 0.02669
2.82 0.02659
2.78 0.02652
2.74 0.02639
2.70 0.02630
2.66 0.02609
2.62 0.02600
2.57 0.02596
2.53 0.02585
2.49 0.02574
2.45 0.02559
2.41 0.02544
2.37 0.02535
2.32 0.02526
2.28 0.02518
2.24 0.02506
2.20 0.02501
2.16 0.02492
2.12 0.02477
2.08 0.02468
2.03 0.02460
1.99 0.02454
1.95 0.02441
1.91 0.02432
1.87 0.02423
1.83 0.02411
1.79 0.02398
1.74 0.02386
1.70 0.02374
1.66 0.02363
1.62 0.02353
1.58 0.02343
1.54 0.02329
1.49 0.02318
1.45 0.02305
1.41 0.02295
1.37 0.02282
1.33 0.02267
1.29 0.02256
1.25 0.02246
1.20 0.02233
1.16 0.02221
1.12 0.02208
1.08 0.02196
1.04 0.02184
1.00 0.02172
0.95 0.02159
0.91 0.02146
0.87 0.02134
0.83 0.02120
0.79 0.02106
0.75 0.02092
0.71 0.02078
0.66 0.02064
0.62 0.02050
0.58 0.02035
0.54 0.02020
0.50 0.02005
0.46 0.01990
0.42 0.01974
0.37 0.01958
0.33 0.01941
0.29 0.01924
0.25 0.01907
0.21 0.01889
0.17 0.01871
0.12 0.01853
0.08 0.01833
0.04 0.01813
0.00 0.01790
1.23 0.01790
1.21 0.01723
1.20 0.01718
1.18 0.01694
1.17 0.01693
1.15 0.01675
1.14 0.01680
1.12 0.01673
1.10 0.01667
1.09 0.01659
1.07 0.01656
1.06 0.01650
1.04 0.01642
1.03 0.01630
1.01 0.01625
1.00 0.01619
0.98 0.01613
0.96 0.01610
0.95 0.01601
0.93 0.01589
0.92 0.01580
0.90 0.01572
0.89 0.01566
0.87 0.01561
0.86 0.01553
0.84 0.01547
0.82 0.01545
0.81 0.01540
0.79 0.01534
0.78 0.01526
0.76 0.01520
0.75 0.01513
0.73 0.01506
0.72 0.01500
0.70 0.01494
0.68 0.01487
0.67 0.01482
0.65 0.01477
0.64 0.01471
0.62 0.01467
0.61 0.01461
0.59 0.01456
0.58 0.01450
0.56 0.01444
0.54 0.01440
0.53 0.01433
0.51 0.01427
0.50 0.01420
0.48 0.01413
0.47 0.01405
0.45 0.01398
0.44 0.01390
0.42 0.01384
0.40 0.01375
0.39 0.01369
0.37 0.01362
0.36 0.01355
0.34 0.01347
0.33 0.01339
0.31 0.01331
0.30 0.01324
0.28 0.01316
0.26 0.01308
0.25 0.01300
0.23 0.01292
0.22 0.01284
0.20 0.01275
0.19 0.01266
0.17 0.01257
0.16 0.01248
0.14 0.01239
0.12 0.01230
0.11 0.01220
0.09 0.01210
0.08 0.01199
0.06 0.01189
0.05 0.01178
0.03 0.01167
0.02 0.01155
0.00 0.01140
0.49 0.01069
0.49 0.01089
0.48 0.01082
0.47 0.01094
0.47 0.01080
0.46 0.01072
0.46 0.01074
0.45 0.01069
0.44 0.01065
0.44 0.01060
0.43 0.01060
0.43 0.01061
0.42 0.01061
0.42 0.01061
0.41 0.01057
0.40 0.01052
0.40 0.01045
0.39 0.01039
0.39 0.01036
0.38 0.01033
0.37 0.01030
0.37 0.01026
0.36 0.01023
0.36 0.01017
0.35 0.01012
0.35 0.01006
0.34 0.01004
0.33 0.00998
0.33 0.00993
0.32 0.00990
0.32 0.00985
0.31 0.00981
0.30 0.00978
0.30 0.00975
0.29 0.00971
0.29 0.00967
0.28 0.00964
0.28 0.00960
0.27 0.00956
0.26 0.00952
0.26 0.00949
0.25 0.00945
0.25 0.00941
0.24 0.00938
0.23 0.00934
0.23 0.00930
0.22 0.00925
0.22 0.00921
0.21 0.00916
0.20 0.00911
0.20 0.00907
0.19 0.00903
0.19 0.00898
0.18 0.00894
0.18 0.00888
0.17 0.00884
0.16 0.00878
0.16 0.00874
0.15 0.00869
0.15 0.00865
0.14 0.00860
0.13 0.00855
0.13 0.00850
0.12 0.00845
0.12 0.00841
0.11 0.00836
0.11 0.00831
0.10 0.00826
0.09 0.00821
0.09 0.00816
0.08 0.00811
0.08 0.00805
0.07 0.00800
0.06 0.00794
0.06 0.00789
0.05 0.00783
0.05 0.00777
0.04 0.00771
0.04 0.00765
0.03 0.00758
0.02 0.00752
0.02 0.00746
0.01 0.00738
0.01 0.00731
0.00 0.00723
0.20 0.00666
0.19 0.00666
0.19 0.00659
0.19 0.00675
0.19 0.00680
0.19 0.00682
0.18 0.00687
0.18 0.00686
0.18 0.00680
0.18 0.00679
0.17 0.00674
0.17 0.00668
0.17 0.00664
0.17 0.00662
0.17 0.00658
0.16 0.00657
0.16 0.00655
0.16 0.00652
0.16 0.00649
0.15 0.00649
0.15 0.00646
0.15 0.00646
0.15 0.00644
0.15 0.00641
0.14 0.00640
0.14 0.00639
0.14 0.00638
0.14 0.00634
0.13 0.00632
0.13 0.00629
0.13 0.00628
0.13 0.00626
0.13 0.00623
0.12 0.00620
0.12 0.00618
0.12 0.00617
0.12 0.00615
0.11 0.00612
0.11 0.00609
0.11 0.00607
0.11 0.00605
0.11 0.00603
0.10 0.00600
0.10 0.00598
0.10 0.00596
0.10 0.00593
0.09 0.00591
0.09 0.00588
0.09 0.00585
0.09 0.00582
0.09 0.00580
0.08 0.00578
0.08 0.00574
0.08 0.00572
0.08 0.00569
0.08 0.00567
0.07 0.00565
0.07 0.00562
0.07 0.00560
0.07 0.00557
0.06 0.00555
0.06 0.00552
0.06 0.00549
0.06 0.00547
0.06 0.00544
0.05 0.00541
0.05 0.00539
0.05 0.00536
0.05 0.00533
0.04 0.00530
0.04 0.00528
0.04 0.00525
0.04 0.00523
0.04 0.00520
0.03 0.00517
0.03 0.00514
0.03 0.00510
0.03 0.00507
0.02 0.00504
0.02 0.00500
0.02 0.00497
0.02 0.00493
0.02 0.00490
0.01 0.00486
0.01 0.00482
0.01 0.00478
0.01 0.00474
0.00 0.00470
0.00 0.00465
0.00 0.00460
0.08 0.00454
0.08 0.00440
0.08 0.00431
0.08 0.00426
0.08 0.00428
0.07 0.00424
0.07 0.00423
0.07 0.00423
0.07 0.00427
0.07 0.00428
0.07 0.00427
0.07 0.00424
0.07 0.00424
0.07 0.00424
0.07 0.00424
0.07 0.00421
0.07 0.00421
0.06 0.00422
0.06 0.00419
0.06 0.00416
0.06 0.00415
0.06 0.00413
0.06 0.00412
0.06 0.00410
0.06 0.00409
0.06 0.00408
0.06 0.00406
0.06 0.00404
0.06 0.00402
0.05 0.00402
0.05 0.00400
0.05 0.00399
0.05 0.00398
0.05 0.00396
0.05 0.00394
0.05 0.00393
0.05 0.00391
0.05 0.00390
0.05 0.00389
0.05 0.00387
0.05 0.00386
0.04 0.00384
0.04 0.00383
0.04 0.00382
0.04 0.00381
0.04 0.00379
0.04 0.00378
0.04 0.00376
0.04 0.00375
0.04 0.00374
0.04 0.00372
0.04 0.00371
0.04 0.00369
0.03 0.00367
0.03 0.00366
0.03 0.00365
0.03 0.00363
0.03 0.00362
0.03 0.00361
0.03 0.00359
0.03 0.00357
0.03 0.00355
0.03 0.00353
0.03 0.00352
0.03 0.00351
0.02 0.00349
0.02 0.00348
0.02 0.00346
0.02 0.00344
0.02 0.00343
0.02 0.00341
0.02 0.00340
0.02 0.00338
0.02 0.00336
0.02 0.00334
0.02 0.00332
0.02 0.00331
0.01 0.00329
0.01 0.00327
0.01 0.00325
0.01 0.00324
0.01 0.00322
0.01 0.00320
0.01 0.00318
0.01 0.00316
0.01 0.00313
0.01 0.00311
0.01 0.00309
0.01 0.00307
0.00 0.00305
0.00 0.00302
0.00 0.00300
0.00 0.00297
0.00 0.00295
0.00 0.00292
0.00 0.01199
0.00 0.00809
0.00 0.00693
0.00 0.00602
0.00 0.00552
0.00 0.00526
0.00 0.00494
0.00 0.00464
0.00 0.00430
0.00 0.00416
0.00 0.00399
0.00 0.00382
0.00 0.00372
0.00 0.00359
0.00 0.00346
0.00 0.00337
0.00 0.00333
0.00 0.00323
0.00 0.00315
0.00 0.00305
0.00 0.00299
0.00 0.00291
0.00 0.00286
0.00 0.00282
0.00 0.00278
0.00 0.00273
0.00 0.00269
0.00 0.00266
0.00 0.00258
0.00 0.00256
0.00 0.00252
0.00 0.00248
0.00 0.00245
0.00 0.00242
0.00 0.00239
0.00 0.00235
0.00 0.00231
0.00 0.00229
0.00 0.00226
0.00 0.00223
0.00 0.00220
0.00 0.00219
0.00 0.00217
0.00 0.00216
0.00 0.00214
0.00 0.00212
0.00 0.00210
0.00 0.00208
0.00 0.00205
0.00 0.00203
0.00 0.00201
0.00 0.00200
0.00 0.00198
0.00 0.00196
0.00 0.00193
0.00 0.00192
0.00 0.00189
0.00 0.00187
0.00 0.00185
0.00 0.00183
0.00 0.00181
0.00 0.00180
0.00 0.00180
0.00 0.00179
0.00 0.00178
0.00 0.00176
0.00 0.00175
0.00 0.00174
0.00 0.00173
0.00 0.00173
0.00 0.00172
0.00 0.00172
0.00 0.00171
0.00 0.00170
0.00 0.00169
0.00 0.00168
0.00 0.00167
0.00 0.00166
0.00 0.00165
0.00 0.00163
0.00 0.00162
0.00 0.00161
0.00 0.00160
0.00 0.00160
0.00 0.00159
0.00 0.00159
0.00 0.00158
0.00 0.00158
0.00 0.00157
0.00 0.00156
0.00 0.00155
0.00 0.00154
0.00 0.00154
0.00 0.00153
0.00 0.00152
0.00 0.00152
0.00 0.00151
0.00 0.00150
0.00 0.00149
0.00 0.00148
