25.00 0.94395
22.22 0.94047
19.44 0.93218
16.67 0.93084
13.89 0.93039
11.11 0.92963
8.33 0.92771
5.56 0.92180
2.78 0.87898
0.00 0.79134
20.00 0.93280
17.78 0.93673
15.56 0.93557
13.33 0.93391
11.11 0.93067
8.89 0.92593
6.67 0.92127
4.44 0.91335
2.22 0.86506
0.00 0.77891
16.00 0.93375
14.22 0.93237
12.44 0.92640
10.67 0.92607
8.89 0.92277
7.11 0.91659
5.33 0.90638
3.56 0.88490
1.78 0.82921
0.00 0.74640
12.80 0.90640
11.38 0.91690
9.96 0.91787
8.53 0.91663
7.11 0.91557
5.69 0.91215
4.27 0.89349
2.84 0.84739
1.42 0.78924
0.00 0.71051
