150.00 0.90975
133.33 0.90622
116.67 0.90088
100.00 0.88525
83.33 0.85760
66.67 0.82483
50.00 0.78959
33.33 0.75421
16.67 0.70768
0.00 0.63704
120.00 0.86990
106.67 0.86172
93.33 0.83080
80.00 0.80136
66.67 0.77168
53.33 0.74240
40.00 0.71382
26.67 0.68053
13.33 0.63781
0.00 0.57413
96.00 0.74410
85.33 0.74852
74.67 0.75565
64.00 0.72866
53.33 0.70196
42.67 0.67541
32.00 0.64716
21.33 0.61491
10.67 0.57442
0.00 0.51712
76.80 0.67715
68.27 0.67330
59.73 0.65938
51.20 0.64431
42.67 0.62687
34.13 0.60629
25.60 0.58179
17.07 0.55221
8.53 0.51237
0.00 0.46128
