150.00 0.91845
133.33 0.91940
116.67 0.92125
100.00 0.91934
83.33 0.91082
66.67 0.90334
50.00 0.88909
33.33 0.85994
16.67 0.82361
0.00 0.74135
120.00 0.93070
106.67 0.92412
93.33 0.91083
80.00 0.90511
66.67 0.89135
53.33 0.87389
40.00 0.86199
26.67 0.83395
13.33 0.79558
0.00 0.71607
96.00 0.90575
85.33 0.89697
74.67 0.89508
64.00 0.89441
53.33 0.87687
42.67 0.85948
32.00 0.83115
21.33 0.80021
10.67 0.76059
0.00 0.68458
76.80 0.89165
68.27 0.88172
59.73 0.86563
51.20 0.85103
42.67 0.82810
34.13 0.80233
25.60 0.77653
17.07 0.74583
8.53 0.70876
0.00 0.63796
