300.00 0.49489
293.88 0.47095
287.76 0.46061
281.63 0.45245
275.51 0.44708
269.39 0.44427
263.27 0.44017
257.14 0.43680
251.02 0.43319
244.90 0.43056
238.78 0.42750
232.65 0.42372
226.53 0.42088
220.41 0.41795
214.29 0.41507
208.16 0.41161
202.04 0.40828
195.92 0.40525
189.80 0.40217
183.67 0.39896
177.55 0.39568
171.43 0.39250
165.31 0.38943
159.18 0.38618
153.06 0.38293
146.94 0.37955
140.82 0.37625
134.69 0.37283
128.57 0.36955
122.45 0.36616
116.33 0.36264
110.20 0.35908
104.08 0.35534
97.96 0.35171
91.84 0.34785
85.71 0.34400
79.59 0.33999
73.47 0.33601
67.35 0.33197
61.22 0.32794
55.10 0.32381
48.98 0.31951
42.86 0.31500
36.73 0.31046
30.61 0.30598
24.49 0.30143
18.37 0.29667
12.24 0.29200
6.12 0.28707
0.00 0.28137
120.00 0.25664
117.78 0.25968
115.56 0.25782
113.33 0.25668
111.11 0.25513
108.89 0.25337
106.67 0.25172
104.44 0.24967
102.22 0.24865
100.00 0.24691
97.78 0.24531
95.56 0.24380
93.33 0.24191
91.11 0.24013
88.89 0.23825
86.67 0.23667
84.44 0.23509
82.22 0.23334
80.00 0.23178
77.78 0.23002
75.56 0.22837
73.33 0.22632
71.11 0.22468
68.89 0.22277
66.67 0.22066
64.44 0.21863
62.22 0.21682
60.00 0.21498
57.78 0.21312
55.56 0.21130
53.33 0.20940
51.11 0.20740
48.89 0.20551
46.67 0.20353
44.44 0.20164
42.22 0.19957
40.00 0.19752
37.78 0.19556
35.56 0.19339
33.33 0.19141
31.11 0.18933
28.89 0.18732
26.67 0.18535
24.44 0.18321
22.22 0.18104
20.00 0.17879
17.78 0.17657
15.56 0.17429
13.33 0.17191
11.11 0.16955
8.89 0.16712
6.67 0.16465
4.44 0.16213
2.22 0.15954
0.00 0.15666
48.00 0.14594
47.19 0.14715
46.37 0.14560
45.56 0.14370
44.75 0.14169
43.93 0.14048
43.12 0.14024
42.31 0.13960
41.49 0.13915
40.68 0.13828
39.86 0.13639
39.05 0.13490
38.24 0.13379
37.42 0.13286
36.61 0.13181
35.80 0.13046
34.98 0.12989
34.17 0.12914
33.36 0.12860
32.54 0.12788
31.73 0.12718
30.92 0.12626
30.10 0.12527
29.29 0.12418
28.47 0.12311
27.66 0.12207
26.85 0.12112
26.03 0.12037
25.22 0.11953
24.41 0.11854
23.59 0.11751
22.78 0.11666
21.97 0.11584
21.15 0.11504
20.34 0.11437
19.53 0.11351
18.71 0.11257
17.90 0.11157
17.08 0.11044
16.27 0.10933
15.46 0.10830
14.64 0.10733
13.83 0.10640
13.02 0.10540
12.20 0.10428
11.39 0.10315
10.58 0.10209
9.76 0.10102
8.95 0.10001
8.14 0.09900
7.32 0.09803
6.51 0.09708
5.69 0.09613
4.88 0.09523
4.07 0.09421
3.25 0.09323
2.44 0.09220
1.63 0.09112
0.81 0.08994
0.00 0.08845
19.20 0.08505
18.90 0.08399
18.60 0.08430
18.30 0.08405
18.00 0.08363
17.70 0.08329
17.40 0.08247
17.10 0.08083
16.80 0.07921
16.50 0.07867
16.20 0.07768
15.90 0.07708
15.60 0.07602
15.30 0.07512
15.00 0.07429
14.70 0.07338
14.40 0.07272
14.10 0.07236
13.80 0.07183
13.50 0.07129
13.20 0.07076
12.90 0.07007
12.60 0.06957
12.30 0.06903
12.00 0.06863
11.70 0.06808
11.40 0.06746
11.10 0.06688
10.80 0.06631
10.50 0.06580
10.20 0.06526
9.90 0.06480
9.60 0.06437
9.30 0.06388
9.00 0.06361
8.70 0.06333
8.40 0.06294
8.10 0.06265
7.80 0.06243
7.50 0.06207
7.20 0.06180
6.90 0.06148
6.60 0.06098
6.30 0.06049
6.00 0.06003
5.70 0.05959
5.40 0.05913
5.10 0.05862
4.80 0.05811
4.50 0.05759
4.20 0.05708
3.90 0.05655
3.60 0.05604
3.30 0.05550
3.00 0.05496
2.70 0.05442
2.40 0.05388
2.10 0.05332
1.80 0.05277
1.50 0.05220
1.20 0.05159
0.90 0.05099
0.60 0.05038
0.30 0.04973
0.00 0.04898
7.68 0.04229
7.57 0.04209
7.46 0.04243
7.35 0.04240
7.23 0.04304
7.12 0.04332
7.01 0.04334
6.90 0.04314
6.79 0.04315
6.68 0.04386
6.57 0.04473
6.46 0.04519
6.34 0.04525
6.23 0.04494
6.12 0.04467
6.01 0.04441
5.90 0.04404
5.79 0.04369
5.68 0.04332
5.57 0.04298
5.45 0.04266
5.34 0.04226
5.23 0.04188
5.12 0.04162
5.01 0.04130
4.90 0.04100
4.79 0.04071
4.67 0.04040
4.56 0.04013
4.45 0.03985
4.34 0.03954
4.23 0.03929
4.12 0.03904
4.01 0.03883
3.90 0.03857
3.78 0.03832
3.67 0.03807
3.56 0.03780
3.45 0.03757
3.34 0.03735
3.23 0.03708
3.12 0.03682
3.01 0.03654
2.89 0.03629
2.78 0.03601
2.67 0.03574
2.56 0.03547
2.45 0.03521
2.34 0.03497
2.23 0.03472
2.11 0.03446
2.00 0.03420
1.89 0.03394
1.78 0.03368
1.67 0.03342
1.56 0.03314
1.45 0.03287
1.34 0.03259
1.22 0.03232
1.11 0.03204
1.00 0.03176
0.89 0.03147
0.78 0.03117
0.67 0.03087
0.56 0.03057
0.45 0.03024
0.33 0.02992
0.22 0.02958
0.11 0.02922
0.00 0.02881
3.07 0.02630
3.03 0.02582
2.99 0.02605
2.95 0.02590
2.91 0.02558
2.86 0.02550
2.82 0.02535
2.78 0.02526
2.74 0.02522
2.70 0.02524
2.66 0.02516
2.62 0.02500
2.57 0.02491
2.53 0.02495
2.49 0.02490
2.45 0.02477
2.41 0.02470
2.37 0.02459
2.32 0.02451
2.28 0.02440
2.24 0.02431
2.20 0.02422
2.16 0.02413
2.12 0.02406
2.08 0.02394
2.03 0.02385
1.99 0.02373
1.95 0.02364
1.91 0.02352
1.87 0.02342
1.83 0.02331
1.79 0.02319
1.74 0.02308
1.70 0.02294
1.66 0.02282
1.62 0.02271
1.58 0.02260
1.54 0.02248
1.49 0.02234
1.45 0.02223
1.41 0.02210
1.37 0.02196
1.33 0.02182
1.29 0.02171
1.25 0.02160
1.20 0.02148
1.16 0.02136
1.12 0.02124
1.08 0.02112
1.04 0.02099
1.00 0.02087
0.95 0.02074
0.91 0.02063
0.87 0.02050
0.83 0.02037
0.79 0.02023
0.75 0.02011
0.71 0.01997
0.66 0.01984
0.62 0.01969
0.58 0.01955
0.54 0.01940
0.50 0.01925
0.46 0.01912
0.42 0.01896
0.37 0.01881
0.33 0.01865
0.29 0.01849
0.25 0.01833
0.21 0.01816
0.17 0.01799
0.12 0.01780
0.08 0.01761
0.04 0.01742
0.00 0.01719
1.23 0.01648
1.21 0.01611
1.20 0.01588
1.18 0.01591
1.17 0.01593
1.15 0.01587
1.14 0.01573
1.12 0.01560
1.10 0.01554
1.09 0.01542
1.07 0.01533
1.06 0.01530
1.04 0.01532
1.03 0.01524
1.01 0.01517
1.00 0.01511
0.98 0.01507
0.96 0.01500
0.95 0.01494
0.93 0.01490
0.92 0.01485
0.90 0.01482
0.89 0.01475
0.87 0.01472
0.86 0.01465
0.84 0.01459
0.82 0.01454
0.81 0.01448
0.79 0.01440
0.78 0.01435
0.76 0.01429
0.75 0.01424
0.73 0.01417
0.72 0.01411
0.70 0.01406
0.68 0.01400
0.67 0.01395
0.65 0.01390
0.64 0.01385
0.62 0.01378
0.61 0.01373
0.59 0.01367
0.58 0.01360
0.56 0.01354
0.54 0.01347
0.53 0.01340
0.51 0.01334
0.50 0.01327
0.48 0.01320
0.47 0.01313
0.45 0.01306
0.44 0.01298
0.42 0.01291
0.40 0.01284
0.39 0.01276
0.37 0.01268
0.36 0.01261
0.34 0.01254
0.33 0.01246
0.31 0.01240
0.30 0.01232
0.28 0.01225
0.26 0.01219
0.25 0.01211
0.23 0.01203
0.22 0.01195
0.20 0.01187
0.19 0.01178
0.17 0.01170
0.16 0.01162
0.14 0.01153
0.12 0.01143
0.11 0.01134
0.09 0.01125
0.08 0.01115
0.06 0.01105
0.05 0.01095
0.03 0.01084
0.02 0.01073
0.00 0.01060
0.49 0.00977
0.49 0.00974
0.48 0.00979
0.47 0.00975
0.47 0.00975
0.46 0.00983
0.46 0.00979
0.45 0.00980
0.44 0.00978
0.44 0.00979
0.43 0.00977
0.43 0.00978
0.42 0.00972
0.42 0.00971
0.41 0.00967
0.40 0.00965
0.40 0.00964
0.39 0.00960
0.39 0.00957
0.38 0.00953
0.37 0.00946
0.37 0.00942
0.36 0.00940
0.36 0.00936
0.35 0.00932
0.35 0.00928
0.34 0.00925
0.33 0.00922
0.33 0.00918
0.32 0.00916
0.32 0.00913
0.31 0.00911
0.30 0.00907
0.30 0.00903
0.29 0.00898
0.29 0.00895
0.28 0.00892
0.28 0.00888
0.27 0.00885
0.26 0.00882
0.26 0.00879
0.25 0.00875
0.25 0.00870
0.24 0.00867
0.23 0.00863
0.23 0.00860
0.22 0.00857
0.22 0.00854
0.21 0.00851
0.20 0.00847
0.20 0.00843
0.19 0.00839
0.19 0.00835
0.18 0.00831
0.18 0.00828
0.17 0.00824
0.16 0.00819
0.16 0.00814
0.15 0.00809
0.15 0.00805
0.14 0.00801
0.13 0.00796
0.13 0.00792
0.12 0.00787
0.12 0.00783
0.11 0.00779
0.11 0.00774
0.10 0.00770
0.09 0.00765
0.09 0.00760
0.08 0.00755
0.08 0.00751
0.07 0.00745
0.06 0.00740
0.06 0.00734
0.05 0.00729
0.05 0.00724
0.04 0.00718
0.04 0.00713
0.03 0.00707
0.02 0.00701
0.02 0.00695
0.01 0.00688
0.01 0.00681
0.00 0.00673
0.20 0.00627
0.19 0.00613
0.19 0.00610
0.19 0.00611
0.19 0.00615
0.19 0.00615
0.18 0.00613
0.18 0.00611
0.18 0.00614
0.18 0.00613
0.17 0.00613
0.17 0.00614
0.17 0.00611
0.17 0.00609
0.17 0.00613
0.16 0.00608
0.16 0.00607
0.16 0.00605
0.16 0.00602
0.15 0.00601
0.15 0.00599
0.15 0.00598
0.15 0.00598
0.15 0.00598
0.14 0.00595
0.14 0.00593
0.14 0.00590
0.14 0.00588
0.13 0.00586
0.13 0.00585
0.13 0.00583
0.13 0.00580
0.13 0.00577
0.12 0.00576
0.12 0.00574
0.12 0.00571
0.12 0.00569
0.11 0.00567
0.11 0.00564
0.11 0.00562
0.11 0.00560
0.11 0.00557
0.10 0.00554
0.10 0.00552
0.10 0.00549
0.10 0.00545
0.09 0.00543
0.09 0.00540
0.09 0.00538
0.09 0.00535
0.09 0.00533
0.08 0.00531
0.08 0.00529
0.08 0.00526
0.08 0.00524
0.08 0.00521
0.07 0.00519
0.07 0.00517
0.07 0.00515
0.07 0.00513
0.06 0.00511
0.06 0.00508
0.06 0.00505
0.06 0.00503
0.06 0.00500
0.05 0.00497
0.05 0.00495
0.05 0.00492
0.05 0.00490
0.04 0.00488
0.04 0.00485
0.04 0.00482
0.04 0.00479
0.04 0.00476
0.03 0.00474
0.03 0.00471
0.03 0.00468
0.03 0.00464
0.02 0.00461
0.02 0.00458
0.02 0.00455
0.02 0.00452
0.02 0.00448
0.01 0.00445
0.01 0.00441
0.01 0.00438
0.01 0.00434
0.00 0.00430
0.00 0.00426
0.00 0.00421
0.08 0.00416
0.08 0.00427
0.08 0.00427
0.08 0.00414
0.08 0.00404
0.07 0.00403
0.07 0.00396
0.07 0.00393
0.07 0.00392
0.07 0.00390
0.07 0.00389
0.07 0.00389
0.07 0.00387
0.07 0.00387
0.07 0.00387
0.07 0.00387
0.07 0.00385
0.06 0.00386
0.06 0.00385
0.06 0.00383
0.06 0.00384
0.06 0.00383
0.06 0.00381
0.06 0.00381
0.06 0.00379
0.06 0.00378
0.06 0.00378
0.06 0.00376
0.06 0.00375
0.05 0.00373
0.05 0.00372
0.05 0.00371
0.05 0.00370
0.05 0.00368
0.05 0.00366
0.05 0.00366
0.05 0.00364
0.05 0.00363
0.05 0.00362
0.05 0.00360
0.05 0.00359
0.04 0.00358
0.04 0.00356
0.04 0.00355
0.04 0.00354
0.04 0.00353
0.04 0.00351
0.04 0.00349
0.04 0.00349
0.04 0.00348
0.04 0.00346
0.04 0.00344
0.04 0.00342
0.03 0.00341
0.03 0.00339
0.03 0.00338
0.03 0.00337
0.03 0.00335
0.03 0.00333
0.03 0.00331
0.03 0.00330
0.03 0.00328
0.03 0.00327
0.03 0.00326
0.03 0.00324
0.02 0.00323
0.02 0.00322
0.02 0.00321
0.02 0.00319
0.02 0.00318
0.02 0.00316
0.02 0.00315
0.02 0.00313
0.02 0.00312
0.02 0.00310
0.02 0.00308
0.02 0.00307
0.01 0.00305
0.01 0.00303
0.01 0.00301
0.01 0.00299
0.01 0.00297
0.01 0.00296
0.01 0.00294
0.01 0.00292
0.01 0.00290
0.01 0.00288
0.01 0.00286
0.01 0.00284
0.00 0.00282
0.00 0.00279
0.00 0.00277
0.00 0.00275
0.00 0.00272
0.00 0.00270
0.00 0.01197
0.00 0.00842
0.00 0.00670
0.00 0.00562
0.00 0.00488
0.00 0.00428
0.00 0.00389
0.00 0.00361
0.00 0.00346
0.00 0.00322
0.00 0.00303
0.00 0.00287
0.00 0.00275
0.00 0.00261
0.00 0.00250
0.00 0.00242
0.00 0.00235
0.00 0.00226
0.00 0.00217
0.00 0.00215
0.00 0.00212
0.00 0.00205
0.00 0.00199
0.00 0.00195
0.00 0.00189
0.00 0.00185
0.00 0.00179
0.00 0.00175
0.00 0.00172
0.00 0.00169
0.00 0.00165
0.00 0.00162
0.00 0.00158
0.00 0.00156
0.00 0.00153
0.00 0.00151
0.00 0.00148
0.00 0.00144
0.00 0.00142
0.00 0.00140
0.00 0.00138
0.00 0.00137
0.00 0.00135
0.00 0.00133
0.00 0.00132
0.00 0.00131
0.00 0.00129
0.00 0.00127
0.00 0.00126
0.00 0.00124
0.00 0.00123
0.00 0.00121
0.00 0.00119
0.00 0.00119
0.00 0.00119
0.00 0.00118
0.00 0.00117
0.00 0.00116
0.00 0.00115
0.00 0.00114
0.00 0.00114
0.00 0.00113
0.00 0.00111
0.00 0.00110
0.00 0.00109
0.00 0.00107
0.00 0.00107
0.00 0.00106
0.00 0.00105
0.00 0.00104
0.00 0.00104
0.00 0.00102
0.00 0.00102
0.00 0.00101
0.00 0.00101
0.00 0.00100
0.00 0.00099
0.00 0.00098
0.00 0.00097
0.00 0.00097
0.00 0.00096
0.00 0.00096
0.00 0.00095
0.00 0.00095
0.00 0.00094
0.00 0.00093
0.00 0.00092
0.00 0.00091
0.00 0.00091
0.00 0.00091
0.00 0.00090
0.00 0.00090
0.00 0.00089
0.00 0.00089
0.00 0.00089
0.00 0.00089
0.00 0.00088
0.00 0.00088
0.00 0.00087
0.00 0.00087
