25.00 0.94825
22.22 0.94235
19.44 0.94488
16.67 0.94300
13.89 0.94446
11.11 0.94450
8.33 0.94351
5.56 0.94021
2.78 0.92734
0.00 0.83495
20.00 0.94705
17.78 0.94403
15.56 0.94180
13.33 0.94134
11.11 0.94144
8.89 0.94022
6.67 0.93688
4.44 0.93427
2.22 0.91225
0.00 0.82115
16.00 0.95030
14.22 0.94558
12.44 0.94382
10.67 0.94212
8.89 0.94234
7.11 0.94070
5.33 0.93739
3.56 0.92851
1.78 0.88596
0.00 0.79753
12.80 0.94150
11.38 0.93988
9.96 0.94167
8.53 0.94209
7.11 0.93879
5.69 0.93683
4.27 0.93118
2.84 0.91341
1.42 0.87072
0.00 0.78375
