150.00 0.92635
133.33 0.92827
116.67 0.92893
100.00 0.92696
83.33 0.92425
66.67 0.92188
50.00 0.91594
33.33 0.89926
16.67 0.86215
0.00 0.77604
120.00 0.94110
106.67 0.93560
93.33 0.93130
80.00 0.92614
66.67 0.92286
53.33 0.91568
40.00 0.90225
26.67 0.87819
13.33 0.83929
0.00 0.75541
96.00 0.91500
85.33 0.91592
74.67 0.91445
64.00 0.91150
53.33 0.90167
42.67 0.89087
32.00 0.87085
21.33 0.84232
10.67 0.80351
0.00 0.72323
76.80 0.91060
68.27 0.90448
59.73 0.90452
51.20 0.89775
42.67 0.89064
34.13 0.88291
25.60 0.85491
17.07 0.82123
8.53 0.77906
0.00 0.70122
