300.00 0.57418
293.88 0.50743
287.76 0.48240
281.63 0.46810
275.51 0.45834
269.39 0.45193
263.27 0.44642
257.14 0.44197
251.02 0.43737
244.90 0.43320
238.78 0.42967
232.65 0.42625
226.53 0.42264
220.41 0.41914
214.29 0.41557
208.16 0.41165
202.04 0.40828
195.92 0.40478
189.80 0.40115
183.67 0.39745
177.55 0.39407
171.43 0.39056
165.31 0.38700
159.18 0.38351
153.06 0.37994
146.94 0.37618
140.82 0.37257
134.69 0.36874
128.57 0.36514
122.45 0.36145
116.33 0.35782
110.20 0.35381
104.08 0.34991
97.96 0.34610
91.84 0.34241
85.71 0.33853
79.59 0.33478
73.47 0.33086
67.35 0.32670
61.22 0.32256
55.10 0.31851
48.98 0.31404
42.86 0.30986
36.73 0.30524
30.61 0.30066
24.49 0.29611
18.37 0.29166
12.24 0.28698
6.12 0.28193
0.00 0.27631
120.00 0.24613
117.78 0.24992
115.56 0.24787
113.33 0.24736
111.11 0.24530
108.89 0.24414
106.67 0.24248
104.44 0.24079
102.22 0.23966
100.00 0.23764
97.78 0.23624
95.56 0.23445
93.33 0.23270
91.11 0.23102
88.89 0.22952
86.67 0.22758
84.44 0.22584
82.22 0.22391
80.00 0.22211
77.78 0.22024
75.56 0.21894
73.33 0.21717
71.11 0.21526
68.89 0.21341
66.67 0.21177
64.44 0.21021
62.22 0.20821
60.00 0.20639
57.78 0.20474
55.56 0.20366
53.33 0.20213
51.11 0.20064
48.89 0.19907
46.67 0.19748
44.44 0.19597
42.22 0.19469
40.00 0.19240
37.78 0.19042
35.56 0.18848
33.33 0.18623
31.11 0.18404
28.89 0.18215
26.67 0.18004
24.44 0.17778
22.22 0.17547
20.00 0.17320
17.78 0.17089
15.56 0.16857
13.33 0.16626
11.11 0.16397
8.89 0.16166
6.67 0.15930
4.44 0.15685
2.22 0.15434
0.00 0.15154
48.00 0.13840
47.19 0.14815
46.37 0.14336
45.56 0.13989
44.75 0.13904
43.93 0.13694
43.12 0.13489
42.31 0.13419
41.49 0.13279
40.68 0.13324
39.86 0.13188
39.05 0.13182
38.24 0.13064
37.42 0.12944
36.61 0.12828
35.80 0.12700
34.98 0.12573
34.17 0.12437
33.36 0.12356
32.54 0.12335
31.73 0.12366
30.92 0.12360
30.10 0.12259
29.29 0.12122
28.47 0.12004
27.66 0.11922
26.85 0.11857
26.03 0.11754
25.22 0.11641
24.41 0.11606
23.59 0.11574
22.78 0.11495
21.97 0.11439
21.15 0.11391
20.34 0.11320
19.53 0.11218
18.71 0.11107
17.90 0.10995
17.08 0.10879
16.27 0.10766
15.46 0.10668
14.64 0.10566
13.83 0.10481
13.02 0.10436
12.20 0.10346
11.39 0.10249
10.58 0.10160
9.76 0.10059
8.95 0.09940
8.14 0.09823
7.32 0.09714
6.51 0.09605
5.69 0.09494
4.88 0.09382
4.07 0.09267
3.25 0.09152
2.44 0.09033
1.63 0.08909
0.81 0.08781
0.00 0.08635
19.20 0.07533
18.90 0.07352
18.60 0.07455
18.30 0.07261
18.00 0.07110
17.70 0.07094
17.40 0.06994
17.10 0.06909
16.80 0.06831
16.50 0.06773
16.20 0.06744
15.90 0.06690
15.60 0.06638
15.30 0.06607
15.00 0.06585
14.70 0.06593
14.40 0.06574
14.10 0.06527
13.80 0.06481
13.50 0.06427
13.20 0.06376
12.90 0.06333
12.60 0.06295
12.30 0.06262
12.00 0.06217
11.70 0.06175
11.40 0.06212
11.10 0.06266
10.80 0.06279
10.50 0.06269
10.20 0.06235
9.90 0.06212
9.60 0.06208
9.30 0.06209
9.00 0.06174
8.70 0.06135
8.40 0.06120
8.10 0.06079
7.80 0.06030
7.50 0.05984
7.20 0.05935
6.90 0.05886
6.60 0.05833
6.30 0.05780
6.00 0.05732
5.70 0.05680
5.40 0.05628
5.10 0.05577
4.80 0.05526
4.50 0.05473
4.20 0.05421
3.90 0.05367
3.60 0.05314
3.30 0.05261
3.00 0.05208
2.70 0.05153
2.40 0.05099
2.10 0.05045
1.80 0.04990
1.50 0.04934
1.20 0.04877
0.90 0.04820
0.60 0.04759
0.30 0.04696
0.00 0.04624
7.68 0.03849
7.57 0.03903
7.46 0.03915
7.35 0.04018
7.23 0.04018
7.12 0.03967
7.01 0.03914
6.90 0.03870
6.79 0.03844
6.68 0.03831
6.57 0.03807
6.46 0.03799
6.34 0.03775
6.23 0.03765
6.12 0.03780
6.01 0.03802
5.90 0.03848
5.79 0.03998
5.68 0.04146
5.57 0.04285
5.45 0.04428
5.34 0.04546
5.23 0.04578
5.12 0.04622
5.01 0.04679
4.90 0.04744
4.79 0.04737
4.67 0.04785
4.56 0.04821
4.45 0.04860
4.34 0.04810
4.23 0.04762
4.12 0.04750
4.01 0.04760
3.90 0.04751
3.78 0.04722
3.67 0.04680
3.56 0.04635
3.45 0.04587
3.34 0.04540
3.23 0.04494
3.12 0.04451
3.01 0.04405
2.89 0.04361
2.78 0.04315
2.67 0.04272
2.56 0.04231
2.45 0.04191
2.34 0.04151
2.23 0.04110
2.11 0.04071
2.00 0.04030
1.89 0.03992
1.78 0.03957
1.67 0.03921
1.56 0.03884
1.45 0.03848
1.34 0.03810
1.22 0.03774
1.11 0.03737
1.00 0.03700
0.89 0.03662
0.78 0.03625
0.67 0.03587
0.56 0.03548
0.45 0.03509
0.33 0.03470
0.22 0.03429
0.11 0.03387
0.00 0.03339
3.07 0.02536
3.03 0.02509
2.99 0.02468
2.95 0.02448
2.91 0.02442
2.86 0.02453
2.82 0.02442
2.78 0.02445
2.74 0.02439
2.70 0.02438
2.66 0.02431
2.62 0.02415
2.57 0.02408
2.53 0.02391
2.49 0.02382
2.45 0.02372
2.41 0.02364
2.37 0.02355
2.32 0.02343
2.28 0.02338
2.24 0.02325
2.20 0.02316
2.16 0.02305
2.12 0.02294
2.08 0.02282
2.03 0.02269
1.99 0.02258
1.95 0.02244
1.91 0.02232
1.87 0.02222
1.83 0.02212
1.79 0.02202
1.74 0.02192
1.70 0.02180
1.66 0.02167
1.62 0.02155
1.58 0.02144
1.54 0.02131
1.49 0.02123
1.45 0.02113
1.41 0.02100
1.37 0.02089
1.33 0.02079
1.29 0.02069
1.25 0.02058
1.20 0.02048
1.16 0.02035
1.12 0.02023
1.08 0.02012
1.04 0.02000
1.00 0.01988
0.95 0.01977
0.91 0.01966
0.87 0.01952
0.83 0.01940
0.79 0.01928
0.75 0.01915
0.71 0.01902
0.66 0.01889
0.62 0.01876
0.58 0.01863
0.54 0.01849
0.50 0.01834
0.46 0.01820
0.42 0.01806
0.37 0.01791
0.33 0.01777
0.29 0.01762
0.25 0.01746
0.21 0.01730
0.17 0.01714
0.12 0.01696
0.08 0.01679
0.04 0.01661
0.00 0.01639
1.23 0.01559
1.21 0.01565
1.20 0.01545
1.18 0.01541
1.17 0.01531
1.15 0.01536
1.14 0.01525
1.12 0.01503
1.10 0.01497
1.09 0.01488
1.07 0.01484
1.06 0.01480
1.04 0.01472
1.03 0.01461
1.01 0.01458
1.00 0.01452
0.98 0.01448
0.96 0.01443
0.95 0.01437
0.93 0.01431
0.92 0.01428
0.90 0.01424
0.89 0.01417
0.87 0.01410
0.86 0.01405
0.84 0.01399
0.82 0.01392
0.81 0.01387
0.79 0.01379
0.78 0.01372
0.76 0.01367
0.75 0.01362
0.73 0.01357
0.72 0.01351
0.70 0.01346
0.68 0.01339
0.67 0.01333
0.65 0.01328
0.64 0.01321
0.62 0.01317
0.61 0.01312
0.59 0.01305
0.58 0.01299
0.56 0.01293
0.54 0.01286
0.53 0.01281
0.51 0.01275
0.50 0.01268
0.48 0.01261
0.47 0.01254
0.45 0.01247
0.44 0.01240
0.42 0.01234
0.40 0.01227
0.39 0.01220
0.37 0.01213
0.36 0.01206
0.34 0.01198
0.33 0.01191
0.31 0.01183
0.30 0.01175
0.28 0.01169
0.26 0.01162
0.25 0.01154
0.23 0.01147
0.22 0.01139
0.20 0.01132
0.19 0.01124
0.17 0.01116
0.16 0.01108
0.14 0.01099
0.12 0.01091
0.11 0.01082
0.09 0.01073
0.08 0.01063
0.06 0.01054
0.05 0.01044
0.03 0.01034
0.02 0.01023
0.00 0.01011
0.49 0.00951
0.49 0.00971
0.48 0.00969
0.47 0.00948
0.47 0.00941
0.46 0.00937
0.46 0.00933
0.45 0.00934
0.44 0.00931
0.44 0.00926
0.43 0.00924
0.43 0.00918
0.42 0.00917
0.42 0.00914
0.41 0.00912
0.40 0.00909
0.40 0.00904
0.39 0.00901
0.39 0.00898
0.38 0.00896
0.37 0.00893
0.37 0.00891
0.36 0.00887
0.36 0.00884
0.35 0.00880
0.35 0.00878
0.34 0.00874
0.33 0.00871
0.33 0.00869
0.32 0.00865
0.32 0.00862
0.31 0.00859
0.30 0.00855
0.30 0.00851
0.29 0.00849
0.29 0.00847
0.28 0.00843
0.28 0.00839
0.27 0.00835
0.26 0.00831
0.26 0.00828
0.25 0.00825
0.25 0.00822
0.24 0.00818
0.23 0.00814
0.23 0.00810
0.22 0.00806
0.22 0.00804
0.21 0.00801
0.20 0.00798
0.20 0.00794
0.19 0.00790
0.19 0.00785
0.18 0.00782
0.18 0.00778
0.17 0.00775
0.16 0.00770
0.16 0.00766
0.15 0.00762
0.15 0.00758
0.14 0.00754
0.13 0.00750
0.13 0.00746
0.12 0.00742
0.12 0.00738
0.11 0.00733
0.11 0.00729
0.10 0.00725
0.09 0.00720
0.09 0.00715
0.08 0.00711
0.08 0.00706
0.07 0.00701
0.06 0.00696
0.06 0.00691
0.05 0.00686
0.05 0.00681
0.04 0.00676
0.04 0.00671
0.03 0.00665
0.02 0.00660
0.02 0.00654
0.01 0.00648
0.01 0.00641
0.00 0.00634
0.20 0.00587
0.19 0.00577
0.19 0.00598
0.19 0.00602
0.19 0.00587
0.19 0.00581
0.18 0.00582
0.18 0.00580
0.18 0.00579
0.18 0.00579
0.17 0.00579
0.17 0.00580
0.17 0.00578
0.17 0.00578
0.17 0.00576
0.16 0.00571
0.16 0.00567
0.16 0.00563
0.16 0.00561
0.15 0.00561
0.15 0.00558
0.15 0.00557
0.15 0.00554
0.15 0.00552
0.14 0.00550
0.14 0.00548
0.14 0.00548
0.14 0.00547
0.13 0.00545
0.13 0.00543
0.13 0.00540
0.13 0.00539
0.13 0.00537
0.12 0.00535
0.12 0.00533
0.12 0.00531
0.12 0.00529
0.11 0.00527
0.11 0.00526
0.11 0.00524
0.11 0.00522
0.11 0.00520
0.10 0.00517
0.10 0.00514
0.10 0.00513
0.10 0.00510
0.09 0.00508
0.09 0.00506
0.09 0.00504
0.09 0.00502
0.09 0.00499
0.08 0.00497
0.08 0.00495
0.08 0.00492
0.08 0.00490
0.08 0.00488
0.07 0.00485
0.07 0.00483
0.07 0.00480
0.07 0.00478
0.06 0.00476
0.06 0.00473
0.06 0.00472
0.06 0.00469
0.06 0.00467
0.05 0.00464
0.05 0.00462
0.05 0.00459
0.05 0.00456
0.04 0.00453
0.04 0.00451
0.04 0.00449
0.04 0.00446
0.04 0.00444
0.03 0.00442
0.03 0.00439
0.03 0.00436
0.03 0.00433
0.02 0.00431
0.02 0.00428
0.02 0.00425
0.02 0.00422
0.02 0.00419
0.01 0.00415
0.01 0.00412
0.01 0.00409
0.01 0.00405
0.00 0.00402
0.00 0.00398
0.00 0.00394
0.08 0.00374
0.08 0.00380
0.08 0.00379
0.08 0.00369
0.08 0.00372
0.07 0.00366
0.07 0.00365
0.07 0.00364
0.07 0.00365
0.07 0.00365
0.07 0.00360
0.07 0.00360
0.07 0.00360
0.07 0.00358
0.07 0.00357
0.07 0.00356
0.07 0.00356
0.06 0.00356
0.06 0.00354
0.06 0.00355
0.06 0.00353
0.06 0.00353
0.06 0.00351
0.06 0.00350
0.06 0.00347
0.06 0.00347
0.06 0.00345
0.06 0.00343
0.06 0.00341
0.05 0.00340
0.05 0.00339
0.05 0.00339
0.05 0.00339
0.05 0.00339
0.05 0.00337
0.05 0.00337
0.05 0.00336
0.05 0.00335
0.05 0.00334
0.05 0.00333
0.05 0.00332
0.04 0.00332
0.04 0.00331
0.04 0.00330
0.04 0.00329
0.04 0.00328
0.04 0.00327
0.04 0.00326
0.04 0.00324
0.04 0.00323
0.04 0.00321
0.04 0.00319
0.04 0.00318
0.03 0.00317
0.03 0.00316
0.03 0.00315
0.03 0.00313
0.03 0.00312
0.03 0.00310
0.03 0.00309
0.03 0.00308
0.03 0.00307
0.03 0.00305
0.03 0.00304
0.03 0.00302
0.02 0.00301
0.02 0.00300
0.02 0.00298
0.02 0.00297
0.02 0.00295
0.02 0.00294
0.02 0.00292
0.02 0.00291
0.02 0.00289
0.02 0.00287
0.02 0.00286
0.02 0.00284
0.01 0.00282
0.01 0.00281
0.01 0.00279
0.01 0.00277
0.01 0.00276
0.01 0.00274
0.01 0.00272
0.01 0.00271
0.01 0.00269
0.01 0.00267
0.01 0.00265
0.01 0.00263
0.00 0.00261
0.00 0.00260
0.00 0.00258
0.00 0.00255
0.00 0.00253
0.00 0.00251
0.00 0.00346
0.00 0.00199
0.00 0.00159
0.00 0.00136
0.00 0.00116
0.00 0.00098
0.00 0.00085
0.00 0.00080
0.00 0.00073
0.00 0.00068
0.00 0.00067
0.00 0.00065
0.00 0.00060
0.00 0.00058
0.00 0.00055
0.00 0.00053
0.00 0.00050
0.00 0.00049
0.00 0.00048
0.00 0.00046
0.00 0.00044
0.00 0.00042
0.00 0.00041
0.00 0.00039
0.00 0.00038
0.00 0.00038
0.00 0.00036
0.00 0.00035
0.00 0.00034
0.00 0.00033
0.00 0.00032
0.00 0.00031
0.00 0.00030
0.00 0.00029
0.00 0.00029
0.00 0.00029
0.00 0.00028
0.00 0.00027
0.00 0.00027
0.00 0.00026
0.00 0.00026
0.00 0.00025
0.00 0.00025
0.00 0.00025
0.00 0.00024
0.00 0.00024
0.00 0.00023
0.00 0.00023
0.00 0.00022
0.00 0.00022
0.00 0.00021
0.00 0.00021
0.00 0.00021
0.00 0.00020
0.00 0.00020
0.00 0.00020
0.00 0.00019
0.00 0.00019
0.00 0.00019
0.00 0.00018
0.00 0.00018
0.00 0.00018
0.00 0.00017
0.00 0.00017
0.00 0.00017
0.00 0.00017
0.00 0.00016
0.00 0.00016
0.00 0.00016
0.00 0.00016
0.00 0.00016
0.00 0.00015
0.00 0.00015
0.00 0.00015
0.00 0.00015
0.00 0.00015
0.00 0.00014
0.00 0.00014
0.00 0.00014
0.00 0.00014
0.00 0.00014
0.00 0.00014
0.00 0.00014
0.00 0.00014
0.00 0.00013
0.00 0.00013
0.00 0.00013
0.00 0.00013
0.00 0.00013
0.00 0.00013
0.00 0.00013
0.00 0.00013
0.00 0.00012
0.00 0.00012
0.00 0.00012
0.00 0.00012
0.00 0.00012
0.00 0.00012
0.00 0.00012
0.00 0.00012
