300.00 0.51594
293.88 0.49021
287.76 0.47504
281.63 0.46576
275.51 0.46087
269.39 0.45526
263.27 0.45024
257.14 0.44643
251.02 0.44290
244.90 0.43971
238.78 0.43555
232.65 0.43155
226.53 0.42805
220.41 0.42470
214.29 0.42121
208.16 0.41784
202.04 0.41470
195.92 0.41111
189.80 0.40780
183.67 0.40391
177.55 0.40038
171.43 0.39689
165.31 0.39339
159.18 0.38959
153.06 0.38611
146.94 0.38251
140.82 0.37886
134.69 0.37509
128.57 0.37131
122.45 0.36761
116.33 0.36406
110.20 0.36041
104.08 0.35675
97.96 0.35279
91.84 0.34900
85.71 0.34491
79.59 0.34096
73.47 0.33672
67.35 0.33270
61.22 0.32849
55.10 0.32420
48.98 0.32003
42.86 0.31539
36.73 0.31105
30.61 0.30631
24.49 0.30187
18.37 0.29693
12.24 0.29189
6.12 0.28668
0.00 0.28096
120.00 0.25529
117.78 0.25562
115.56 0.25261
113.33 0.25039
111.11 0.24922
108.89 0.24773
106.67 0.24574
104.44 0.24471
102.22 0.24264
100.00 0.24033
97.78 0.23971
95.56 0.23786
93.33 0.23656
91.11 0.23432
88.89 0.23252
86.67 0.23102
84.44 0.22902
82.22 0.22731
80.00 0.22572
77.78 0.22365
75.56 0.22193
73.33 0.22013
71.11 0.21852
68.89 0.21707
66.67 0.21502
64.44 0.21355
62.22 0.21190
60.00 0.20986
57.78 0.20839
55.56 0.20641
53.33 0.20440
51.11 0.20256
48.89 0.20040
46.67 0.19849
44.44 0.19633
42.22 0.19466
40.00 0.19289
37.78 0.19111
35.56 0.18964
33.33 0.18800
31.11 0.18592
28.89 0.18392
26.67 0.18181
24.44 0.17960
22.22 0.17750
20.00 0.17540
17.78 0.17323
15.56 0.17111
13.33 0.16915
11.11 0.16728
8.89 0.16501
6.67 0.16256
4.44 0.16006
2.22 0.15752
0.00 0.15467
48.00 0.15018
47.19 0.14844
46.37 0.14427
45.56 0.14294
44.75 0.14407
43.93 0.14475
43.12 0.14198
42.31 0.14095
41.49 0.13889
40.68 0.13661
39.86 0.13491
39.05 0.13472
38.24 0.13526
37.42 0.13361
36.61 0.13217
35.80 0.13072
34.98 0.12941
34.17 0.12818
33.36 0.12667
32.54 0.12549
31.73 0.12491
30.92 0.12366
30.10 0.12263
29.29 0.12237
28.47 0.12124
27.66 0.12010
26.85 0.11898
26.03 0.11771
25.22 0.11695
24.41 0.11612
23.59 0.11552
22.78 0.11450
21.97 0.11380
21.15 0.11269
20.34 0.11153
19.53 0.11040
18.71 0.10926
17.90 0.10829
17.08 0.10725
16.27 0.10616
15.46 0.10541
14.64 0.10469
13.83 0.10382
13.02 0.10279
12.20 0.10165
11.39 0.10051
10.58 0.09938
9.76 0.09825
8.95 0.09713
8.14 0.09602
7.32 0.09490
6.51 0.09375
5.69 0.09262
4.88 0.09149
4.07 0.09036
3.25 0.08920
2.44 0.08803
1.63 0.08682
0.81 0.08557
0.00 0.08415
19.20 0.06887
18.90 0.07697
18.60 0.07489
18.30 0.07712
18.00 0.08030
17.70 0.08113
17.40 0.08190
17.10 0.08092
16.80 0.08121
16.50 0.08186
16.20 0.08186
15.90 0.08018
15.60 0.07850
15.30 0.07735
15.00 0.07624
14.70 0.07563
14.40 0.07558
14.10 0.07521
13.80 0.07464
13.50 0.07466
13.20 0.07462
12.90 0.07412
12.60 0.07344
12.30 0.07274
12.00 0.07260
11.70 0.07264
11.40 0.07243
11.10 0.07313
10.80 0.07288
10.50 0.07282
10.20 0.07219
9.90 0.07245
9.60 0.07212
9.30 0.07201
9.00 0.07197
8.70 0.07168
8.40 0.07114
8.10 0.07044
7.80 0.06976
7.50 0.06902
7.20 0.06831
6.90 0.06757
6.60 0.06693
6.30 0.06627
6.00 0.06557
5.70 0.06487
5.40 0.06421
5.10 0.06354
4.80 0.06286
4.50 0.06220
4.20 0.06156
3.90 0.06091
3.60 0.06025
3.30 0.05960
3.00 0.05894
2.70 0.05830
2.40 0.05766
2.10 0.05701
1.80 0.05636
1.50 0.05570
1.20 0.05503
0.90 0.05435
0.60 0.05366
0.30 0.05293
0.00 0.05212
7.68 0.03781
7.57 0.03939
7.46 0.03965
7.35 0.03948
7.23 0.03928
7.12 0.03906
7.01 0.03903
6.90 0.04032
6.79 0.04240
6.68 0.04248
6.57 0.04406
6.46 0.04594
6.34 0.04746
6.23 0.04810
6.12 0.04835
6.01 0.04789
5.90 0.04749
5.79 0.04701
5.68 0.04664
5.57 0.04636
5.45 0.04612
5.34 0.04582
5.23 0.04554
5.12 0.04528
5.01 0.04495
4.90 0.04455
4.79 0.04417
4.67 0.04401
4.56 0.04415
4.45 0.04439
4.34 0.04479
4.23 0.04533
4.12 0.04561
4.01 0.04580
3.90 0.04604
3.78 0.04615
3.67 0.04609
3.56 0.04591
3.45 0.04586
3.34 0.04596
3.23 0.04599
3.12 0.04590
3.01 0.04582
2.89 0.04565
2.78 0.04537
2.67 0.04520
2.56 0.04496
2.45 0.04476
2.34 0.04444
2.23 0.04407
2.11 0.04367
2.00 0.04332
1.89 0.04298
1.78 0.04265
1.67 0.04233
1.56 0.04201
1.45 0.04168
1.34 0.04134
1.22 0.04102
1.11 0.04066
1.00 0.04029
0.89 0.03994
0.78 0.03956
0.67 0.03918
0.56 0.03880
0.45 0.03841
0.33 0.03800
0.22 0.03758
0.11 0.03713
0.00 0.03661
3.07 0.03706
3.03 0.03692
2.99 0.03609
2.95 0.03544
2.91 0.03549
2.86 0.03648
2.82 0.03669
2.78 0.03667
2.74 0.03657
2.70 0.03643
2.66 0.03598
2.62 0.03558
2.57 0.03500
2.53 0.03454
2.49 0.03398
2.45 0.03348
2.41 0.03302
2.37 0.03262
2.32 0.03231
2.28 0.03201
2.24 0.03170
2.20 0.03142
2.16 0.03117
2.12 0.03095
2.08 0.03078
2.03 0.03062
1.99 0.03049
1.95 0.03035
1.91 0.03019
1.87 0.03004
1.83 0.02984
1.79 0.02965
1.74 0.02946
1.70 0.02925
1.66 0.02903
1.62 0.02880
1.58 0.02854
1.54 0.02827
1.49 0.02802
1.45 0.02778
1.41 0.02753
1.37 0.02729
1.33 0.02704
1.29 0.02682
1.25 0.02659
1.20 0.02636
1.16 0.02613
1.12 0.02591
1.08 0.02570
1.04 0.02549
1.00 0.02528
0.95 0.02507
0.91 0.02486
0.87 0.02466
0.83 0.02446
0.79 0.02426
0.75 0.02407
0.71 0.02387
0.66 0.02368
0.62 0.02349
0.58 0.02328
0.54 0.02308
0.50 0.02288
0.46 0.02268
0.42 0.02247
0.37 0.02227
0.33 0.02206
0.29 0.02185
0.25 0.02164
0.21 0.02143
0.17 0.02121
0.12 0.02099
0.08 0.02076
0.04 0.02052
0.00 0.02025
1.23 0.01672
1.21 0.01664
1.20 0.01665
1.18 0.01656
1.17 0.01639
1.15 0.01653
1.14 0.01645
1.12 0.01629
1.10 0.01622
1.09 0.01613
1.07 0.01609
1.06 0.01598
1.04 0.01582
1.03 0.01574
1.01 0.01564
1.00 0.01552
0.98 0.01541
0.96 0.01537
0.95 0.01530
0.93 0.01520
0.92 0.01512
0.90 0.01504
0.89 0.01497
0.87 0.01488
0.86 0.01483
0.84 0.01476
0.82 0.01469
0.81 0.01462
0.79 0.01457
0.78 0.01450
0.76 0.01441
0.75 0.01435
0.73 0.01427
0.72 0.01421
0.70 0.01415
0.68 0.01409
0.67 0.01401
0.65 0.01395
0.64 0.01389
0.62 0.01381
0.61 0.01375
0.59 0.01370
0.58 0.01363
0.56 0.01358
0.54 0.01352
0.53 0.01345
0.51 0.01338
0.50 0.01331
0.48 0.01324
0.47 0.01317
0.45 0.01310
0.44 0.01302
0.42 0.01295
0.40 0.01289
0.39 0.01282
0.37 0.01276
0.36 0.01268
0.34 0.01261
0.33 0.01254
0.31 0.01246
0.30 0.01238
0.28 0.01230
0.26 0.01222
0.25 0.01215
0.23 0.01207
0.22 0.01198
0.20 0.01191
0.19 0.01183
0.17 0.01174
0.16 0.01166
0.14 0.01157
0.12 0.01148
0.11 0.01139
0.09 0.01129
0.08 0.01120
0.06 0.01110
0.05 0.01100
0.03 0.01089
0.02 0.01078
0.00 0.01064
0.49 0.00998
0.49 0.00985
0.48 0.00998
0.47 0.00985
0.47 0.00986
0.46 0.00988
0.46 0.00982
0.45 0.00976
0.44 0.00976
0.44 0.00974
0.43 0.00973
0.43 0.00968
0.42 0.00967
0.42 0.00967
0.41 0.00967
0.40 0.00963
0.40 0.00960
0.39 0.00958
0.39 0.00957
0.38 0.00955
0.37 0.00951
0.37 0.00950
0.36 0.00946
0.36 0.00943
0.35 0.00938
0.35 0.00936
0.34 0.00931
0.33 0.00927
0.33 0.00926
0.32 0.00923
0.32 0.00918
0.31 0.00914
0.30 0.00908
0.30 0.00906
0.29 0.00903
0.29 0.00900
0.28 0.00896
0.28 0.00894
0.27 0.00890
0.26 0.00886
0.26 0.00883
0.25 0.00879
0.25 0.00875
0.24 0.00872
0.23 0.00867
0.23 0.00864
0.22 0.00859
0.22 0.00855
0.21 0.00852
0.20 0.00847
0.20 0.00843
0.19 0.00839
0.19 0.00835
0.18 0.00830
0.18 0.00827
0.17 0.00823
0.16 0.00819
0.16 0.00814
0.15 0.00811
0.15 0.00806
0.14 0.00801
0.13 0.00796
0.13 0.00791
0.12 0.00787
0.12 0.00782
0.11 0.00778
0.11 0.00772
0.10 0.00768
0.09 0.00763
0.09 0.00759
0.08 0.00754
0.08 0.00748
0.07 0.00743
0.06 0.00738
0.06 0.00733
0.05 0.00727
0.05 0.00722
0.04 0.00716
0.04 0.00711
0.03 0.00705
0.02 0.00699
0.02 0.00693
0.01 0.00687
0.01 0.00680
0.00 0.00672
0.20 0.00601
0.19 0.00617
0.19 0.00614
0.19 0.00611
0.19 0.00618
0.19 0.00617
0.18 0.00616
0.18 0.00618
0.18 0.00616
0.18 0.00620
0.17 0.00623
0.17 0.00621
0.17 0.00623
0.17 0.00616
0.17 0.00615
0.16 0.00612
0.16 0.00609
0.16 0.00606
0.16 0.00603
0.15 0.00599
0.15 0.00598
0.15 0.00596
0.15 0.00593
0.15 0.00591
0.14 0.00587
0.14 0.00585
0.14 0.00582
0.14 0.00580
0.13 0.00579
0.13 0.00578
0.13 0.00575
0.13 0.00572
0.13 0.00571
0.12 0.00569
0.12 0.00567
0.12 0.00565
0.12 0.00563
0.11 0.00560
0.11 0.00558
0.11 0.00555
0.11 0.00553
0.11 0.00552
0.10 0.00551
0.10 0.00548
0.10 0.00546
0.10 0.00544
0.09 0.00542
0.09 0.00540
0.09 0.00537
0.09 0.00535
0.09 0.00533
0.08 0.00530
0.08 0.00528
0.08 0.00525
0.08 0.00523
0.08 0.00521
0.07 0.00519
0.07 0.00517
0.07 0.00514
0.07 0.00511
0.06 0.00509
0.06 0.00507
0.06 0.00505
0.06 0.00502
0.06 0.00500
0.05 0.00497
0.05 0.00494
0.05 0.00492
0.05 0.00490
0.04 0.00487
0.04 0.00484
0.04 0.00481
0.04 0.00479
0.04 0.00476
0.03 0.00474
0.03 0.00471
0.03 0.00468
0.03 0.00465
0.02 0.00462
0.02 0.00458
0.02 0.00455
0.02 0.00452
0.02 0.00449
0.01 0.00445
0.01 0.00442
0.01 0.00438
0.01 0.00435
0.00 0.00431
0.00 0.00426
0.00 0.00422
0.08 0.00388
0.08 0.00396
0.08 0.00388
0.08 0.00391
0.08 0.00390
0.07 0.00395
0.07 0.00393
0.07 0.00390
0.07 0.00385
0.07 0.00382
0.07 0.00379
0.07 0.00380
0.07 0.00377
0.07 0.00377
0.07 0.00377
0.07 0.00374
0.07 0.00373
0.06 0.00373
0.06 0.00371
0.06 0.00371
0.06 0.00371
0.06 0.00371
0.06 0.00369
0.06 0.00368
0.06 0.00368
0.06 0.00367
0.06 0.00367
0.06 0.00366
0.06 0.00365
0.05 0.00363
0.05 0.00363
0.05 0.00362
0.05 0.00360
0.05 0.00359
0.05 0.00358
0.05 0.00357
0.05 0.00355
0.05 0.00354
0.05 0.00353
0.05 0.00351
0.05 0.00350
0.04 0.00348
0.04 0.00347
0.04 0.00346
0.04 0.00344
0.04 0.00343
0.04 0.00341
0.04 0.00340
0.04 0.00339
0.04 0.00337
0.04 0.00336
0.04 0.00335
0.04 0.00334
0.03 0.00333
0.03 0.00331
0.03 0.00330
0.03 0.00329
0.03 0.00328
0.03 0.00327
0.03 0.00325
0.03 0.00324
0.03 0.00322
0.03 0.00321
0.03 0.00319
0.03 0.00318
0.02 0.00317
0.02 0.00315
0.02 0.00314
0.02 0.00312
0.02 0.00311
0.02 0.00310
0.02 0.00308
0.02 0.00307
0.02 0.00305
0.02 0.00304
0.02 0.00302
0.02 0.00301
0.01 0.00299
0.01 0.00297
0.01 0.00296
0.01 0.00294
0.01 0.00292
0.01 0.00291
0.01 0.00289
0.01 0.00287
0.01 0.00285
0.01 0.00283
0.01 0.00281
0.01 0.00279
0.00 0.00277
0.00 0.00275
0.00 0.00273
0.00 0.00271
0.00 0.00268
0.00 0.00266
0.00 0.00147
0.00 0.00120
0.00 0.00117
0.00 0.00104
0.00 0.00093
0.00 0.00082
0.00 0.00073
0.00 0.00070
0.00 0.00064
0.00 0.00061
0.00 0.00058
0.00 0.00057
0.00 0.00057
0.00 0.00054
0.00 0.00051
0.00 0.00048
0.00 0.00047
0.00 0.00046
0.00 0.00044
0.00 0.00043
0.00 0.00041
0.00 0.00042
0.00 0.00040
0.00 0.00039
0.00 0.00037
0.00 0.00036
0.00 0.00035
0.00 0.00034
0.00 0.00033
0.00 0.00032
0.00 0.00031
0.00 0.00030
0.00 0.00031
0.00 0.00030
0.00 0.00030
0.00 0.00029
0.00 0.00028
0.00 0.00028
0.00 0.00027
0.00 0.00026
0.00 0.00026
0.00 0.00026
0.00 0.00027
0.00 0.00027
0.00 0.00026
0.00 0.00026
0.00 0.00026
0.00 0.00026
0.00 0.00025
0.00 0.00025
0.00 0.00024
0.00 0.00025
0.00 0.00025
0.00 0.00025
0.00 0.00024
0.00 0.00024
0.00 0.00024
0.00 0.00024
0.00 0.00024
0.00 0.00023
0.00 0.00023
0.00 0.00022
0.00 0.00022
0.00 0.00022
0.00 0.00021
0.00 0.00022
0.00 0.00021
0.00 0.00022
0.00 0.00022
0.00 0.00021
0.00 0.00021
0.00 0.00021
0.00 0.00021
0.00 0.00021
0.00 0.00021
0.00 0.00021
0.00 0.00021
0.00 0.00020
0.00 0.00020
0.00 0.00020
0.00 0.00020
0.00 0.00019
0.00 0.00019
0.00 0.00019
0.00 0.00019
0.00 0.00019
0.00 0.00019
0.00 0.00019
0.00 0.00019
0.00 0.00018
0.00 0.00018
0.00 0.00018
0.00 0.00018
0.00 0.00018
0.00 0.00017
0.00 0.00017
0.00 0.00017
0.00 0.00017
0.00 0.00017
0.00 0.00017
