300.00 0.49306
293.88 0.46947
287.76 0.45976
281.63 0.45356
275.51 0.44905
269.39 0.44400
263.27 0.44095
257.14 0.43828
251.02 0.43553
244.90 0.43257
238.78 0.42938
232.65 0.42645
226.53 0.42338
220.41 0.41985
214.29 0.41653
208.16 0.41369
202.04 0.41068
195.92 0.40738
189.80 0.40438
183.67 0.40123
177.55 0.39814
171.43 0.39456
165.31 0.39103
159.18 0.38773
153.06 0.38441
146.94 0.38105
140.82 0.37757
134.69 0.37409
128.57 0.37075
122.45 0.36689
116.33 0.36314
110.20 0.35933
104.08 0.35554
97.96 0.35162
91.84 0.34775
85.71 0.34380
79.59 0.33991
73.47 0.33594
67.35 0.33181
61.22 0.32772
55.10 0.32340
48.98 0.31900
42.86 0.31442
36.73 0.30985
30.61 0.30531
24.49 0.30070
18.37 0.29602
12.24 0.29125
6.12 0.28642
0.00 0.28073
120.00 0.26376
117.78 0.26084
115.56 0.25873
113.33 0.25727
111.11 0.25504
108.89 0.25233
106.67 0.25075
104.44 0.24878
102.22 0.24688
100.00 0.24466
97.78 0.24272
95.56 0.24063
93.33 0.23913
91.11 0.23692
88.89 0.23554
86.67 0.23420
84.44 0.23246
82.22 0.23071
80.00 0.22914
77.78 0.22738
75.56 0.22572
73.33 0.22395
71.11 0.22227
68.89 0.22061
66.67 0.21886
64.44 0.21725
62.22 0.21533
60.00 0.21337
57.78 0.21135
55.56 0.20949
53.33 0.20763
51.11 0.20570
48.89 0.20384
46.67 0.20189
44.44 0.19997
42.22 0.19798
40.00 0.19605
37.78 0.19425
35.56 0.19218
33.33 0.19014
31.11 0.18804
28.89 0.18591
26.67 0.18380
24.44 0.18162
22.22 0.17940
20.00 0.17718
17.78 0.17488
15.56 0.17267
13.33 0.17043
11.11 0.16817
8.89 0.16586
6.67 0.16349
4.44 0.16106
2.22 0.15854
0.00 0.15568
48.00 0.14151
47.19 0.13986
46.37 0.13930
45.56 0.13810
44.75 0.13706
43.93 0.13543
43.12 0.13452
42.31 0.13302
41.49 0.13223
40.68 0.13126
39.86 0.13026
39.05 0.12914
38.24 0.12858
37.42 0.12767
36.61 0.12680
35.80 0.12624
34.98 0.12525
34.17 0.12400
33.36 0.12268
32.54 0.12167
31.73 0.12080
30.92 0.12009
30.10 0.11919
29.29 0.11858
28.47 0.11787
27.66 0.11723
26.85 0.11644
26.03 0.11579
25.22 0.11488
24.41 0.11418
23.59 0.11351
22.78 0.11299
21.97 0.11232
21.15 0.11181
20.34 0.11097
19.53 0.11021
18.71 0.10960
17.90 0.10890
17.08 0.10820
16.27 0.10729
15.46 0.10639
14.64 0.10559
13.83 0.10476
13.02 0.10396
12.20 0.10307
11.39 0.10215
10.58 0.10115
9.76 0.10012
8.95 0.09914
8.14 0.09823
7.32 0.09724
6.51 0.09628
5.69 0.09535
4.88 0.09442
4.07 0.09344
3.25 0.09244
2.44 0.09135
1.63 0.09018
0.81 0.08894
0.00 0.08747
19.20 0.08748
18.90 0.08571
18.60 0.08529
18.30 0.08393
18.00 0.08283
17.70 0.08247
17.40 0.08150
17.10 0.08094
16.80 0.08019
16.50 0.07986
16.20 0.07932
15.90 0.07928
15.60 0.07881
15.30 0.07848
15.00 0.07793
14.70 0.07727
14.40 0.07642
14.10 0.07553
13.80 0.07478
13.50 0.07419
13.20 0.07358
12.90 0.07314
12.60 0.07248
12.30 0.07184
12.00 0.07155
11.70 0.07127
11.40 0.07084
11.10 0.07038
10.80 0.06994
10.50 0.06940
10.20 0.06892
9.90 0.06835
9.60 0.06781
9.30 0.06728
9.00 0.06668
8.70 0.06613
8.40 0.06559
8.10 0.06510
7.80 0.06453
7.50 0.06398
7.20 0.06343
6.90 0.06291
6.60 0.06238
6.30 0.06185
6.00 0.06134
5.70 0.06084
5.40 0.06034
5.10 0.05983
4.80 0.05933
4.50 0.05886
4.20 0.05838
3.90 0.05790
3.60 0.05743
3.30 0.05693
3.00 0.05637
2.70 0.05583
2.40 0.05531
2.10 0.05478
1.80 0.05426
1.50 0.05371
1.20 0.05312
0.90 0.05253
0.60 0.05192
0.30 0.05125
0.00 0.05048
7.68 0.04817
7.57 0.04917
7.46 0.04842
7.35 0.04854
7.23 0.04843
7.12 0.04791
7.01 0.04815
6.90 0.04845
6.79 0.04817
6.68 0.04771
6.57 0.04726
6.46 0.04674
6.34 0.04637
6.23 0.04610
6.12 0.04591
6.01 0.04568
5.90 0.04557
5.79 0.04559
5.68 0.04527
5.57 0.04502
5.45 0.04478
5.34 0.04460
5.23 0.04447
5.12 0.04418
5.01 0.04390
4.90 0.04362
4.79 0.04345
4.67 0.04322
4.56 0.04297
4.45 0.04274
4.34 0.04256
4.23 0.04240
4.12 0.04228
4.01 0.04210
3.90 0.04190
3.78 0.04168
3.67 0.04142
3.56 0.04117
3.45 0.04101
3.34 0.04083
3.23 0.04062
3.12 0.04039
3.01 0.04021
2.89 0.04005
2.78 0.03985
2.67 0.03962
2.56 0.03941
2.45 0.03916
2.34 0.03893
2.23 0.03870
2.11 0.03845
2.00 0.03820
1.89 0.03793
1.78 0.03765
1.67 0.03737
1.56 0.03709
1.45 0.03681
1.34 0.03652
1.22 0.03622
1.11 0.03590
1.00 0.03559
0.89 0.03528
0.78 0.03497
0.67 0.03465
0.56 0.03433
0.45 0.03399
0.33 0.03364
0.22 0.03326
0.11 0.03285
0.00 0.03239
3.07 0.03151
3.03 0.03134
2.99 0.03023
2.95 0.03032
2.91 0.03022
2.86 0.03008
2.82 0.03011
2.78 0.02997
2.74 0.02972
2.70 0.02944
2.66 0.02922
2.62 0.02906
2.57 0.02900
2.53 0.02896
2.49 0.02889
2.45 0.02894
2.41 0.02885
2.37 0.02876
2.32 0.02866
2.28 0.02850
2.24 0.02838
2.20 0.02830
2.16 0.02822
2.12 0.02810
2.08 0.02802
2.03 0.02791
1.99 0.02781
1.95 0.02774
1.91 0.02769
1.87 0.02755
1.83 0.02744
1.79 0.02731
1.74 0.02720
1.70 0.02708
1.66 0.02693
1.62 0.02684
1.58 0.02672
1.54 0.02658
1.49 0.02645
1.45 0.02630
1.41 0.02614
1.37 0.02601
1.33 0.02587
1.29 0.02569
1.25 0.02555
1.20 0.02542
1.16 0.02530
1.12 0.02515
1.08 0.02500
1.04 0.02487
1.00 0.02473
0.95 0.02460
0.91 0.02446
0.87 0.02431
0.83 0.02416
0.79 0.02402
0.75 0.02387
0.71 0.02372
0.66 0.02356
0.62 0.02340
0.58 0.02324
0.54 0.02307
0.50 0.02290
0.46 0.02273
0.42 0.02256
0.37 0.02239
0.33 0.02221
0.29 0.02203
0.25 0.02184
0.21 0.02164
0.17 0.02144
0.12 0.02123
0.08 0.02102
0.04 0.02078
0.00 0.02051
1.23 0.02051
1.21 0.02060
1.20 0.02028
1.18 0.02013
1.17 0.01996
1.15 0.01970
1.14 0.01957
1.12 0.01940
1.10 0.01923
1.09 0.01916
1.07 0.01908
1.06 0.01901
1.04 0.01891
1.03 0.01884
1.01 0.01870
1.00 0.01859
0.98 0.01847
0.96 0.01840
0.95 0.01835
0.93 0.01827
0.92 0.01823
0.90 0.01815
0.89 0.01809
0.87 0.01801
0.86 0.01795
0.84 0.01791
0.82 0.01785
0.81 0.01779
0.79 0.01774
0.78 0.01769
0.76 0.01766
0.75 0.01761
0.73 0.01755
0.72 0.01747
0.70 0.01739
0.68 0.01734
0.67 0.01727
0.65 0.01721
0.64 0.01714
0.62 0.01706
0.61 0.01699
0.59 0.01691
0.58 0.01685
0.56 0.01677
0.54 0.01667
0.53 0.01659
0.51 0.01651
0.50 0.01644
0.48 0.01636
0.47 0.01627
0.45 0.01618
0.44 0.01609
0.42 0.01601
0.40 0.01592
0.39 0.01583
0.37 0.01574
0.36 0.01564
0.34 0.01556
0.33 0.01546
0.31 0.01537
0.30 0.01527
0.28 0.01519
0.26 0.01510
0.25 0.01500
0.23 0.01490
0.22 0.01480
0.20 0.01470
0.19 0.01460
0.17 0.01450
0.16 0.01439
0.14 0.01429
0.12 0.01417
0.11 0.01406
0.09 0.01394
0.08 0.01382
0.06 0.01370
0.05 0.01357
0.03 0.01344
0.02 0.01330
0.00 0.01314
0.49 0.01266
0.49 0.01251
0.48 0.01267
0.47 0.01260
0.47 0.01249
0.46 0.01237
0.46 0.01227
0.45 0.01217
0.44 0.01220
0.44 0.01217
0.43 0.01216
0.43 0.01215
0.42 0.01214
0.42 0.01213
0.41 0.01210
0.40 0.01209
0.40 0.01209
0.39 0.01208
0.39 0.01205
0.38 0.01204
0.37 0.01200
0.37 0.01195
0.36 0.01195
0.36 0.01192
0.35 0.01188
0.35 0.01184
0.34 0.01179
0.33 0.01175
0.33 0.01172
0.32 0.01168
0.32 0.01163
0.31 0.01157
0.30 0.01153
0.30 0.01148
0.29 0.01142
0.29 0.01137
0.28 0.01131
0.28 0.01126
0.27 0.01119
0.26 0.01113
0.26 0.01108
0.25 0.01103
0.25 0.01099
0.24 0.01095
0.23 0.01089
0.23 0.01084
0.22 0.01079
0.22 0.01074
0.21 0.01069
0.20 0.01063
0.20 0.01058
0.19 0.01053
0.19 0.01048
0.18 0.01043
0.18 0.01038
0.17 0.01032
0.16 0.01027
0.16 0.01021
0.15 0.01015
0.15 0.01010
0.14 0.01004
0.13 0.01000
0.13 0.00994
0.12 0.00987
0.12 0.00981
0.11 0.00976
0.11 0.00970
0.10 0.00964
0.09 0.00958
0.09 0.00952
0.08 0.00945
0.08 0.00939
0.07 0.00933
0.06 0.00927
0.06 0.00920
0.05 0.00913
0.05 0.00906
0.04 0.00899
0.04 0.00891
0.03 0.00884
0.02 0.00876
0.02 0.00869
0.01 0.00860
0.01 0.00852
0.00 0.00842
0.20 0.00811
0.19 0.00808
0.19 0.00815
0.19 0.00799
0.19 0.00792
0.19 0.00792
0.18 0.00777
0.18 0.00777
0.18 0.00778
0.18 0.00776
0.17 0.00768
0.17 0.00766
0.17 0.00762
0.17 0.00761
0.17 0.00757
0.16 0.00755
0.16 0.00752
0.16 0.00751
0.16 0.00747
0.15 0.00743
0.15 0.00739
0.15 0.00737
0.15 0.00735
0.15 0.00734
0.14 0.00732
0.14 0.00729
0.14 0.00726
0.14 0.00724
0.13 0.00722
0.13 0.00720
0.13 0.00717
0.13 0.00714
0.13 0.00711
0.12 0.00709
0.12 0.00707
0.12 0.00705
0.12 0.00702
0.11 0.00700
0.11 0.00697
0.11 0.00695
0.11 0.00693
0.11 0.00690
0.10 0.00687
0.10 0.00683
0.10 0.00681
0.10 0.00678
0.09 0.00675
0.09 0.00673
0.09 0.00671
0.09 0.00669
0.09 0.00666
0.08 0.00664
0.08 0.00661
0.08 0.00658
0.08 0.00655
0.08 0.00653
0.07 0.00649
0.07 0.00646
0.07 0.00644
0.07 0.00641
0.06 0.00638
0.06 0.00635
0.06 0.00632
0.06 0.00629
0.06 0.00625
0.05 0.00622
0.05 0.00618
0.05 0.00615
0.05 0.00611
0.04 0.00608
0.04 0.00605
0.04 0.00601
0.04 0.00598
0.04 0.00594
0.03 0.00591
0.03 0.00587
0.03 0.00584
0.03 0.00580
0.02 0.00576
0.02 0.00572
0.02 0.00568
0.02 0.00564
0.02 0.00560
0.01 0.00555
0.01 0.00551
0.01 0.00546
0.01 0.00542
0.00 0.00537
0.00 0.00532
0.00 0.00526
0.08 0.00514
0.08 0.00500
0.08 0.00504
0.08 0.00506
0.08 0.00503
0.07 0.00504
0.07 0.00503
0.07 0.00503
0.07 0.00497
0.07 0.00497
0.07 0.00492
0.07 0.00492
0.07 0.00489
0.07 0.00485
0.07 0.00481
0.07 0.00481
0.07 0.00479
0.06 0.00476
0.06 0.00474
0.06 0.00472
0.06 0.00470
0.06 0.00469
0.06 0.00466
0.06 0.00465
0.06 0.00463
0.06 0.00460
0.06 0.00459
0.06 0.00457
0.06 0.00456
0.05 0.00455
0.05 0.00454
0.05 0.00452
0.05 0.00450
0.05 0.00449
0.05 0.00447
0.05 0.00445
0.05 0.00444
0.05 0.00442
0.05 0.00441
0.05 0.00440
0.05 0.00438
0.04 0.00437
0.04 0.00436
0.04 0.00435
0.04 0.00433
0.04 0.00432
0.04 0.00430
0.04 0.00429
0.04 0.00427
0.04 0.00425
0.04 0.00424
0.04 0.00423
0.04 0.00420
0.03 0.00418
0.03 0.00416
0.03 0.00415
0.03 0.00413
0.03 0.00411
0.03 0.00409
0.03 0.00407
0.03 0.00405
0.03 0.00404
0.03 0.00401
0.03 0.00400
0.03 0.00398
0.02 0.00396
0.02 0.00394
0.02 0.00392
0.02 0.00390
0.02 0.00389
0.02 0.00387
0.02 0.00385
0.02 0.00382
0.02 0.00381
0.02 0.00379
0.02 0.00377
0.02 0.00375
0.01 0.00373
0.01 0.00371
0.01 0.00369
0.01 0.00367
0.01 0.00364
0.01 0.00362
0.01 0.00360
0.01 0.00357
0.01 0.00355
0.01 0.00352
0.01 0.00350
0.01 0.00347
0.00 0.00345
0.00 0.00342
0.00 0.00339
0.00 0.00337
0.00 0.00334
0.00 0.00330
0.00 0.01179
0.00 0.00800
0.00 0.00618
0.00 0.00505
0.00 0.00454
0.00 0.00413
0.00 0.00386
0.00 0.00354
0.00 0.00337
0.00 0.00327
0.00 0.00310
0.00 0.00294
0.00 0.00285
0.00 0.00274
0.00 0.00267
0.00 0.00258
0.00 0.00249
0.00 0.00241
0.00 0.00232
0.00 0.00229
0.00 0.00220
0.00 0.00216
0.00 0.00211
0.00 0.00206
0.00 0.00202
0.00 0.00198
0.00 0.00194
0.00 0.00190
0.00 0.00186
0.00 0.00182
0.00 0.00179
0.00 0.00175
0.00 0.00172
0.00 0.00170
0.00 0.00166
0.00 0.00163
0.00 0.00161
0.00 0.00158
0.00 0.00157
0.00 0.00155
0.00 0.00154
0.00 0.00154
0.00 0.00153
0.00 0.00153
0.00 0.00152
0.00 0.00150
0.00 0.00150
0.00 0.00149
0.00 0.00147
0.00 0.00145
0.00 0.00144
0.00 0.00143
0.00 0.00143
0.00 0.00142
0.00 0.00140
0.00 0.00139
0.00 0.00139
0.00 0.00137
0.00 0.00137
0.00 0.00136
0.00 0.00134
0.00 0.00133
0.00 0.00131
0.00 0.00130
0.00 0.00129
0.00 0.00128
0.00 0.00127
0.00 0.00126
0.00 0.00125
0.00 0.00124
0.00 0.00124
0.00 0.00123
0.00 0.00122
0.00 0.00121
0.00 0.00120
0.00 0.00120
0.00 0.00119
0.00 0.00118
0.00 0.00117
0.00 0.00116
0.00 0.00116
0.00 0.00115
0.00 0.00114
0.00 0.00114
0.00 0.00113
0.00 0.00113
0.00 0.00112
0.00 0.00111
0.00 0.00111
0.00 0.00110
0.00 0.00109
0.00 0.00108
0.00 0.00108
0.00 0.00107
0.00 0.00107
0.00 0.00107
0.00 0.00107
0.00 0.00106
0.00 0.00106
0.00 0.00106
