150.00 0.94935
133.33 0.94815
116.67 0.94962
100.00 0.95094
83.33 0.95035
66.67 0.95037
50.00 0.95184
33.33 0.95195
16.67 0.95223
0.00 0.85718
120.00 0.95500
106.67 0.95337
93.33 0.95318
80.00 0.95150
66.67 0.95181
53.33 0.95217
40.00 0.95135
26.67 0.95196
13.33 0.95125
0.00 0.85659
96.00 0.95360
85.33 0.95052
74.67 0.95015
64.00 0.95079
53.33 0.95179
42.67 0.95351
32.00 0.95382
21.33 0.95313
10.67 0.95247
0.00 0.85733
76.80 0.95250
68.27 0.95168
59.73 0.95472
51.20 0.95361
42.67 0.95427
34.13 0.95458
25.60 0.95481
17.07 0.95411
8.53 0.95426
0.00 0.85904
