300.00 0.45952
293.88 0.45437
287.76 0.44902
281.63 0.44355
275.51 0.44111
269.39 0.43849
263.27 0.43595
257.14 0.43293
251.02 0.42947
244.90 0.42631
238.78 0.42405
232.65 0.42125
226.53 0.41829
220.41 0.41559
214.29 0.41276
208.16 0.40989
202.04 0.40684
195.92 0.40396
189.80 0.40101
183.67 0.39759
177.55 0.39455
171.43 0.39117
165.31 0.38801
159.18 0.38495
153.06 0.38181
146.94 0.37876
140.82 0.37554
134.69 0.37220
128.57 0.36886
122.45 0.36536
116.33 0.36170
110.20 0.35810
104.08 0.35433
97.96 0.35061
91.84 0.34699
85.71 0.34317
79.59 0.33927
73.47 0.33525
67.35 0.33123
61.22 0.32701
55.10 0.32286
48.98 0.31856
42.86 0.31434
36.73 0.30999
30.61 0.30556
24.49 0.30095
18.37 0.29631
12.24 0.29167
6.12 0.28681
0.00 0.28111
120.00 0.26268
117.78 0.25862
115.56 0.25648
113.33 0.25514
111.11 0.25270
108.89 0.25105
106.67 0.24970
104.44 0.24839
102.22 0.24732
100.00 0.24545
97.78 0.24370
95.56 0.24248
93.33 0.24091
91.11 0.23938
88.89 0.23770
86.67 0.23570
84.44 0.23375
82.22 0.23242
80.00 0.23053
77.78 0.22859
75.56 0.22654
73.33 0.22461
71.11 0.22270
68.89 0.22084
66.67 0.21879
64.44 0.21694
62.22 0.21519
60.00 0.21327
57.78 0.21132
55.56 0.20935
53.33 0.20752
51.11 0.20566
48.89 0.20376
46.67 0.20175
44.44 0.19964
42.22 0.19750
40.00 0.19547
37.78 0.19351
35.56 0.19158
33.33 0.18964
31.11 0.18756
28.89 0.18539
26.67 0.18318
24.44 0.18097
22.22 0.17887
20.00 0.17671
17.78 0.17459
15.56 0.17227
13.33 0.16989
11.11 0.16751
8.89 0.16517
6.67 0.16278
4.44 0.16034
2.22 0.15777
0.00 0.15493
48.00 0.13672
47.19 0.13719
46.37 0.13713
45.56 0.13697
44.75 0.13651
43.93 0.13597
43.12 0.13529
42.31 0.13418
41.49 0.13394
40.68 0.13360
39.86 0.13258
39.05 0.13150
38.24 0.13069
37.42 0.12964
36.61 0.12873
35.80 0.12790
34.98 0.12702
34.17 0.12589
33.36 0.12561
32.54 0.12478
31.73 0.12382
30.92 0.12293
30.10 0.12202
29.29 0.12094
28.47 0.11983
27.66 0.11897
26.85 0.11799
26.03 0.11712
25.22 0.11624
24.41 0.11550
23.59 0.11461
22.78 0.11374
21.97 0.11275
21.15 0.11178
20.34 0.11065
19.53 0.10978
18.71 0.10882
17.90 0.10790
17.08 0.10696
16.27 0.10614
15.46 0.10532
14.64 0.10467
13.83 0.10378
13.02 0.10282
12.20 0.10186
11.39 0.10097
10.58 0.10006
9.76 0.09916
8.95 0.09821
8.14 0.09716
7.32 0.09615
6.51 0.09508
5.69 0.09401
4.88 0.09293
4.07 0.09186
3.25 0.09076
2.44 0.08962
1.63 0.08844
0.81 0.08721
0.00 0.08577
19.20 0.08090
18.90 0.08135
18.60 0.08272
18.30 0.08344
18.00 0.08318
17.70 0.08221
17.40 0.08119
17.10 0.07925
16.80 0.07748
16.50 0.07605
16.20 0.07483
15.90 0.07403
15.60 0.07363
15.30 0.07307
15.00 0.07242
14.70 0.07185
14.40 0.07137
14.10 0.07075
13.80 0.07007
13.50 0.06964
13.20 0.06928
12.90 0.06908
12.60 0.06892
12.30 0.06847
12.00 0.06801
11.70 0.06757
11.40 0.06704
11.10 0.06670
10.80 0.06622
10.50 0.06566
10.20 0.06515
9.90 0.06470
9.60 0.06431
9.30 0.06387
9.00 0.06361
8.70 0.06324
8.40 0.06285
8.10 0.06245
7.80 0.06208
7.50 0.06170
7.20 0.06129
6.90 0.06081
6.60 0.06037
6.30 0.05994
6.00 0.05945
5.70 0.05896
5.40 0.05847
5.10 0.05796
4.80 0.05745
4.50 0.05694
4.20 0.05642
3.90 0.05591
3.60 0.05540
3.30 0.05490
3.00 0.05437
2.70 0.05384
2.40 0.05331
2.10 0.05276
1.80 0.05219
1.50 0.05163
1.20 0.05106
0.90 0.05047
0.60 0.04984
0.30 0.04920
0.00 0.04845
7.68 0.04340
7.57 0.04269
7.46 0.04284
7.35 0.04278
7.23 0.04261
7.12 0.04216
7.01 0.04190
6.90 0.04176
6.79 0.04170
6.68 0.04154
6.57 0.04141
6.46 0.04106
6.34 0.04079
6.23 0.04058
6.12 0.04041
6.01 0.04018
5.90 0.03994
5.79 0.03983
5.68 0.03963
5.57 0.03947
5.45 0.03926
5.34 0.03913
5.23 0.03896
5.12 0.03880
5.01 0.03865
4.90 0.03844
4.79 0.03829
4.67 0.03810
4.56 0.03789
4.45 0.03765
4.34 0.03743
4.23 0.03722
4.12 0.03707
4.01 0.03690
3.90 0.03672
3.78 0.03657
3.67 0.03640
3.56 0.03630
3.45 0.03619
3.34 0.03604
3.23 0.03584
3.12 0.03567
3.01 0.03545
2.89 0.03521
2.78 0.03497
2.67 0.03472
2.56 0.03452
2.45 0.03429
2.34 0.03406
2.23 0.03384
2.11 0.03360
2.00 0.03336
1.89 0.03311
1.78 0.03286
1.67 0.03260
1.56 0.03234
1.45 0.03208
1.34 0.03182
1.22 0.03154
1.11 0.03127
1.00 0.03100
0.89 0.03072
0.78 0.03044
0.67 0.03015
0.56 0.02984
0.45 0.02955
0.33 0.02923
0.22 0.02889
0.11 0.02854
0.00 0.02815
3.07 0.02588
3.03 0.02611
2.99 0.02590
2.95 0.02609
2.91 0.02610
2.86 0.02607
2.82 0.02600
2.78 0.02584
2.74 0.02576
2.70 0.02575
2.66 0.02562
2.62 0.02556
2.57 0.02545
2.53 0.02533
2.49 0.02518
2.45 0.02509
2.41 0.02504
2.37 0.02497
2.32 0.02491
2.28 0.02478
2.24 0.02464
2.20 0.02449
2.16 0.02436
2.12 0.02423
2.08 0.02413
2.03 0.02399
1.99 0.02387
1.95 0.02378
1.91 0.02367
1.87 0.02357
1.83 0.02346
1.79 0.02336
1.74 0.02325
1.70 0.02314
1.66 0.02304
1.62 0.02293
1.58 0.02284
1.54 0.02269
1.49 0.02257
1.45 0.02244
1.41 0.02234
1.37 0.02222
1.33 0.02211
1.29 0.02197
1.25 0.02185
1.20 0.02172
1.16 0.02161
1.12 0.02148
1.08 0.02136
1.04 0.02124
1.00 0.02110
0.95 0.02097
0.91 0.02083
0.87 0.02071
0.83 0.02059
0.79 0.02044
0.75 0.02031
0.71 0.02018
0.66 0.02004
0.62 0.01990
0.58 0.01975
0.54 0.01961
0.50 0.01945
0.46 0.01930
0.42 0.01915
0.37 0.01900
0.33 0.01884
0.29 0.01869
0.25 0.01853
0.21 0.01836
0.17 0.01819
0.12 0.01800
0.08 0.01781
0.04 0.01761
0.00 0.01739
1.23 0.01702
1.21 0.01706
1.20 0.01692
1.18 0.01654
1.17 0.01648
1.15 0.01642
1.14 0.01642
1.12 0.01632
1.10 0.01616
1.09 0.01610
1.07 0.01602
1.06 0.01598
1.04 0.01591
1.03 0.01588
1.01 0.01585
1.00 0.01572
0.98 0.01564
0.96 0.01559
0.95 0.01550
0.93 0.01547
0.92 0.01540
0.90 0.01533
0.89 0.01522
0.87 0.01515
0.86 0.01510
0.84 0.01503
0.82 0.01496
0.81 0.01490
0.79 0.01484
0.78 0.01477
0.76 0.01470
0.75 0.01465
0.73 0.01459
0.72 0.01453
0.70 0.01445
0.68 0.01439
0.67 0.01432
0.65 0.01424
0.64 0.01418
0.62 0.01411
0.61 0.01406
0.59 0.01400
0.58 0.01393
0.56 0.01386
0.54 0.01379
0.53 0.01372
0.51 0.01365
0.50 0.01359
0.48 0.01352
0.47 0.01344
0.45 0.01337
0.44 0.01331
0.42 0.01324
0.40 0.01317
0.39 0.01309
0.37 0.01302
0.36 0.01294
0.34 0.01287
0.33 0.01279
0.31 0.01271
0.30 0.01263
0.28 0.01255
0.26 0.01246
0.25 0.01238
0.23 0.01230
0.22 0.01221
0.20 0.01214
0.19 0.01204
0.17 0.01196
0.16 0.01188
0.14 0.01179
0.12 0.01169
0.11 0.01160
0.09 0.01151
0.08 0.01140
0.06 0.01131
0.05 0.01120
0.03 0.01109
0.02 0.01098
0.00 0.01084
0.49 0.00970
0.49 0.00988
0.48 0.01000
0.47 0.01000
0.47 0.01006
0.46 0.01000
0.46 0.00996
0.45 0.00996
0.44 0.00994
0.44 0.01000
0.43 0.00997
0.43 0.00997
0.42 0.00991
0.42 0.00985
0.41 0.00981
0.40 0.00975
0.40 0.00970
0.39 0.00967
0.39 0.00965
0.38 0.00963
0.37 0.00959
0.37 0.00956
0.36 0.00954
0.36 0.00952
0.35 0.00948
0.35 0.00944
0.34 0.00941
0.33 0.00938
0.33 0.00935
0.32 0.00932
0.32 0.00928
0.31 0.00923
0.30 0.00919
0.30 0.00917
0.29 0.00914
0.29 0.00911
0.28 0.00908
0.28 0.00904
0.27 0.00900
0.26 0.00897
0.26 0.00893
0.25 0.00891
0.25 0.00889
0.24 0.00885
0.23 0.00882
0.23 0.00878
0.22 0.00874
0.22 0.00870
0.21 0.00866
0.20 0.00862
0.20 0.00857
0.19 0.00854
0.19 0.00850
0.18 0.00845
0.18 0.00841
0.17 0.00837
0.16 0.00832
0.16 0.00828
0.15 0.00824
0.15 0.00819
0.14 0.00814
0.13 0.00810
0.13 0.00805
0.12 0.00801
0.12 0.00796
0.11 0.00792
0.11 0.00788
0.10 0.00783
0.09 0.00778
0.09 0.00774
0.08 0.00769
0.08 0.00764
0.07 0.00759
0.06 0.00754
0.06 0.00749
0.05 0.00743
0.05 0.00738
0.04 0.00732
0.04 0.00726
0.03 0.00720
0.02 0.00714
0.02 0.00708
0.01 0.00701
0.01 0.00694
0.00 0.00686
0.20 0.00661
0.19 0.00664
0.19 0.00661
0.19 0.00647
0.19 0.00642
0.19 0.00639
0.18 0.00642
0.18 0.00640
0.18 0.00635
0.18 0.00634
0.17 0.00631
0.17 0.00628
0.17 0.00628
0.17 0.00627
0.17 0.00627
0.16 0.00624
0.16 0.00623
0.16 0.00620
0.16 0.00619
0.15 0.00619
0.15 0.00619
0.15 0.00614
0.15 0.00614
0.15 0.00611
0.14 0.00608
0.14 0.00607
0.14 0.00605
0.14 0.00602
0.13 0.00600
0.13 0.00599
0.13 0.00597
0.13 0.00597
0.13 0.00595
0.12 0.00591
0.12 0.00589
0.12 0.00587
0.12 0.00583
0.11 0.00582
0.11 0.00580
0.11 0.00577
0.11 0.00576
0.11 0.00574
0.10 0.00573
0.10 0.00571
0.10 0.00568
0.10 0.00566
0.09 0.00563
0.09 0.00561
0.09 0.00559
0.09 0.00557
0.09 0.00554
0.08 0.00551
0.08 0.00549
0.08 0.00546
0.08 0.00543
0.08 0.00541
0.07 0.00538
0.07 0.00535
0.07 0.00532
0.07 0.00530
0.06 0.00527
0.06 0.00525
0.06 0.00522
0.06 0.00520
0.06 0.00517
0.05 0.00514
0.05 0.00512
0.05 0.00509
0.05 0.00506
0.04 0.00503
0.04 0.00500
0.04 0.00497
0.04 0.00494
0.04 0.00492
0.03 0.00489
0.03 0.00486
0.03 0.00483
0.03 0.00480
0.02 0.00477
0.02 0.00473
0.02 0.00470
0.02 0.00466
0.02 0.00463
0.01 0.00460
0.01 0.00456
0.01 0.00452
0.01 0.00449
0.00 0.00445
0.00 0.00441
0.00 0.00436
0.08 0.00398
0.08 0.00415
0.08 0.00423
0.08 0.00426
0.08 0.00424
0.07 0.00419
0.07 0.00421
0.07 0.00420
0.07 0.00418
0.07 0.00415
0.07 0.00412
0.07 0.00411
0.07 0.00410
0.07 0.00406
0.07 0.00404
0.07 0.00402
0.07 0.00397
0.06 0.00395
0.06 0.00394
0.06 0.00393
0.06 0.00392
0.06 0.00392
0.06 0.00393
0.06 0.00392
0.06 0.00391
0.06 0.00391
0.06 0.00388
0.06 0.00387
0.06 0.00385
0.05 0.00385
0.05 0.00383
0.05 0.00381
0.05 0.00379
0.05 0.00378
0.05 0.00376
0.05 0.00374
0.05 0.00373
0.05 0.00372
0.05 0.00371
0.05 0.00369
0.05 0.00368
0.04 0.00366
0.04 0.00364
0.04 0.00362
0.04 0.00361
0.04 0.00359
0.04 0.00358
0.04 0.00357
0.04 0.00356
0.04 0.00355
0.04 0.00354
0.04 0.00352
0.04 0.00351
0.03 0.00349
0.03 0.00349
0.03 0.00348
0.03 0.00346
0.03 0.00345
0.03 0.00343
0.03 0.00342
0.03 0.00340
0.03 0.00338
0.03 0.00337
0.03 0.00335
0.03 0.00334
0.02 0.00332
0.02 0.00330
0.02 0.00329
0.02 0.00327
0.02 0.00325
0.02 0.00323
0.02 0.00322
0.02 0.00320
0.02 0.00318
0.02 0.00317
0.02 0.00315
0.02 0.00313
0.01 0.00312
0.01 0.00310
0.01 0.00308
0.01 0.00306
0.01 0.00304
0.01 0.00302
0.01 0.00301
0.01 0.00299
0.01 0.00297
0.01 0.00294
0.01 0.00292
0.01 0.00290
0.00 0.00288
0.00 0.00286
0.00 0.00284
0.00 0.00281
0.00 0.00279
0.00 0.00276
0.00 0.01287
0.00 0.00954
0.00 0.00787
0.00 0.00685
0.00 0.00633
0.00 0.00571
0.00 0.00515
0.00 0.00477
0.00 0.00438
0.00 0.00411
0.00 0.00385
0.00 0.00365
0.00 0.00350
0.00 0.00338
0.00 0.00330
0.00 0.00322
0.00 0.00312
0.00 0.00302
0.00 0.00292
0.00 0.00284
0.00 0.00275
0.00 0.00265
0.00 0.00261
0.00 0.00255
0.00 0.00248
0.00 0.00241
0.00 0.00236
0.00 0.00232
0.00 0.00228
0.00 0.00223
0.00 0.00216
0.00 0.00210
0.00 0.00205
0.00 0.00201
0.00 0.00197
0.00 0.00195
0.00 0.00194
0.00 0.00191
0.00 0.00188
0.00 0.00185
0.00 0.00182
0.00 0.00180
0.00 0.00178
0.00 0.00176
0.00 0.00173
0.00 0.00171
0.00 0.00169
0.00 0.00168
0.00 0.00165
0.00 0.00163
0.00 0.00162
0.00 0.00159
0.00 0.00158
0.00 0.00155
0.00 0.00154
0.00 0.00152
0.00 0.00151
0.00 0.00150
0.00 0.00148
0.00 0.00146
0.00 0.00145
0.00 0.00143
0.00 0.00141
0.00 0.00140
0.00 0.00138
0.00 0.00137
0.00 0.00135
0.00 0.00134
0.00 0.00132
0.00 0.00131
0.00 0.00130
0.00 0.00129
0.00 0.00127
0.00 0.00126
0.00 0.00125
0.00 0.00124
0.00 0.00123
0.00 0.00122
0.00 0.00122
0.00 0.00121
0.00 0.00120
0.00 0.00119
0.00 0.00118
0.00 0.00117
0.00 0.00116
0.00 0.00115
0.00 0.00114
0.00 0.00113
0.00 0.00112
0.00 0.00111
0.00 0.00110
0.00 0.00109
0.00 0.00108
0.00 0.00107
0.00 0.00106
0.00 0.00106
0.00 0.00105
0.00 0.00105
0.00 0.00104
0.00 0.00104
