300.00 0.55647
293.88 0.51802
287.76 0.49969
281.63 0.48724
275.51 0.47934
269.39 0.47854
263.27 0.47151
257.14 0.46487
251.02 0.45942
244.90 0.45458
238.78 0.45012
232.65 0.44572
226.53 0.44119
220.41 0.43707
214.29 0.43324
208.16 0.42941
202.04 0.42528
195.92 0.42126
189.80 0.41739
183.67 0.41385
177.55 0.41024
171.43 0.40647
165.31 0.40273
159.18 0.39904
153.06 0.39537
146.94 0.39164
140.82 0.38801
134.69 0.38432
128.57 0.38067
122.45 0.37689
116.33 0.37303
110.20 0.36905
104.08 0.36503
97.96 0.36105
91.84 0.35707
85.71 0.35285
79.59 0.34863
73.47 0.34432
67.35 0.34001
61.22 0.33579
55.10 0.33131
48.98 0.32678
42.86 0.32221
36.73 0.31773
30.61 0.31309
24.49 0.30827
18.37 0.30361
12.24 0.29880
6.12 0.29347
0.00 0.28762
120.00 0.25755
117.78 0.25615
115.56 0.25413
113.33 0.25528
111.11 0.25327
108.89 0.25235
106.67 0.25123
104.44 0.24979
102.22 0.24749
100.00 0.24598
97.78 0.24395
95.56 0.24246
93.33 0.24083
91.11 0.23904
88.89 0.23731
86.67 0.23562
84.44 0.23405
82.22 0.23244
80.00 0.23058
77.78 0.22904
75.56 0.22718
73.33 0.22534
71.11 0.22352
68.89 0.22171
66.67 0.21970
64.44 0.21786
62.22 0.21621
60.00 0.21460
57.78 0.21266
55.56 0.21086
53.33 0.20881
51.11 0.20694
48.89 0.20536
46.67 0.20351
44.44 0.20140
42.22 0.19931
40.00 0.19726
37.78 0.19536
35.56 0.19308
33.33 0.19090
31.11 0.18860
28.89 0.18635
26.67 0.18444
24.44 0.18253
22.22 0.18024
20.00 0.17812
17.78 0.17606
15.56 0.17395
13.33 0.17169
11.11 0.16953
8.89 0.16717
6.67 0.16482
4.44 0.16238
2.22 0.15984
0.00 0.15695
48.00 0.14006
47.19 0.14111
46.37 0.14081
45.56 0.13971
44.75 0.13749
43.93 0.13622
43.12 0.13533
42.31 0.13585
41.49 0.13439
40.68 0.13393
39.86 0.13311
39.05 0.13192
38.24 0.13121
37.42 0.13097
36.61 0.13035
35.80 0.12940
34.98 0.12859
34.17 0.12808
33.36 0.12742
32.54 0.12673
31.73 0.12617
30.92 0.12521
30.10 0.12418
29.29 0.12323
28.47 0.12225
27.66 0.12122
26.85 0.12007
26.03 0.11907
25.22 0.11820
24.41 0.11721
23.59 0.11643
22.78 0.11585
21.97 0.11479
21.15 0.11401
20.34 0.11320
19.53 0.11200
18.71 0.11108
17.90 0.11014
17.08 0.10916
16.27 0.10846
15.46 0.10763
14.64 0.10674
13.83 0.10588
13.02 0.10510
12.20 0.10431
11.39 0.10336
10.58 0.10228
9.76 0.10118
8.95 0.10005
8.14 0.09894
7.32 0.09782
6.51 0.09668
5.69 0.09554
4.88 0.09436
4.07 0.09320
3.25 0.09203
2.44 0.09082
1.63 0.08957
0.81 0.08827
0.00 0.08681
19.20 0.07931
18.90 0.07939
18.60 0.07907
18.30 0.07833
18.00 0.07735
17.70 0.07583
17.40 0.07668
17.10 0.07735
16.80 0.07748
16.50 0.07739
16.20 0.07676
15.90 0.07770
15.60 0.07746
15.30 0.07663
15.00 0.07621
14.70 0.07539
14.40 0.07504
14.10 0.07511
13.80 0.07528
13.50 0.07513
13.20 0.07487
12.90 0.07419
12.60 0.07368
12.30 0.07330
12.00 0.07271
11.70 0.07211
11.40 0.07140
11.10 0.07103
10.80 0.07052
10.50 0.07002
10.20 0.06970
9.90 0.06940
9.60 0.06904
9.30 0.06848
9.00 0.06816
8.70 0.06759
8.40 0.06707
8.10 0.06677
7.80 0.06670
7.50 0.06674
7.20 0.06645
6.90 0.06606
6.60 0.06548
6.30 0.06489
6.00 0.06434
5.70 0.06381
5.40 0.06331
5.10 0.06282
4.80 0.06231
4.50 0.06178
4.20 0.06122
3.90 0.06065
3.60 0.06012
3.30 0.05955
3.00 0.05896
2.70 0.05836
2.40 0.05777
2.10 0.05716
1.80 0.05655
1.50 0.05590
1.20 0.05526
0.90 0.05459
0.60 0.05391
0.30 0.05319
0.00 0.05238
7.68 0.04551
7.57 0.04661
7.46 0.04822
7.35 0.05032
7.23 0.05232
7.12 0.05225
7.01 0.05231
6.90 0.05108
6.79 0.05061
6.68 0.04980
6.57 0.04897
6.46 0.04807
6.34 0.04716
6.23 0.04640
6.12 0.04577
6.01 0.04506
5.90 0.04447
5.79 0.04390
5.68 0.04338
5.57 0.04290
5.45 0.04246
5.34 0.04208
5.23 0.04165
5.12 0.04126
5.01 0.04089
4.90 0.04056
4.79 0.04022
4.67 0.03990
4.56 0.03959
4.45 0.03927
4.34 0.03895
4.23 0.03866
4.12 0.03839
4.01 0.03808
3.90 0.03782
3.78 0.03751
3.67 0.03723
3.56 0.03695
3.45 0.03667
3.34 0.03640
3.23 0.03612
3.12 0.03585
3.01 0.03558
2.89 0.03532
2.78 0.03506
2.67 0.03479
2.56 0.03451
2.45 0.03426
2.34 0.03400
2.23 0.03373
2.11 0.03346
2.00 0.03320
1.89 0.03294
1.78 0.03267
1.67 0.03239
1.56 0.03212
1.45 0.03184
1.34 0.03156
1.22 0.03128
1.11 0.03101
1.00 0.03071
0.89 0.03043
0.78 0.03014
0.67 0.02984
0.56 0.02954
0.45 0.02924
0.33 0.02892
0.22 0.02859
0.11 0.02825
0.00 0.02785
3.07 0.02452
3.03 0.02415
2.99 0.02396
2.95 0.02405
2.91 0.02403
2.86 0.02395
2.82 0.02386
2.78 0.02378
2.74 0.02371
2.70 0.02358
2.66 0.02343
2.62 0.02327
2.57 0.02326
2.53 0.02314
2.49 0.02304
2.45 0.02292
2.41 0.02283
2.37 0.02276
2.32 0.02272
2.28 0.02265
2.24 0.02251
2.20 0.02242
2.16 0.02238
2.12 0.02233
2.08 0.02224
2.03 0.02216
1.99 0.02208
1.95 0.02198
1.91 0.02190
1.87 0.02182
1.83 0.02173
1.79 0.02163
1.74 0.02152
1.70 0.02143
1.66 0.02133
1.62 0.02123
1.58 0.02114
1.54 0.02108
1.49 0.02098
1.45 0.02088
1.41 0.02078
1.37 0.02069
1.33 0.02059
1.29 0.02048
1.25 0.02036
1.20 0.02024
1.16 0.02012
1.12 0.02001
1.08 0.01990
1.04 0.01979
1.00 0.01968
0.95 0.01956
0.91 0.01942
0.87 0.01932
0.83 0.01920
0.79 0.01906
0.75 0.01893
0.71 0.01881
0.66 0.01867
0.62 0.01855
0.58 0.01843
0.54 0.01829
0.50 0.01817
0.46 0.01803
0.42 0.01789
0.37 0.01775
0.33 0.01761
0.29 0.01746
0.25 0.01731
0.21 0.01716
0.17 0.01700
0.12 0.01683
0.08 0.01666
0.04 0.01646
0.00 0.01625
1.23 0.01539
1.21 0.01526
1.20 0.01529
1.18 0.01508
1.17 0.01520
1.15 0.01504
1.14 0.01505
1.12 0.01506
1.10 0.01499
1.09 0.01490
1.07 0.01482
1.06 0.01481
1.04 0.01478
1.03 0.01469
1.01 0.01464
1.00 0.01460
0.98 0.01456
0.96 0.01452
0.95 0.01450
0.93 0.01445
0.92 0.01440
0.90 0.01432
0.89 0.01428
0.87 0.01426
0.86 0.01422
0.84 0.01415
0.82 0.01410
0.81 0.01406
0.79 0.01398
0.78 0.01394
0.76 0.01389
0.75 0.01384
0.73 0.01378
0.72 0.01372
0.70 0.01367
0.68 0.01361
0.67 0.01357
0.65 0.01349
0.64 0.01342
0.62 0.01336
0.61 0.01330
0.59 0.01324
0.58 0.01318
0.56 0.01311
0.54 0.01304
0.53 0.01297
0.51 0.01290
0.50 0.01284
0.48 0.01279
0.47 0.01272
0.45 0.01266
0.44 0.01258
0.42 0.01252
0.40 0.01245
0.39 0.01240
0.37 0.01233
0.36 0.01225
0.34 0.01218
0.33 0.01211
0.31 0.01204
0.30 0.01197
0.28 0.01189
0.26 0.01181
0.25 0.01173
0.23 0.01166
0.22 0.01159
0.20 0.01151
0.19 0.01143
0.17 0.01135
0.16 0.01127
0.14 0.01119
0.12 0.01110
0.11 0.01101
0.09 0.01092
0.08 0.01083
0.06 0.01073
0.05 0.01063
0.03 0.01052
0.02 0.01041
0.00 0.01028
0.49 0.00978
0.49 0.00971
0.48 0.00950
0.47 0.00944
0.47 0.00948
0.46 0.00939
0.46 0.00943
0.45 0.00936
0.44 0.00933
0.44 0.00929
0.43 0.00929
0.43 0.00934
0.42 0.00930
0.42 0.00927
0.41 0.00925
0.40 0.00921
0.40 0.00917
0.39 0.00916
0.39 0.00913
0.38 0.00912
0.37 0.00908
0.37 0.00905
0.36 0.00900
0.36 0.00898
0.35 0.00894
0.35 0.00888
0.34 0.00885
0.33 0.00881
0.33 0.00877
0.32 0.00875
0.32 0.00872
0.31 0.00870
0.30 0.00868
0.30 0.00863
0.29 0.00861
0.29 0.00858
0.28 0.00856
0.28 0.00853
0.27 0.00850
0.26 0.00847
0.26 0.00843
0.25 0.00840
0.25 0.00837
0.24 0.00832
0.23 0.00829
0.23 0.00826
0.22 0.00822
0.22 0.00818
0.21 0.00815
0.20 0.00810
0.20 0.00806
0.19 0.00803
0.19 0.00799
0.18 0.00796
0.18 0.00791
0.17 0.00787
0.16 0.00783
0.16 0.00779
0.15 0.00775
0.15 0.00771
0.14 0.00767
0.13 0.00762
0.13 0.00758
0.12 0.00754
0.12 0.00749
0.11 0.00745
0.11 0.00741
0.10 0.00736
0.09 0.00731
0.09 0.00727
0.08 0.00722
0.08 0.00717
0.07 0.00712
0.06 0.00708
0.06 0.00703
0.05 0.00698
0.05 0.00693
0.04 0.00687
0.04 0.00682
0.03 0.00677
0.02 0.00671
0.02 0.00665
0.01 0.00659
0.01 0.00652
0.00 0.00645
0.20 0.00627
0.19 0.00611
0.19 0.00599
0.19 0.00601
0.19 0.00595
0.19 0.00595
0.18 0.00597
0.18 0.00596
0.18 0.00594
0.18 0.00592
0.17 0.00589
0.17 0.00591
0.17 0.00590
0.17 0.00588
0.17 0.00587
0.16 0.00587
0.16 0.00581
0.16 0.00581
0.16 0.00578
0.15 0.00576
0.15 0.00573
0.15 0.00570
0.15 0.00568
0.15 0.00567
0.14 0.00565
0.14 0.00563
0.14 0.00561
0.14 0.00559
0.13 0.00558
0.13 0.00557
0.13 0.00555
0.13 0.00554
0.13 0.00554
0.12 0.00552
0.12 0.00550
0.12 0.00547
0.12 0.00546
0.11 0.00544
0.11 0.00542
0.11 0.00541
0.11 0.00539
0.11 0.00537
0.10 0.00535
0.10 0.00533
0.10 0.00530
0.10 0.00528
0.09 0.00526
0.09 0.00524
0.09 0.00521
0.09 0.00519
0.09 0.00517
0.08 0.00515
0.08 0.00512
0.08 0.00510
0.08 0.00508
0.08 0.00506
0.07 0.00503
0.07 0.00500
0.07 0.00497
0.07 0.00496
0.06 0.00494
0.06 0.00491
0.06 0.00489
0.06 0.00486
0.06 0.00485
0.05 0.00482
0.05 0.00479
0.05 0.00476
0.05 0.00474
0.04 0.00472
0.04 0.00469
0.04 0.00466
0.04 0.00464
0.04 0.00461
0.03 0.00458
0.03 0.00456
0.03 0.00453
0.03 0.00450
0.02 0.00447
0.02 0.00444
0.02 0.00441
0.02 0.00438
0.02 0.00435
0.01 0.00431
0.01 0.00428
0.01 0.00425
0.01 0.00421
0.00 0.00418
0.00 0.00414
0.00 0.00409
0.08 0.00388
0.08 0.00374
0.08 0.00376
0.08 0.00383
0.08 0.00382
0.07 0.00372
0.07 0.00372
0.07 0.00369
0.07 0.00370
0.07 0.00370
0.07 0.00371
0.07 0.00372
0.07 0.00372
0.07 0.00370
0.07 0.00371
0.07 0.00372
0.07 0.00371
0.06 0.00369
0.06 0.00368
0.06 0.00366
0.06 0.00363
0.06 0.00363
0.06 0.00363
0.06 0.00362
0.06 0.00361
0.06 0.00359
0.06 0.00358
0.06 0.00357
0.06 0.00356
0.05 0.00356
0.05 0.00355
0.05 0.00355
0.05 0.00354
0.05 0.00352
0.05 0.00352
0.05 0.00351
0.05 0.00349
0.05 0.00347
0.05 0.00346
0.05 0.00345
0.05 0.00344
0.04 0.00343
0.04 0.00342
0.04 0.00340
0.04 0.00339
0.04 0.00337
0.04 0.00336
0.04 0.00335
0.04 0.00334
0.04 0.00332
0.04 0.00331
0.04 0.00329
0.04 0.00328
0.03 0.00326
0.03 0.00325
0.03 0.00323
0.03 0.00322
0.03 0.00320
0.03 0.00319
0.03 0.00318
0.03 0.00317
0.03 0.00316
0.03 0.00315
0.03 0.00314
0.03 0.00312
0.02 0.00311
0.02 0.00309
0.02 0.00307
0.02 0.00305
0.02 0.00304
0.02 0.00303
0.02 0.00301
0.02 0.00299
0.02 0.00298
0.02 0.00296
0.02 0.00295
0.02 0.00293
0.01 0.00292
0.01 0.00290
0.01 0.00289
0.01 0.00287
0.01 0.00285
0.01 0.00284
0.01 0.00282
0.01 0.00280
0.01 0.00278
0.01 0.00276
0.01 0.00274
0.01 0.00272
0.00 0.00270
0.00 0.00268
0.00 0.00266
0.00 0.00264
0.00 0.00261
0.00 0.00259
0.00 0.00169
0.00 0.00094
0.00 0.00064
0.00 0.00056
0.00 0.00053
0.00 0.00047
0.00 0.00043
0.00 0.00040
0.00 0.00036
0.00 0.00033
0.00 0.00032
0.00 0.00033
0.00 0.00033
0.00 0.00032
0.00 0.00030
0.00 0.00028
0.00 0.00027
0.00 0.00025
0.00 0.00025
0.00 0.00024
0.00 0.00023
0.00 0.00023
0.00 0.00023
0.00 0.00022
0.00 0.00022
0.00 0.00021
0.00 0.00021
0.00 0.00021
0.00 0.00020
0.00 0.00019
0.00 0.00019
0.00 0.00018
0.00 0.00018
0.00 0.00018
0.00 0.00018
0.00 0.00017
0.00 0.00017
0.00 0.00017
0.00 0.00017
0.00 0.00017
0.00 0.00017
0.00 0.00017
0.00 0.00017
0.00 0.00017
0.00 0.00017
0.00 0.00016
0.00 0.00016
0.00 0.00016
0.00 0.00016
0.00 0.00015
0.00 0.00015
0.00 0.00015
0.00 0.00014
0.00 0.00015
0.00 0.00015
0.00 0.00014
0.00 0.00014
0.00 0.00014
0.00 0.00014
0.00 0.00014
0.00 0.00014
0.00 0.00014
0.00 0.00014
0.00 0.00013
0.00 0.00013
0.00 0.00013
0.00 0.00013
0.00 0.00013
0.00 0.00013
0.00 0.00012
0.00 0.00012
0.00 0.00012
0.00 0.00012
0.00 0.00012
0.00 0.00012
0.00 0.00012
0.00 0.00012
0.00 0.00011
0.00 0.00011
0.00 0.00011
0.00 0.00011
0.00 0.00011
0.00 0.00011
0.00 0.00011
0.00 0.00011
0.00 0.00011
0.00 0.00011
0.00 0.00011
0.00 0.00011
0.00 0.00011
0.00 0.00011
0.00 0.00011
0.00 0.00011
0.00 0.00011
0.00 0.00011
0.00 0.00011
0.00 0.00010
0.00 0.00010
0.00 0.00010
0.00 0.00010
