150.00 0.95215
133.33 0.94922
116.67 0.94927
100.00 0.94690
83.33 0.94548
66.67 0.94512
50.00 0.94461
33.33 0.94198
16.67 0.93884
0.00 0.84532
120.00 0.94700
106.67 0.94342
93.33 0.94597
80.00 0.94444
66.67 0.94424
53.33 0.94383
40.00 0.94312
26.67 0.94068
13.33 0.93544
0.00 0.84199
96.00 0.95385
85.33 0.94875
74.67 0.94940
64.00 0.94817
53.33 0.94787
42.67 0.94706
32.00 0.94554
21.33 0.94289
10.67 0.92586
0.00 0.83337
76.80 0.94965
68.27 0.94285
59.73 0.94328
51.20 0.94447
42.67 0.94338
34.13 0.94156
25.60 0.94026
17.07 0.93575
8.53 0.90856
0.00 0.81776
