150.00 0.93930
133.33 0.94275
116.67 0.94482
100.00 0.94700
83.33 0.94750
66.67 0.94749
50.00 0.94746
33.33 0.94729
16.67 0.94719
0.00 0.85350
120.00 0.94845
106.67 0.95027
93.33 0.94930
80.00 0.94841
66.67 0.94785
53.33 0.94801
40.00 0.94806
26.67 0.94778
13.33 0.94553
0.00 0.85124
96.00 0.94725
85.33 0.94775
74.67 0.95012
64.00 0.94981
53.33 0.94939
42.67 0.94874
32.00 0.94769
21.33 0.94788
10.67 0.94675
0.00 0.85319
76.80 0.95305
68.27 0.94793
59.73 0.95017
51.20 0.94755
42.67 0.94683
34.13 0.94608
25.60 0.94568
17.07 0.94429
8.53 0.94299
0.00 0.84940
