150.00 0.93930
133.33 0.93850
116.67 0.94018
100.00 0.94022
83.33 0.94205
66.67 0.93879
50.00 0.93568
33.33 0.92736
16.67 0.90143
0.00 0.81132
120.00 0.94210
106.67 0.93902
93.33 0.94047
80.00 0.93653
66.67 0.93526
53.33 0.93208
40.00 0.92888
26.67 0.91809
13.33 0.88923
0.00 0.80036
96.00 0.93365
85.33 0.93383
74.67 0.93195
64.00 0.93116
53.33 0.92986
42.67 0.92478
32.00 0.91850
21.33 0.90041
10.67 0.87066
0.00 0.78362
76.80 0.92035
68.27 0.92495
59.73 0.92580
51.20 0.92673
42.67 0.92112
34.13 0.91338
25.60 0.90414
17.07 0.88166
8.53 0.84984
0.00 0.76493
