150.00 0.91425
133.33 0.91190
116.67 0.90915
100.00 0.90012
83.33 0.89238
66.67 0.88189
50.00 0.86809
33.33 0.83737
16.67 0.80083
0.00 0.72079
120.00 0.90725
106.67 0.89345
93.33 0.88667
80.00 0.87529
66.67 0.86612
53.33 0.84512
40.00 0.81918
26.67 0.78953
13.33 0.75241
0.00 0.67722
96.00 0.89760
85.33 0.88313
74.67 0.87218
64.00 0.85991
53.33 0.83404
42.67 0.81169
32.00 0.78585
21.33 0.75640
10.67 0.71840
0.00 0.64663
76.80 0.85010
68.27 0.84357
59.73 0.81125
51.20 0.78869
42.67 0.77203
34.13 0.74833
25.60 0.72364
17.07 0.69592
8.53 0.66048
0.00 0.59450
