300.00 0.69157
293.88 0.68168
287.76 0.67159
281.63 0.67344
275.51 0.66832
269.39 0.66154
263.27 0.65624
257.14 0.64968
251.02 0.64473
244.90 0.64092
238.78 0.63662
232.65 0.63419
226.53 0.62987
220.41 0.62550
214.29 0.62139
208.16 0.61755
202.04 0.61382
195.92 0.60988
189.80 0.60631
183.67 0.60273
177.55 0.59890
171.43 0.59528
165.31 0.59179
159.18 0.58820
153.06 0.58460
146.94 0.58095
140.82 0.57731
134.69 0.57358
128.57 0.56990
122.45 0.56614
116.33 0.56243
110.20 0.55850
104.08 0.55457
97.96 0.55068
91.84 0.54652
85.71 0.54235
79.59 0.53793
73.47 0.53355
67.35 0.52897
61.22 0.52410
55.10 0.51922
48.98 0.51400
42.86 0.50862
36.73 0.50309
30.61 0.49726
24.49 0.49107
18.37 0.48459
12.24 0.47757
6.12 0.46990
0.00 0.46051
120.00 0.45777
117.78 0.45600
115.56 0.45387
113.33 0.45172
111.11 0.44962
108.89 0.44726
106.67 0.44497
104.44 0.44275
102.22 0.44034
100.00 0.43885
97.78 0.43752
95.56 0.43546
93.33 0.43345
91.11 0.43136
88.89 0.42936
86.67 0.42740
84.44 0.42568
82.22 0.42341
80.00 0.42103
77.78 0.41902
75.56 0.41685
73.33 0.41447
71.11 0.41206
68.89 0.40959
66.67 0.40733
64.44 0.40494
62.22 0.40256
60.00 0.40023
57.78 0.39782
55.56 0.39536
53.33 0.39281
51.11 0.39023
48.89 0.38747
46.67 0.38479
44.44 0.38211
42.22 0.37938
40.00 0.37656
37.78 0.37367
35.56 0.37080
33.33 0.36774
31.11 0.36473
28.89 0.36151
26.67 0.35833
24.44 0.35507
22.22 0.35165
20.00 0.34805
17.78 0.34451
15.56 0.34081
13.33 0.33709
11.11 0.33307
8.89 0.32894
6.67 0.32474
4.44 0.32035
2.22 0.31591
0.00 0.31017
48.00 0.30248
47.19 0.29905
46.37 0.29769
45.56 0.29667
44.75 0.29542
43.93 0.29408
43.12 0.29284
42.31 0.29158
41.49 0.29047
40.68 0.28846
39.86 0.28715
39.05 0.28597
38.24 0.28478
37.42 0.28353
36.61 0.28191
35.80 0.28059
34.98 0.27911
34.17 0.27745
33.36 0.27591
32.54 0.27467
31.73 0.27323
30.92 0.27178
30.10 0.27021
29.29 0.26860
28.47 0.26701
27.66 0.26534
26.85 0.26366
26.03 0.26203
25.22 0.26039
24.41 0.25865
23.59 0.25700
22.78 0.25555
21.97 0.25374
21.15 0.25213
20.34 0.25047
19.53 0.24866
18.71 0.24675
17.90 0.24491
17.08 0.24320
16.27 0.24134
15.46 0.23949
14.64 0.23770
13.83 0.23566
13.02 0.23374
12.20 0.23193
11.39 0.22991
10.58 0.22785
9.76 0.22572
8.95 0.22356
8.14 0.22155
7.32 0.21935
6.51 0.21711
5.69 0.21476
4.88 0.21244
4.07 0.20995
3.25 0.20746
2.44 0.20492
1.63 0.20225
0.81 0.19938
0.00 0.19607
19.20 0.19159
18.90 0.19005
18.60 0.18784
18.30 0.18533
18.00 0.18420
17.70 0.18248
17.40 0.18228
17.10 0.18165
16.80 0.18095
16.50 0.18007
16.20 0.17892
15.90 0.17793
15.60 0.17685
15.30 0.17592
15.00 0.17481
14.70 0.17464
14.40 0.17357
14.10 0.17282
13.80 0.17156
13.50 0.17060
13.20 0.16961
12.90 0.16873
12.60 0.16790
12.30 0.16720
12.00 0.16616
11.70 0.16525
11.40 0.16435
11.10 0.16343
10.80 0.16242
10.50 0.16144
10.20 0.16052
9.90 0.15966
9.60 0.15867
9.30 0.15757
9.00 0.15644
8.70 0.15554
8.40 0.15481
8.10 0.15369
7.80 0.15281
7.50 0.15161
7.20 0.15059
6.90 0.14961
6.60 0.14887
6.30 0.14791
6.00 0.14696
5.70 0.14634
5.40 0.14544
5.10 0.14437
4.80 0.14345
4.50 0.14228
4.20 0.14103
3.90 0.13979
3.60 0.13858
3.30 0.13736
3.00 0.13612
2.70 0.13471
2.40 0.13337
2.10 0.13202
1.80 0.13067
1.50 0.12928
1.20 0.12786
0.90 0.12648
0.60 0.12506
0.30 0.12344
0.00 0.12155
7.68 0.11218
7.57 0.11305
7.46 0.11717
7.35 0.11410
7.23 0.11208
7.12 0.11223
7.01 0.11115
6.90 0.11051
6.79 0.11010
6.68 0.10915
6.57 0.10853
6.46 0.10778
6.34 0.10703
6.23 0.10620
6.12 0.10555
6.01 0.10522
5.90 0.10445
5.79 0.10463
5.68 0.10408
5.57 0.10347
5.45 0.10283
5.34 0.10226
5.23 0.10170
5.12 0.10111
5.01 0.10048
4.90 0.09979
4.79 0.09923
4.67 0.09874
4.56 0.09886
4.45 0.09900
4.34 0.09845
4.23 0.09781
4.12 0.09717
4.01 0.09652
3.90 0.09594
3.78 0.09541
3.67 0.09497
3.56 0.09454
3.45 0.09400
3.34 0.09343
3.23 0.09299
3.12 0.09256
3.01 0.09201
2.89 0.09143
2.78 0.09079
2.67 0.09027
2.56 0.08961
2.45 0.08912
2.34 0.08853
2.23 0.08782
2.11 0.08718
2.00 0.08654
1.89 0.08589
1.78 0.08520
1.67 0.08448
1.56 0.08384
1.45 0.08308
1.34 0.08243
1.22 0.08179
1.11 0.08105
1.00 0.08036
0.89 0.07971
0.78 0.07902
0.67 0.07823
0.56 0.07746
0.45 0.07670
0.33 0.07589
0.22 0.07503
0.11 0.07413
0.00 0.07308
3.07 0.08376
3.03 0.07745
2.99 0.07555
2.95 0.07449
2.91 0.07345
2.86 0.07438
2.82 0.07442
2.78 0.07413
2.74 0.07311
2.70 0.07320
2.66 0.07345
2.62 0.07338
2.57 0.07326
2.53 0.07440
2.49 0.07479
2.45 0.07434
2.41 0.07342
2.37 0.07284
2.32 0.07224
2.28 0.07180
2.24 0.07127
2.20 0.07059
2.16 0.07003
2.12 0.06957
2.08 0.06915
2.03 0.06860
1.99 0.06828
1.95 0.06798
1.91 0.06783
1.87 0.06771
1.83 0.06738
1.79 0.06698
1.74 0.06656
1.70 0.06605
1.66 0.06549
1.62 0.06503
1.58 0.06450
1.54 0.06409
1.49 0.06388
1.45 0.06338
1.41 0.06308
1.37 0.06258
1.33 0.06214
1.29 0.06171
1.25 0.06124
1.20 0.06081
1.16 0.06043
1.12 0.06000
1.08 0.05960
1.04 0.05911
1.00 0.05867
0.95 0.05828
0.91 0.05787
0.87 0.05758
0.83 0.05724
0.79 0.05680
0.75 0.05649
0.71 0.05602
0.66 0.05570
0.62 0.05530
0.58 0.05505
0.54 0.05475
0.50 0.05426
0.46 0.05377
0.42 0.05332
0.37 0.05286
0.33 0.05238
0.29 0.05192
0.25 0.05142
0.21 0.05088
0.17 0.05034
0.12 0.04981
0.08 0.04927
0.04 0.04871
0.00 0.04806
1.23 0.03924
1.21 0.04025
1.20 0.04261
1.18 0.04152
1.17 0.04183
1.15 0.04317
1.14 0.04266
1.12 0.04263
1.10 0.04197
1.09 0.04173
1.07 0.04116
1.06 0.04057
1.04 0.04106
1.03 0.04087
1.01 0.04074
1.00 0.04094
0.98 0.04157
0.96 0.04148
0.95 0.04125
0.93 0.04080
0.92 0.04041
0.90 0.04011
0.89 0.03979
0.87 0.03936
0.86 0.03902
0.84 0.03884
0.82 0.03851
0.81 0.03831
0.79 0.03836
0.78 0.03813
0.76 0.03837
0.75 0.03814
0.73 0.03817
0.72 0.03789
0.70 0.03778
0.68 0.03766
0.67 0.03743
0.65 0.03718
0.64 0.03706
0.62 0.03694
0.61 0.03672
0.59 0.03668
0.58 0.03646
0.56 0.03620
0.54 0.03596
0.53 0.03573
0.51 0.03588
0.50 0.03599
0.48 0.03601
0.47 0.03574
0.45 0.03550
0.44 0.03523
0.42 0.03497
0.40 0.03490
0.39 0.03463
0.37 0.03435
0.36 0.03412
0.34 0.03385
0.33 0.03362
0.31 0.03337
0.30 0.03334
0.28 0.03318
0.26 0.03294
0.25 0.03270
0.23 0.03244
0.22 0.03216
0.20 0.03191
0.19 0.03163
0.17 0.03138
0.16 0.03111
0.14 0.03096
0.12 0.03083
0.11 0.03059
0.09 0.03031
0.08 0.03003
0.06 0.02973
0.05 0.02943
0.03 0.02913
0.02 0.02882
0.00 0.02846
0.49 0.02440
0.49 0.02463
0.48 0.02597
0.47 0.02637
0.47 0.02735
0.46 0.02717
0.46 0.02709
0.45 0.02701
0.44 0.02653
0.44 0.02625
0.43 0.02625
0.43 0.02597
0.42 0.02569
0.42 0.02567
0.41 0.02528
0.40 0.02505
0.40 0.02487
0.39 0.02460
0.39 0.02447
0.38 0.02430
0.37 0.02402
0.37 0.02417
0.36 0.02443
0.36 0.02464
0.35 0.02452
0.35 0.02435
0.34 0.02468
0.33 0.02475
0.33 0.02467
0.32 0.02472
0.32 0.02474
0.31 0.02454
0.30 0.02439
0.30 0.02426
0.29 0.02412
0.29 0.02402
0.28 0.02390
0.28 0.02379
0.27 0.02369
0.26 0.02363
0.26 0.02354
0.25 0.02342
0.25 0.02331
0.24 0.02316
0.23 0.02300
0.23 0.02302
0.22 0.02283
0.22 0.02269
0.21 0.02258
0.20 0.02242
0.20 0.02227
0.19 0.02211
0.19 0.02196
0.18 0.02190
0.18 0.02181
0.17 0.02171
0.16 0.02162
0.16 0.02153
0.15 0.02144
0.15 0.02133
0.14 0.02124
0.13 0.02111
0.13 0.02095
0.12 0.02082
0.12 0.02075
0.11 0.02065
0.11 0.02058
0.10 0.02046
0.09 0.02032
0.09 0.02017
0.08 0.02002
0.08 0.01987
0.07 0.01973
0.06 0.01959
0.06 0.01943
0.05 0.01928
0.05 0.01912
0.04 0.01897
0.04 0.01882
0.03 0.01868
0.02 0.01852
0.02 0.01836
0.01 0.01819
0.01 0.01801
0.00 0.01780
0.20 0.01922
0.19 0.02157
0.19 0.01903
0.19 0.01983
0.19 0.01879
0.19 0.01881
0.18 0.01864
0.18 0.01895
0.18 0.01901
0.18 0.01915
0.17 0.01856
0.17 0.01812
0.17 0.01816
0.17 0.01810
0.17 0.01835
0.16 0.01809
0.16 0.01783
0.16 0.01759
0.16 0.01749
0.15 0.01737
0.15 0.01737
0.15 0.01718
0.15 0.01699
0.15 0.01715
0.14 0.01726
0.14 0.01719
0.14 0.01707
0.14 0.01690
0.13 0.01677
0.13 0.01682
0.13 0.01678
0.13 0.01700
0.13 0.01720
0.12 0.01735
0.12 0.01745
0.12 0.01752
0.12 0.01760
0.11 0.01761
0.11 0.01750
0.11 0.01736
0.11 0.01721
0.11 0.01708
0.10 0.01694
0.10 0.01679
0.10 0.01663
0.10 0.01649
0.09 0.01636
0.09 0.01622
0.09 0.01610
0.09 0.01597
0.09 0.01583
0.08 0.01571
0.08 0.01557
0.08 0.01545
0.08 0.01533
0.08 0.01521
0.07 0.01510
0.07 0.01498
0.07 0.01487
0.07 0.01477
0.06 0.01467
0.06 0.01457
0.06 0.01446
0.06 0.01436
0.06 0.01428
0.05 0.01418
0.05 0.01408
0.05 0.01399
0.05 0.01391
0.04 0.01381
0.04 0.01372
0.04 0.01363
0.04 0.01355
0.04 0.01347
0.03 0.01338
0.03 0.01329
0.03 0.01322
0.03 0.01315
0.02 0.01307
0.02 0.01300
0.02 0.01292
0.02 0.01283
0.02 0.01275
0.01 0.01268
0.01 0.01259
0.01 0.01250
0.01 0.01240
0.00 0.01231
0.00 0.01220
0.00 0.01207
0.08 0.01297
0.08 0.01266
0.08 0.01165
0.08 0.01123
0.08 0.01099
0.07 0.01068
0.07 0.01062
0.07 0.01053
0.07 0.01044
0.07 0.01033
0.07 0.01043
0.07 0.01071
0.07 0.01096
0.07 0.01099
0.07 0.01105
0.07 0.01090
0.07 0.01075
0.06 0.01059
0.06 0.01044
0.06 0.01031
0.06 0.01017
0.06 0.01005
0.06 0.00994
0.06 0.00982
0.06 0.00974
0.06 0.00964
0.06 0.00956
0.06 0.00950
0.06 0.00946
0.05 0.00940
0.05 0.00934
0.05 0.00932
0.05 0.00930
0.05 0.00927
0.05 0.00924
0.05 0.00918
0.05 0.00914
0.05 0.00907
0.05 0.00900
0.05 0.00895
0.05 0.00890
0.04 0.00886
0.04 0.00882
0.04 0.00878
0.04 0.00875
0.04 0.00873
0.04 0.00871
0.04 0.00869
0.04 0.00871
0.04 0.00873
0.04 0.00871
0.04 0.00869
0.04 0.00864
0.03 0.00859
0.03 0.00854
0.03 0.00849
0.03 0.00843
0.03 0.00839
0.03 0.00835
0.03 0.00830
0.03 0.00826
0.03 0.00821
0.03 0.00817
0.03 0.00812
0.03 0.00809
0.02 0.00805
0.02 0.00801
0.02 0.00798
0.02 0.00795
0.02 0.00794
0.02 0.00792
0.02 0.00790
0.02 0.00789
0.02 0.00786
0.02 0.00784
0.02 0.00781
0.02 0.00778
0.01 0.00775
0.01 0.00771
0.01 0.00768
0.01 0.00764
0.01 0.00760
0.01 0.00757
0.01 0.00754
0.01 0.00750
0.01 0.00746
0.01 0.00742
0.01 0.00738
0.01 0.00733
0.00 0.00728
0.00 0.00723
0.00 0.00718
0.00 0.00713
0.00 0.00706
0.00 0.00699
0.00 0.00040
0.00 0.00023
0.00 0.00016
0.00 0.00013
0.00 0.00011
0.00 0.00009
0.00 0.00008
0.00 0.00007
0.00 0.00006
0.00 0.00006
0.00 0.00005
0.00 0.00005
0.00 0.00005
0.00 0.00004
0.00 0.00004
0.00 0.00004
0.00 0.00004
0.00 0.00003
0.00 0.00003
0.00 0.00003
0.00 0.00003
0.00 0.00003
0.00 0.00003
0.00 0.00003
0.00 0.00002
0.00 0.00002
0.00 0.00002
0.00 0.00002
0.00 0.00002
0.00 0.00002
0.00 0.00002
0.00 0.00002
0.00 0.00002
0.00 0.00002
0.00 0.00002
0.00 0.00002
0.00 0.00002
0.00 0.00002
0.00 0.00002
0.00 0.00002
0.00 0.00002
0.00 0.00002
0.00 0.00001
0.00 0.00001
0.00 0.00001
0.00 0.00001
0.00 0.00001
0.00 0.00001
0.00 0.00001
0.00 0.00001
0.00 0.00001
0.00 0.00001
0.00 0.00001
0.00 0.00001
0.00 0.00001
0.00 0.00001
0.00 0.00001
0.00 0.00001
0.00 0.00001
0.00 0.00001
0.00 0.00001
0.00 0.00001
0.00 0.00001
0.00 0.00001
0.00 0.00001
0.00 0.00001
0.00 0.00001
0.00 0.00001
0.00 0.00001
0.00 0.00001
0.00 0.00001
0.00 0.00001
0.00 0.00001
0.00 0.00001
0.00 0.00001
0.00 0.00001
0.00 0.00001
0.00 0.00001
0.00 0.00001
0.00 0.00001
0.00 0.00001
0.00 0.00001
0.00 0.00001
0.00 0.00001
0.00 0.00001
0.00 0.00001
0.00 0.00001
0.00 0.00001
0.00 0.00001
0.00 0.00001
0.00 0.00001
0.00 0.00001
0.00 0.00001
0.00 0.00001
0.00 0.00001
0.00 0.00001
0.00 0.00001
0.00 0.00001
0.00 0.00001
0.00 0.00001
