300.00 0.53083
293.88 0.52616
287.76 0.52015
281.63 0.51522
275.51 0.51020
269.39 0.50538
263.27 0.49996
257.14 0.49612
251.02 0.49114
244.90 0.48699
238.78 0.48320
232.65 0.47879
226.53 0.47526
220.41 0.47099
214.29 0.46660
208.16 0.46253
202.04 0.45823
195.92 0.45361
189.80 0.44923
183.67 0.44525
177.55 0.44148
171.43 0.43731
165.31 0.43327
159.18 0.42921
153.06 0.42506
146.94 0.42085
140.82 0.41664
134.69 0.41234
128.57 0.40817
122.45 0.40402
116.33 0.39982
110.20 0.39554
104.08 0.39124
97.96 0.38688
91.84 0.38246
85.71 0.37805
79.59 0.37368
73.47 0.36908
67.35 0.36444
61.22 0.35980
55.10 0.35507
48.98 0.35023
42.86 0.34544
36.73 0.34051
30.61 0.33550
24.49 0.33028
18.37 0.32504
12.24 0.31967
6.12 0.31396
0.00 0.30769
120.00 0.28175
117.78 0.27742
115.56 0.27575
113.33 0.27421
111.11 0.27252
108.89 0.27047
106.67 0.26834
104.44 0.26688
102.22 0.26534
100.00 0.26358
97.78 0.26153
95.56 0.25972
93.33 0.25795
91.11 0.25613
88.89 0.25442
86.67 0.25256
84.44 0.25054
82.22 0.24848
80.00 0.24662
77.78 0.24469
75.56 0.24290
73.33 0.24101
71.11 0.23906
68.89 0.23712
66.67 0.23529
64.44 0.23335
62.22 0.23133
60.00 0.22932
57.78 0.22726
55.56 0.22527
53.33 0.22322
51.11 0.22115
48.89 0.21908
46.67 0.21703
44.44 0.21495
42.22 0.21286
40.00 0.21073
37.78 0.20853
35.56 0.20648
33.33 0.20433
31.11 0.20215
28.89 0.19998
26.67 0.19785
24.44 0.19569
22.22 0.19339
20.00 0.19112
17.78 0.18871
15.56 0.18622
13.33 0.18385
11.11 0.18140
8.89 0.17880
6.67 0.17639
4.44 0.17368
2.22 0.17087
0.00 0.16778
48.00 0.15049
47.19 0.15092
46.37 0.15069
45.56 0.14986
44.75 0.14851
43.93 0.14785
43.12 0.14681
42.31 0.14634
41.49 0.14528
40.68 0.14435
39.86 0.14309
39.05 0.14238
38.24 0.14135
37.42 0.14051
36.61 0.13961
35.80 0.13861
34.98 0.13782
34.17 0.13694
33.36 0.13640
32.54 0.13538
31.73 0.13449
30.92 0.13384
30.10 0.13313
29.29 0.13221
28.47 0.13118
27.66 0.13026
26.85 0.12935
26.03 0.12852
25.22 0.12762
24.41 0.12653
23.59 0.12547
22.78 0.12442
21.97 0.12340
21.15 0.12241
20.34 0.12142
19.53 0.12030
18.71 0.11944
17.90 0.11829
17.08 0.11716
16.27 0.11603
15.46 0.11487
14.64 0.11411
13.83 0.11305
13.02 0.11211
12.20 0.11114
11.39 0.11006
10.58 0.10885
9.76 0.10778
8.95 0.10678
8.14 0.10560
7.32 0.10462
6.51 0.10343
5.69 0.10217
4.88 0.10091
4.07 0.09972
3.25 0.09848
2.44 0.09720
1.63 0.09588
0.81 0.09453
0.00 0.09296
19.20 0.08889
18.90 0.08791
18.60 0.08727
18.30 0.08481
18.00 0.08387
17.70 0.08232
17.40 0.08135
17.10 0.08150
16.80 0.08210
16.50 0.08156
16.20 0.08134
15.90 0.08109
15.60 0.08062
15.30 0.07985
15.00 0.07942
14.70 0.07890
14.40 0.07899
14.10 0.07871
13.80 0.07796
13.50 0.07784
13.20 0.07728
12.90 0.07659
12.60 0.07598
12.30 0.07533
12.00 0.07482
11.70 0.07419
11.40 0.07402
11.10 0.07396
10.80 0.07337
10.50 0.07300
10.20 0.07255
9.90 0.07194
9.60 0.07129
9.30 0.07093
9.00 0.07087
8.70 0.07078
8.40 0.07012
8.10 0.06958
7.80 0.06914
7.50 0.06852
7.20 0.06786
6.90 0.06723
6.60 0.06661
6.30 0.06605
6.00 0.06550
5.70 0.06493
5.40 0.06435
5.10 0.06377
4.80 0.06321
4.50 0.06264
4.20 0.06205
3.90 0.06146
3.60 0.06086
3.30 0.06026
3.00 0.05968
2.70 0.05910
2.40 0.05851
2.10 0.05791
1.80 0.05730
1.50 0.05666
1.20 0.05603
0.90 0.05537
0.60 0.05469
0.30 0.05397
0.00 0.05315
7.68 0.05320
7.57 0.05149
7.46 0.05059
7.35 0.04885
7.23 0.04805
7.12 0.04729
7.01 0.04638
6.90 0.04580
6.79 0.04532
6.68 0.04484
6.57 0.04447
6.46 0.04411
6.34 0.04370
6.23 0.04349
6.12 0.04366
6.01 0.04429
5.90 0.04456
5.79 0.04555
5.68 0.04599
5.57 0.04564
5.45 0.04519
5.34 0.04477
5.23 0.04443
5.12 0.04408
5.01 0.04379
4.90 0.04341
4.79 0.04301
4.67 0.04266
4.56 0.04227
4.45 0.04193
4.34 0.04160
4.23 0.04127
4.12 0.04100
4.01 0.04073
3.90 0.04048
3.78 0.04014
3.67 0.03981
3.56 0.03953
3.45 0.03924
3.34 0.03897
3.23 0.03866
3.12 0.03837
3.01 0.03807
2.89 0.03779
2.78 0.03749
2.67 0.03719
2.56 0.03688
2.45 0.03659
2.34 0.03629
2.23 0.03603
2.11 0.03578
2.00 0.03554
1.89 0.03537
1.78 0.03530
1.67 0.03518
1.56 0.03504
1.45 0.03491
1.34 0.03475
1.22 0.03454
1.11 0.03434
1.00 0.03412
0.89 0.03389
0.78 0.03362
0.67 0.03336
0.56 0.03307
0.45 0.03277
0.33 0.03244
0.22 0.03210
0.11 0.03173
0.00 0.03128
3.07 0.03677
3.03 0.03489
2.99 0.03418
2.95 0.03528
2.91 0.03544
2.86 0.03526
2.82 0.03479
2.78 0.03405
2.74 0.03322
2.70 0.03251
2.66 0.03197
2.62 0.03165
2.57 0.03143
2.53 0.03119
2.49 0.03111
2.45 0.03099
2.41 0.03072
2.37 0.03040
2.32 0.03013
2.28 0.02988
2.24 0.02963
2.20 0.02936
2.16 0.02919
2.12 0.02890
2.08 0.02862
2.03 0.02834
1.99 0.02809
1.95 0.02781
1.91 0.02755
1.87 0.02725
1.83 0.02699
1.79 0.02678
1.74 0.02658
1.70 0.02640
1.66 0.02625
1.62 0.02612
1.58 0.02597
1.54 0.02583
1.49 0.02569
1.45 0.02555
1.41 0.02540
1.37 0.02523
1.33 0.02510
1.29 0.02495
1.25 0.02478
1.20 0.02461
1.16 0.02443
1.12 0.02427
1.08 0.02409
1.04 0.02390
1.00 0.02371
0.95 0.02353
0.91 0.02334
0.87 0.02315
0.83 0.02296
0.79 0.02279
0.75 0.02261
0.71 0.02243
0.66 0.02226
0.62 0.02209
0.58 0.02191
0.54 0.02173
0.50 0.02155
0.46 0.02137
0.42 0.02119
0.37 0.02102
0.33 0.02083
0.29 0.02064
0.25 0.02046
0.21 0.02026
0.17 0.02006
0.12 0.01985
0.08 0.01963
0.04 0.01941
0.00 0.01915
1.23 0.01616
1.21 0.01616
1.20 0.01599
1.18 0.01608
1.17 0.01600
1.15 0.01590
1.14 0.01599
1.12 0.01599
1.10 0.01598
1.09 0.01597
1.07 0.01599
1.06 0.01604
1.04 0.01601
1.03 0.01605
1.01 0.01601
1.00 0.01601
0.98 0.01598
0.96 0.01596
0.95 0.01589
0.93 0.01587
0.92 0.01585
0.90 0.01580
0.89 0.01574
0.87 0.01572
0.86 0.01568
0.84 0.01565
0.82 0.01559
0.81 0.01555
0.79 0.01548
0.78 0.01544
0.76 0.01541
0.75 0.01538
0.73 0.01535
0.72 0.01532
0.70 0.01529
0.68 0.01524
0.67 0.01518
0.65 0.01514
0.64 0.01509
0.62 0.01501
0.61 0.01496
0.59 0.01490
0.58 0.01483
0.56 0.01478
0.54 0.01471
0.53 0.01465
0.51 0.01459
0.50 0.01453
0.48 0.01448
0.47 0.01442
0.45 0.01437
0.44 0.01430
0.42 0.01423
0.40 0.01416
0.39 0.01409
0.37 0.01402
0.36 0.01395
0.34 0.01386
0.33 0.01378
0.31 0.01369
0.30 0.01361
0.28 0.01352
0.26 0.01344
0.25 0.01335
0.23 0.01327
0.22 0.01319
0.20 0.01310
0.19 0.01301
0.17 0.01292
0.16 0.01283
0.14 0.01274
0.12 0.01264
0.11 0.01254
0.09 0.01244
0.08 0.01234
0.06 0.01224
0.05 0.01212
0.03 0.01200
0.02 0.01188
0.00 0.01173
0.49 0.01203
0.49 0.01187
0.48 0.01165
0.47 0.01159
0.47 0.01156
0.46 0.01151
0.46 0.01156
0.45 0.01150
0.44 0.01145
0.44 0.01132
0.43 0.01125
0.43 0.01122
0.42 0.01121
0.42 0.01118
0.41 0.01117
0.40 0.01112
0.40 0.01109
0.39 0.01107
0.39 0.01108
0.38 0.01104
0.37 0.01099
0.37 0.01094
0.36 0.01092
0.36 0.01086
0.35 0.01079
0.35 0.01075
0.34 0.01070
0.33 0.01068
0.33 0.01066
0.32 0.01062
0.32 0.01058
0.31 0.01053
0.30 0.01047
0.30 0.01042
0.29 0.01036
0.29 0.01033
0.28 0.01027
0.28 0.01023
0.27 0.01019
0.26 0.01013
0.26 0.01008
0.25 0.01004
0.25 0.01000
0.24 0.00996
0.23 0.00992
0.23 0.00987
0.22 0.00983
0.22 0.00978
0.21 0.00975
0.20 0.00970
0.20 0.00965
0.19 0.00961
0.19 0.00956
0.18 0.00952
0.18 0.00946
0.17 0.00941
0.16 0.00936
0.16 0.00930
0.15 0.00926
0.15 0.00920
0.14 0.00915
0.13 0.00910
0.13 0.00904
0.12 0.00898
0.12 0.00893
0.11 0.00888
0.11 0.00883
0.10 0.00877
0.09 0.00872
0.09 0.00866
0.08 0.00860
0.08 0.00855
0.07 0.00849
0.06 0.00843
0.06 0.00836
0.05 0.00830
0.05 0.00824
0.04 0.00817
0.04 0.00811
0.03 0.00804
0.02 0.00797
0.02 0.00790
0.01 0.00783
0.01 0.00775
0.00 0.00766
0.20 0.00768
0.19 0.00743
0.19 0.00727
0.19 0.00720
0.19 0.00713
0.19 0.00716
0.18 0.00710
0.18 0.00706
0.18 0.00703
0.18 0.00702
0.17 0.00700
0.17 0.00698
0.17 0.00696
0.17 0.00694
0.17 0.00693
0.16 0.00688
0.16 0.00686
0.16 0.00683
0.16 0.00682
0.15 0.00679
0.15 0.00675
0.15 0.00673
0.15 0.00670
0.15 0.00669
0.14 0.00666
0.14 0.00664
0.14 0.00661
0.14 0.00659
0.13 0.00655
0.13 0.00653
0.13 0.00650
0.13 0.00646
0.13 0.00644
0.12 0.00644
0.12 0.00641
0.12 0.00640
0.12 0.00637
0.11 0.00633
0.11 0.00632
0.11 0.00630
0.11 0.00627
0.11 0.00625
0.10 0.00622
0.10 0.00620
0.10 0.00618
0.10 0.00616
0.09 0.00614
0.09 0.00611
0.09 0.00608
0.09 0.00605
0.09 0.00603
0.08 0.00601
0.08 0.00599
0.08 0.00597
0.08 0.00595
0.08 0.00592
0.07 0.00589
0.07 0.00586
0.07 0.00584
0.07 0.00582
0.06 0.00579
0.06 0.00576
0.06 0.00573
0.06 0.00570
0.06 0.00567
0.05 0.00564
0.05 0.00561
0.05 0.00558
0.05 0.00554
0.04 0.00551
0.04 0.00548
0.04 0.00545
0.04 0.00542
0.04 0.00539
0.03 0.00536
0.03 0.00532
0.03 0.00529
0.03 0.00526
0.02 0.00523
0.02 0.00519
0.02 0.00516
0.02 0.00512
0.02 0.00508
0.01 0.00504
0.01 0.00500
0.01 0.00497
0.01 0.00492
0.00 0.00488
0.00 0.00484
0.00 0.00479
0.08 0.00422
0.08 0.00452
0.08 0.00455
0.08 0.00442
0.08 0.00444
0.07 0.00440
0.07 0.00446
0.07 0.00447
0.07 0.00444
0.07 0.00441
0.07 0.00439
0.07 0.00437
0.07 0.00433
0.07 0.00430
0.07 0.00427
0.07 0.00429
0.07 0.00428
0.06 0.00427
0.06 0.00427
0.06 0.00426
0.06 0.00424
0.06 0.00423
0.06 0.00421
0.06 0.00419
0.06 0.00417
0.06 0.00415
0.06 0.00414
0.06 0.00413
0.06 0.00412
0.05 0.00410
0.05 0.00408
0.05 0.00407
0.05 0.00405
0.05 0.00404
0.05 0.00405
0.05 0.00403
0.05 0.00402
0.05 0.00400
0.05 0.00398
0.05 0.00396
0.05 0.00394
0.04 0.00392
0.04 0.00391
0.04 0.00390
0.04 0.00388
0.04 0.00387
0.04 0.00385
0.04 0.00383
0.04 0.00382
0.04 0.00381
0.04 0.00379
0.04 0.00378
0.04 0.00376
0.03 0.00375
0.03 0.00373
0.03 0.00372
0.03 0.00370
0.03 0.00369
0.03 0.00367
0.03 0.00365
0.03 0.00364
0.03 0.00363
0.03 0.00361
0.03 0.00359
0.03 0.00358
0.02 0.00356
0.02 0.00354
0.02 0.00352
0.02 0.00350
0.02 0.00348
0.02 0.00346
0.02 0.00345
0.02 0.00343
0.02 0.00341
0.02 0.00339
0.02 0.00337
0.02 0.00335
0.01 0.00333
0.01 0.00332
0.01 0.00330
0.01 0.00328
0.01 0.00326
0.01 0.00324
0.01 0.00322
0.01 0.00320
0.01 0.00318
0.01 0.00315
0.01 0.00313
0.01 0.00311
0.00 0.00309
0.00 0.00306
0.00 0.00304
0.00 0.00301
0.00 0.00299
0.00 0.00296
0.00 0.00143
0.00 0.00075
0.00 0.00056
0.00 0.00044
0.00 0.00037
0.00 0.00031
0.00 0.00027
0.00 0.00023
0.00 0.00021
0.00 0.00019
0.00 0.00017
0.00 0.00016
0.00 0.00016
0.00 0.00017
0.00 0.00016
0.00 0.00015
0.00 0.00015
0.00 0.00014
0.00 0.00013
0.00 0.00013
0.00 0.00012
0.00 0.00012
0.00 0.00011
0.00 0.00011
0.00 0.00010
0.00 0.00010
0.00 0.00009
0.00 0.00009
0.00 0.00009
0.00 0.00009
0.00 0.00008
0.00 0.00008
0.00 0.00008
0.00 0.00008
0.00 0.00007
0.00 0.00007
0.00 0.00007
0.00 0.00007
0.00 0.00007
0.00 0.00006
0.00 0.00006
0.00 0.00006
0.00 0.00006
0.00 0.00006
0.00 0.00006
0.00 0.00006
0.00 0.00006
0.00 0.00005
0.00 0.00005
0.00 0.00005
0.00 0.00005
0.00 0.00005
0.00 0.00005
0.00 0.00005
0.00 0.00005
0.00 0.00005
0.00 0.00005
0.00 0.00004
0.00 0.00004
0.00 0.00004
0.00 0.00004
0.00 0.00004
0.00 0.00004
0.00 0.00004
0.00 0.00004
0.00 0.00004
0.00 0.00004
0.00 0.00004
0.00 0.00004
0.00 0.00004
0.00 0.00004
0.00 0.00004
0.00 0.00004
0.00 0.00004
0.00 0.00004
0.00 0.00004
0.00 0.00003
0.00 0.00003
0.00 0.00003
0.00 0.00003
0.00 0.00003
0.00 0.00003
0.00 0.00003
0.00 0.00003
0.00 0.00003
0.00 0.00003
0.00 0.00003
0.00 0.00003
0.00 0.00003
0.00 0.00003
0.00 0.00003
0.00 0.00003
0.00 0.00003
0.00 0.00003
0.00 0.00003
0.00 0.00003
0.00 0.00003
0.00 0.00003
0.00 0.00003
0.00 0.00003
