300.00 0.49640
293.88 0.47672
287.76 0.46906
281.63 0.46383
275.51 0.45554
269.39 0.45008
263.27 0.44491
257.14 0.44210
251.02 0.43851
244.90 0.43548
238.78 0.43181
232.65 0.42776
226.53 0.42450
220.41 0.42118
214.29 0.41810
208.16 0.41511
202.04 0.41226
195.92 0.40886
189.80 0.40576
183.67 0.40247
177.55 0.39907
171.43 0.39540
165.31 0.39190
159.18 0.38863
153.06 0.38511
146.94 0.38169
140.82 0.37808
134.69 0.37472
128.57 0.37123
122.45 0.36739
116.33 0.36377
110.20 0.36003
104.08 0.35606
97.96 0.35227
91.84 0.34840
85.71 0.34459
79.59 0.34058
73.47 0.33654
67.35 0.33231
61.22 0.32815
55.10 0.32385
48.98 0.31955
42.86 0.31522
36.73 0.31081
30.61 0.30620
24.49 0.30159
18.37 0.29682
12.24 0.29181
6.12 0.28664
0.00 0.28093
120.00 0.25652
117.78 0.25835
115.56 0.25925
113.33 0.25813
111.11 0.25590
108.89 0.25314
106.67 0.25073
104.44 0.24862
102.22 0.24741
100.00 0.24517
97.78 0.24371
95.56 0.24258
93.33 0.24060
91.11 0.23866
88.89 0.23685
86.67 0.23481
84.44 0.23324
82.22 0.23167
80.00 0.22986
77.78 0.22813
75.56 0.22663
73.33 0.22473
71.11 0.22282
68.89 0.22105
66.67 0.21933
64.44 0.21746
62.22 0.21554
60.00 0.21347
57.78 0.21147
55.56 0.20969
53.33 0.20761
51.11 0.20548
48.89 0.20336
46.67 0.20135
44.44 0.19948
42.22 0.19755
40.00 0.19570
37.78 0.19361
35.56 0.19158
33.33 0.18948
31.11 0.18726
28.89 0.18513
26.67 0.18316
24.44 0.18126
22.22 0.17925
20.00 0.17721
17.78 0.17530
15.56 0.17334
13.33 0.17130
11.11 0.16929
8.89 0.16712
6.67 0.16484
4.44 0.16249
2.22 0.16000
0.00 0.15712
48.00 0.14413
47.19 0.14383
46.37 0.14037
45.56 0.13936
44.75 0.13955
43.93 0.13835
43.12 0.13734
42.31 0.13600
41.49 0.13486
40.68 0.13397
39.86 0.13309
39.05 0.13177
38.24 0.13074
37.42 0.12971
36.61 0.12882
35.80 0.12825
34.98 0.12759
34.17 0.12676
33.36 0.12588
32.54 0.12497
31.73 0.12413
30.92 0.12305
30.10 0.12192
29.29 0.12090
28.47 0.11994
27.66 0.11906
26.85 0.11814
26.03 0.11719
25.22 0.11616
24.41 0.11532
23.59 0.11419
22.78 0.11313
21.97 0.11211
21.15 0.11117
20.34 0.11023
19.53 0.10918
18.71 0.10824
17.90 0.10736
17.08 0.10652
16.27 0.10563
15.46 0.10471
14.64 0.10385
13.83 0.10292
13.02 0.10197
12.20 0.10100
11.39 0.09999
10.58 0.09901
9.76 0.09801
8.95 0.09706
8.14 0.09608
7.32 0.09509
6.51 0.09409
5.69 0.09305
4.88 0.09198
4.07 0.09091
3.25 0.08983
2.44 0.08870
1.63 0.08751
0.81 0.08627
0.00 0.08485
19.20 0.07957
18.90 0.08088
18.60 0.08092
18.30 0.08044
18.00 0.08071
17.70 0.07985
17.40 0.07977
17.10 0.08002
16.80 0.07988
16.50 0.07998
16.20 0.07941
15.90 0.07931
15.60 0.07912
15.30 0.07899
15.00 0.07847
14.70 0.07821
14.40 0.07810
14.10 0.07748
13.80 0.07683
13.50 0.07620
13.20 0.07573
12.90 0.07525
12.60 0.07481
12.30 0.07449
12.00 0.07400
11.70 0.07356
11.40 0.07313
11.10 0.07269
10.80 0.07235
10.50 0.07201
10.20 0.07175
9.90 0.07135
9.60 0.07097
9.30 0.07064
9.00 0.07021
8.70 0.06978
8.40 0.06935
8.10 0.06886
7.80 0.06836
7.50 0.06780
7.20 0.06727
6.90 0.06678
6.60 0.06630
6.30 0.06583
6.00 0.06534
5.70 0.06485
5.40 0.06436
5.10 0.06382
4.80 0.06329
4.50 0.06277
4.20 0.06224
3.90 0.06171
3.60 0.06116
3.30 0.06059
3.00 0.06003
2.70 0.05949
2.40 0.05892
2.10 0.05835
1.80 0.05776
1.50 0.05716
1.20 0.05655
0.90 0.05590
0.60 0.05523
0.30 0.05452
0.00 0.05370
7.68 0.04991
7.57 0.05108
7.46 0.05165
7.35 0.05153
7.23 0.05169
7.12 0.05115
7.01 0.05053
6.90 0.04970
6.79 0.04962
6.68 0.04949
6.57 0.04931
6.46 0.04912
6.34 0.04877
6.23 0.04847
6.12 0.04820
6.01 0.04786
5.90 0.04761
5.79 0.04728
5.68 0.04699
5.57 0.04666
5.45 0.04638
5.34 0.04614
5.23 0.04587
5.12 0.04562
5.01 0.04544
4.90 0.04518
4.79 0.04492
4.67 0.04466
4.56 0.04442
4.45 0.04415
4.34 0.04389
4.23 0.04365
4.12 0.04341
4.01 0.04314
3.90 0.04288
3.78 0.04257
3.67 0.04228
3.56 0.04199
3.45 0.04170
3.34 0.04142
3.23 0.04111
3.12 0.04083
3.01 0.04053
2.89 0.04026
2.78 0.03995
2.67 0.03966
2.56 0.03938
2.45 0.03910
2.34 0.03883
2.23 0.03857
2.11 0.03830
2.00 0.03802
1.89 0.03774
1.78 0.03746
1.67 0.03718
1.56 0.03689
1.45 0.03662
1.34 0.03633
1.22 0.03602
1.11 0.03570
1.00 0.03538
0.89 0.03507
0.78 0.03475
0.67 0.03441
0.56 0.03407
0.45 0.03373
0.33 0.03336
0.22 0.03299
0.11 0.03259
0.00 0.03214
3.07 0.03001
3.03 0.03001
2.99 0.02922
2.95 0.02906
2.91 0.02908
2.86 0.02888
2.82 0.02874
2.78 0.02855
2.74 0.02841
2.70 0.02826
2.66 0.02809
2.62 0.02805
2.57 0.02791
2.53 0.02785
2.49 0.02773
2.45 0.02761
2.41 0.02754
2.37 0.02746
2.32 0.02738
2.28 0.02726
2.24 0.02718
2.20 0.02712
2.16 0.02706
2.12 0.02703
2.08 0.02695
2.03 0.02687
1.99 0.02677
1.95 0.02666
1.91 0.02654
1.87 0.02643
1.83 0.02631
1.79 0.02621
1.74 0.02610
1.70 0.02598
1.66 0.02586
1.62 0.02574
1.58 0.02559
1.54 0.02545
1.49 0.02531
1.45 0.02516
1.41 0.02503
1.37 0.02489
1.33 0.02473
1.29 0.02458
1.25 0.02446
1.20 0.02434
1.16 0.02420
1.12 0.02406
1.08 0.02391
1.04 0.02376
1.00 0.02361
0.95 0.02348
0.91 0.02333
0.87 0.02319
0.83 0.02304
0.79 0.02288
0.75 0.02274
0.71 0.02258
0.66 0.02243
0.62 0.02228
0.58 0.02212
0.54 0.02195
0.50 0.02180
0.46 0.02163
0.42 0.02146
0.37 0.02129
0.33 0.02112
0.29 0.02093
0.25 0.02076
0.21 0.02057
0.17 0.02037
0.12 0.02017
0.08 0.01996
0.04 0.01973
0.00 0.01948
1.23 0.01777
1.21 0.01790
1.20 0.01812
1.18 0.01820
1.17 0.01821
1.15 0.01811
1.14 0.01801
1.12 0.01797
1.10 0.01788
1.09 0.01774
1.07 0.01761
1.06 0.01751
1.04 0.01743
1.03 0.01734
1.01 0.01727
1.00 0.01722
0.98 0.01720
0.96 0.01712
0.95 0.01701
0.93 0.01691
0.92 0.01685
0.90 0.01680
0.89 0.01674
0.87 0.01668
0.86 0.01662
0.84 0.01655
0.82 0.01648
0.81 0.01642
0.79 0.01636
0.78 0.01631
0.76 0.01624
0.75 0.01618
0.73 0.01610
0.72 0.01602
0.70 0.01592
0.68 0.01587
0.67 0.01581
0.65 0.01574
0.64 0.01566
0.62 0.01560
0.61 0.01553
0.59 0.01547
0.58 0.01540
0.56 0.01533
0.54 0.01527
0.53 0.01519
0.51 0.01512
0.50 0.01504
0.48 0.01497
0.47 0.01490
0.45 0.01482
0.44 0.01474
0.42 0.01466
0.40 0.01459
0.39 0.01451
0.37 0.01445
0.36 0.01436
0.34 0.01428
0.33 0.01419
0.31 0.01411
0.30 0.01403
0.28 0.01395
0.26 0.01386
0.25 0.01377
0.23 0.01367
0.22 0.01358
0.20 0.01349
0.19 0.01339
0.17 0.01330
0.16 0.01320
0.14 0.01310
0.12 0.01299
0.11 0.01290
0.09 0.01279
0.08 0.01268
0.06 0.01257
0.05 0.01245
0.03 0.01232
0.02 0.01220
0.00 0.01205
0.49 0.01203
0.49 0.01170
0.48 0.01167
0.47 0.01159
0.47 0.01151
0.46 0.01142
0.46 0.01138
0.45 0.01134
0.44 0.01125
0.44 0.01122
0.43 0.01117
0.43 0.01117
0.42 0.01113
0.42 0.01107
0.41 0.01102
0.40 0.01100
0.40 0.01097
0.39 0.01092
0.39 0.01088
0.38 0.01081
0.37 0.01077
0.37 0.01072
0.36 0.01068
0.36 0.01064
0.35 0.01061
0.35 0.01057
0.34 0.01052
0.33 0.01048
0.33 0.01043
0.32 0.01038
0.32 0.01034
0.31 0.01029
0.30 0.01026
0.30 0.01023
0.29 0.01019
0.29 0.01016
0.28 0.01013
0.28 0.01010
0.27 0.01005
0.26 0.01001
0.26 0.00996
0.25 0.00992
0.25 0.00989
0.24 0.00985
0.23 0.00980
0.23 0.00977
0.22 0.00971
0.22 0.00967
0.21 0.00963
0.20 0.00958
0.20 0.00954
0.19 0.00950
0.19 0.00945
0.18 0.00941
0.18 0.00937
0.17 0.00933
0.16 0.00929
0.16 0.00924
0.15 0.00920
0.15 0.00914
0.14 0.00910
0.13 0.00905
0.13 0.00899
0.12 0.00894
0.12 0.00889
0.11 0.00884
0.11 0.00878
0.10 0.00873
0.09 0.00868
0.09 0.00863
0.08 0.00858
0.08 0.00852
0.07 0.00846
0.06 0.00841
0.06 0.00835
0.05 0.00829
0.05 0.00823
0.04 0.00817
0.04 0.00810
0.03 0.00804
0.02 0.00797
0.02 0.00790
0.01 0.00783
0.01 0.00775
0.00 0.00766
0.20 0.00724
0.19 0.00750
0.19 0.00734
0.19 0.00720
0.19 0.00711
0.19 0.00718
0.18 0.00715
0.18 0.00713
0.18 0.00710
0.18 0.00713
0.17 0.00711
0.17 0.00706
0.17 0.00705
0.17 0.00703
0.17 0.00701
0.16 0.00698
0.16 0.00698
0.16 0.00698
0.16 0.00693
0.15 0.00689
0.15 0.00686
0.15 0.00687
0.15 0.00684
0.15 0.00681
0.14 0.00681
0.14 0.00678
0.14 0.00676
0.14 0.00676
0.13 0.00674
0.13 0.00671
0.13 0.00669
0.13 0.00667
0.13 0.00665
0.12 0.00661
0.12 0.00659
0.12 0.00657
0.12 0.00654
0.11 0.00651
0.11 0.00647
0.11 0.00644
0.11 0.00641
0.11 0.00639
0.10 0.00637
0.10 0.00634
0.10 0.00632
0.10 0.00630
0.09 0.00628
0.09 0.00624
0.09 0.00622
0.09 0.00619
0.09 0.00615
0.08 0.00612
0.08 0.00610
0.08 0.00606
0.08 0.00603
0.08 0.00600
0.07 0.00598
0.07 0.00595
0.07 0.00592
0.07 0.00589
0.06 0.00586
0.06 0.00583
0.06 0.00580
0.06 0.00577
0.06 0.00575
0.05 0.00572
0.05 0.00568
0.05 0.00565
0.05 0.00562
0.04 0.00559
0.04 0.00556
0.04 0.00553
0.04 0.00550
0.04 0.00546
0.03 0.00543
0.03 0.00540
0.03 0.00536
0.03 0.00532
0.02 0.00529
0.02 0.00525
0.02 0.00521
0.02 0.00517
0.02 0.00514
0.01 0.00510
0.01 0.00506
0.01 0.00501
0.01 0.00497
0.00 0.00493
0.00 0.00488
0.00 0.00483
0.08 0.00491
0.08 0.00464
0.08 0.00470
0.08 0.00456
0.08 0.00449
0.07 0.00442
0.07 0.00440
0.07 0.00444
0.07 0.00443
0.07 0.00441
0.07 0.00438
0.07 0.00432
0.07 0.00433
0.07 0.00434
0.07 0.00435
0.07 0.00434
0.07 0.00431
0.06 0.00430
0.06 0.00429
0.06 0.00431
0.06 0.00431
0.06 0.00429
0.06 0.00431
0.06 0.00429
0.06 0.00427
0.06 0.00426
0.06 0.00423
0.06 0.00421
0.06 0.00420
0.05 0.00418
0.05 0.00416
0.05 0.00415
0.05 0.00415
0.05 0.00413
0.05 0.00412
0.05 0.00410
0.05 0.00410
0.05 0.00408
0.05 0.00407
0.05 0.00406
0.05 0.00404
0.04 0.00403
0.04 0.00401
0.04 0.00400
0.04 0.00399
0.04 0.00398
0.04 0.00397
0.04 0.00396
0.04 0.00394
0.04 0.00392
0.04 0.00391
0.04 0.00389
0.04 0.00387
0.03 0.00386
0.03 0.00384
0.03 0.00382
0.03 0.00381
0.03 0.00380
0.03 0.00378
0.03 0.00377
0.03 0.00375
0.03 0.00374
0.03 0.00372
0.03 0.00371
0.03 0.00369
0.02 0.00367
0.02 0.00365
0.02 0.00363
0.02 0.00361
0.02 0.00359
0.02 0.00357
0.02 0.00355
0.02 0.00353
0.02 0.00351
0.02 0.00349
0.02 0.00347
0.02 0.00345
0.01 0.00344
0.01 0.00342
0.01 0.00340
0.01 0.00338
0.01 0.00336
0.01 0.00334
0.01 0.00332
0.01 0.00329
0.01 0.00327
0.01 0.00325
0.01 0.00323
0.01 0.00320
0.00 0.00318
0.00 0.00316
0.00 0.00313
0.00 0.00310
0.00 0.00308
0.00 0.00304
0.00 0.01764
0.00 0.01256
0.00 0.01049
0.00 0.00872
0.00 0.00765
0.00 0.00707
0.00 0.00653
0.00 0.00622
0.00 0.00590
0.00 0.00568
0.00 0.00546
0.00 0.00521
0.00 0.00516
0.00 0.00499
0.00 0.00478
0.00 0.00461
0.00 0.00458
0.00 0.00443
0.00 0.00430
0.00 0.00422
0.00 0.00412
0.00 0.00404
0.00 0.00397
0.00 0.00392
0.00 0.00384
0.00 0.00377
0.00 0.00369
0.00 0.00365
0.00 0.00363
0.00 0.00358
0.00 0.00355
0.00 0.00350
0.00 0.00348
0.00 0.00344
0.00 0.00340
0.00 0.00339
0.00 0.00335
0.00 0.00331
0.00 0.00330
0.00 0.00327
0.00 0.00325
0.00 0.00324
0.00 0.00322
0.00 0.00319
0.00 0.00317
0.00 0.00316
0.00 0.00313
0.00 0.00310
0.00 0.00306
0.00 0.00301
0.00 0.00300
0.00 0.00298
0.00 0.00297
0.00 0.00296
0.00 0.00293
0.00 0.00291
0.00 0.00287
0.00 0.00286
0.00 0.00283
0.00 0.00282
0.00 0.00280
0.00 0.00278
0.00 0.00276
0.00 0.00273
0.00 0.00272
0.00 0.00271
0.00 0.00270
0.00 0.00269
0.00 0.00267
0.00 0.00266
0.00 0.00264
0.00 0.00262
0.00 0.00261
0.00 0.00260
0.00 0.00259
0.00 0.00258
0.00 0.00256
0.00 0.00255
0.00 0.00253
0.00 0.00252
0.00 0.00251
0.00 0.00250
0.00 0.00248
0.00 0.00247
0.00 0.00245
0.00 0.00244
0.00 0.00242
0.00 0.00241
0.00 0.00240
0.00 0.00240
0.00 0.00239
0.00 0.00239
0.00 0.00238
0.00 0.00237
0.00 0.00235
0.00 0.00234
0.00 0.00232
0.00 0.00230
0.00 0.00229
0.00 0.00228
