25.00 0.93430
22.22 0.93132
19.44 0.93392
16.67 0.93235
13.89 0.93206
11.11 0.93038
8.33 0.92719
5.56 0.92269
2.78 0.88374
0.00 0.79571
20.00 0.93405
17.78 0.93350
15.56 0.93590
13.33 0.93264
11.11 0.92831
8.89 0.92605
6.67 0.92003
4.44 0.90159
2.22 0.85410
0.00 0.76884
16.00 0.93605
14.22 0.93325
12.44 0.92903
10.67 0.92736
8.89 0.92313
7.11 0.91683
5.33 0.91293
3.56 0.88091
1.78 0.82466
0.00 0.74240
12.80 0.92550
11.38 0.92102
9.96 0.92183
8.53 0.92015
7.11 0.91598
5.69 0.91194
4.27 0.89961
2.84 0.85314
1.42 0.79369
0.00 0.71451
