300.00 0.50779
293.88 0.47974
287.76 0.46398
281.63 0.45929
275.51 0.45367
269.39 0.44876
263.27 0.44247
257.14 0.43760
251.02 0.43374
244.90 0.43039
238.78 0.42812
232.65 0.42479
226.53 0.42140
220.41 0.41753
214.29 0.41420
208.16 0.41061
202.04 0.40707
195.92 0.40369
189.80 0.40044
183.67 0.39681
177.55 0.39344
171.43 0.39015
165.31 0.38677
159.18 0.38328
153.06 0.37975
146.94 0.37633
140.82 0.37268
134.69 0.36905
128.57 0.36537
122.45 0.36163
116.33 0.35787
110.20 0.35408
104.08 0.35043
97.96 0.34657
91.84 0.34270
85.71 0.33883
79.59 0.33499
73.47 0.33087
67.35 0.32661
61.22 0.32285
55.10 0.31863
48.98 0.31429
42.86 0.30968
36.73 0.30518
30.61 0.30063
24.49 0.29643
18.37 0.29153
12.24 0.28655
6.12 0.28142
0.00 0.27581
120.00 0.25029
117.78 0.25094
115.56 0.24879
113.33 0.24518
111.11 0.24515
108.89 0.24403
106.67 0.24168
104.44 0.24030
102.22 0.23925
100.00 0.23713
97.78 0.23540
95.56 0.23437
93.33 0.23271
91.11 0.23102
88.89 0.22914
86.67 0.22763
84.44 0.22576
82.22 0.22431
80.00 0.22270
77.78 0.22092
75.56 0.21924
73.33 0.21764
71.11 0.21604
68.89 0.21423
66.67 0.21301
64.44 0.21088
62.22 0.20919
60.00 0.20709
57.78 0.20493
55.56 0.20298
53.33 0.20149
51.11 0.19965
48.89 0.19806
46.67 0.19649
44.44 0.19459
42.22 0.19248
40.00 0.19042
37.78 0.18863
35.56 0.18650
33.33 0.18425
31.11 0.18211
28.89 0.17986
26.67 0.17783
24.44 0.17607
22.22 0.17479
20.00 0.17293
17.78 0.17073
15.56 0.16856
13.33 0.16639
11.11 0.16415
8.89 0.16179
6.67 0.15944
4.44 0.15702
2.22 0.15453
0.00 0.15173
48.00 0.13018
47.19 0.13101
46.37 0.13612
45.56 0.13448
44.75 0.13547
43.93 0.13342
43.12 0.13278
42.31 0.13136
41.49 0.13058
40.68 0.12935
39.86 0.12888
39.05 0.12770
38.24 0.12676
37.42 0.12517
36.61 0.12435
35.80 0.12320
34.98 0.12192
34.17 0.12103
33.36 0.12015
32.54 0.11909
31.73 0.11828
30.92 0.11712
30.10 0.11679
29.29 0.11608
28.47 0.11504
27.66 0.11403
26.85 0.11318
26.03 0.11360
25.22 0.11386
24.41 0.11385
23.59 0.11296
22.78 0.11289
21.97 0.11320
21.15 0.11269
20.34 0.11151
19.53 0.11041
18.71 0.10948
17.90 0.10849
17.08 0.10745
16.27 0.10652
15.46 0.10541
14.64 0.10438
13.83 0.10329
13.02 0.10214
12.20 0.10101
11.39 0.09994
10.58 0.09891
9.76 0.09794
8.95 0.09700
8.14 0.09595
7.32 0.09486
6.51 0.09374
5.69 0.09260
4.88 0.09146
4.07 0.09030
3.25 0.08913
2.44 0.08795
1.63 0.08674
0.81 0.08547
0.00 0.08406
19.20 0.06745
18.90 0.06792
18.60 0.07577
18.30 0.08454
18.00 0.08628
17.70 0.08414
17.40 0.08144
17.10 0.08260
16.80 0.08333
16.50 0.08165
16.20 0.07998
15.90 0.07835
15.60 0.07708
15.30 0.07773
15.00 0.07755
14.70 0.07711
14.40 0.07754
14.10 0.07909
13.80 0.08006
13.50 0.08025
13.20 0.07924
12.90 0.07823
12.60 0.07743
12.30 0.07651
12.00 0.07605
11.70 0.07555
11.40 0.07512
11.10 0.07446
10.80 0.07454
10.50 0.07451
10.20 0.07401
9.90 0.07377
9.60 0.07298
9.30 0.07226
9.00 0.07156
8.70 0.07144
8.40 0.07089
8.10 0.07045
7.80 0.06986
7.50 0.06923
7.20 0.06872
6.90 0.06831
6.60 0.06776
6.30 0.06718
6.00 0.06666
5.70 0.06607
5.40 0.06546
5.10 0.06480
4.80 0.06410
4.50 0.06345
4.20 0.06281
3.90 0.06227
3.60 0.06181
3.30 0.06137
3.00 0.06084
2.70 0.06033
2.40 0.05981
2.10 0.05934
1.80 0.05882
1.50 0.05832
1.20 0.05778
0.90 0.05719
0.60 0.05655
0.30 0.05586
0.00 0.05501
7.68 0.06538
7.57 0.05675
7.46 0.05272
7.35 0.04988
7.23 0.04770
7.12 0.04723
7.01 0.04711
6.90 0.04642
6.79 0.04582
6.68 0.04547
6.57 0.04514
6.46 0.04496
6.34 0.04505
6.23 0.04541
6.12 0.04617
6.01 0.04707
5.90 0.04751
5.79 0.04737
5.68 0.04717
5.57 0.04702
5.45 0.04683
5.34 0.04665
5.23 0.04644
5.12 0.04613
5.01 0.04576
4.90 0.04535
4.79 0.04487
4.67 0.04437
4.56 0.04389
4.45 0.04341
4.34 0.04301
4.23 0.04261
4.12 0.04225
4.01 0.04189
3.90 0.04156
3.78 0.04123
3.67 0.04090
3.56 0.04054
3.45 0.04021
3.34 0.03986
3.23 0.03953
3.12 0.03919
3.01 0.03886
2.89 0.03853
2.78 0.03818
2.67 0.03787
2.56 0.03754
2.45 0.03722
2.34 0.03690
2.23 0.03658
2.11 0.03627
2.00 0.03594
1.89 0.03564
1.78 0.03532
1.67 0.03502
1.56 0.03471
1.45 0.03440
1.34 0.03410
1.22 0.03378
1.11 0.03346
1.00 0.03314
0.89 0.03281
0.78 0.03248
0.67 0.03215
0.56 0.03183
0.45 0.03149
0.33 0.03113
0.22 0.03077
0.11 0.03039
0.00 0.02996
3.07 0.02390
3.03 0.02448
2.99 0.02457
2.95 0.02456
2.91 0.02478
2.86 0.02482
2.82 0.02486
2.78 0.02462
2.74 0.02458
2.70 0.02447
2.66 0.02429
2.62 0.02421
2.57 0.02410
2.53 0.02409
2.49 0.02400
2.45 0.02393
2.41 0.02383
2.37 0.02370
2.32 0.02362
2.28 0.02356
2.24 0.02352
2.20 0.02343
2.16 0.02339
2.12 0.02329
2.08 0.02317
2.03 0.02307
1.99 0.02299
1.95 0.02290
1.91 0.02281
1.87 0.02273
1.83 0.02267
1.79 0.02257
1.74 0.02248
1.70 0.02241
1.66 0.02231
1.62 0.02224
1.58 0.02213
1.54 0.02203
1.49 0.02194
1.45 0.02183
1.41 0.02174
1.37 0.02163
1.33 0.02152
1.29 0.02141
1.25 0.02130
1.20 0.02118
1.16 0.02105
1.12 0.02094
1.08 0.02081
1.04 0.02069
1.00 0.02058
0.95 0.02046
0.91 0.02032
0.87 0.02019
0.83 0.02008
0.79 0.01994
0.75 0.01981
0.71 0.01969
0.66 0.01956
0.62 0.01943
0.58 0.01930
0.54 0.01916
0.50 0.01902
0.46 0.01889
0.42 0.01875
0.37 0.01860
0.33 0.01845
0.29 0.01829
0.25 0.01813
0.21 0.01796
0.17 0.01778
0.12 0.01760
0.08 0.01742
0.04 0.01722
0.00 0.01700
1.23 0.01680
1.21 0.01657
1.20 0.01623
1.18 0.01608
1.17 0.01603
1.15 0.01590
1.14 0.01579
1.12 0.01566
1.10 0.01554
1.09 0.01551
1.07 0.01541
1.06 0.01536
1.04 0.01532
1.03 0.01525
1.01 0.01514
1.00 0.01509
0.98 0.01504
0.96 0.01499
0.95 0.01494
0.93 0.01487
0.92 0.01485
0.90 0.01480
0.89 0.01475
0.87 0.01472
0.86 0.01465
0.84 0.01458
0.82 0.01451
0.81 0.01445
0.79 0.01441
0.78 0.01435
0.76 0.01429
0.75 0.01423
0.73 0.01416
0.72 0.01407
0.70 0.01399
0.68 0.01391
0.67 0.01386
0.65 0.01379
0.64 0.01373
0.62 0.01367
0.61 0.01359
0.59 0.01352
0.58 0.01345
0.56 0.01340
0.54 0.01335
0.53 0.01329
0.51 0.01322
0.50 0.01316
0.48 0.01309
0.47 0.01302
0.45 0.01296
0.44 0.01289
0.42 0.01283
0.40 0.01275
0.39 0.01268
0.37 0.01261
0.36 0.01253
0.34 0.01246
0.33 0.01238
0.31 0.01231
0.30 0.01224
0.28 0.01217
0.26 0.01209
0.25 0.01201
0.23 0.01193
0.22 0.01185
0.20 0.01176
0.19 0.01169
0.17 0.01160
0.16 0.01153
0.14 0.01144
0.12 0.01135
0.11 0.01126
0.09 0.01117
0.08 0.01107
0.06 0.01098
0.05 0.01088
0.03 0.01077
0.02 0.01065
0.00 0.01052
0.49 0.00978
0.49 0.00983
0.48 0.00988
0.47 0.00993
0.47 0.00990
0.46 0.00989
0.46 0.00989
0.45 0.00987
0.44 0.00982
0.44 0.00977
0.43 0.00976
0.43 0.00973
0.42 0.00974
0.42 0.00972
0.41 0.00970
0.40 0.00968
0.40 0.00964
0.39 0.00962
0.39 0.00959
0.38 0.00955
0.37 0.00954
0.37 0.00950
0.36 0.00945
0.36 0.00940
0.35 0.00936
0.35 0.00933
0.34 0.00928
0.33 0.00924
0.33 0.00919
0.32 0.00915
0.32 0.00911
0.31 0.00906
0.30 0.00902
0.30 0.00898
0.29 0.00893
0.29 0.00889
0.28 0.00885
0.28 0.00880
0.27 0.00877
0.26 0.00873
0.26 0.00869
0.25 0.00865
0.25 0.00861
0.24 0.00859
0.23 0.00855
0.23 0.00851
0.22 0.00847
0.22 0.00843
0.21 0.00838
0.20 0.00833
0.20 0.00829
0.19 0.00825
0.19 0.00820
0.18 0.00816
0.18 0.00812
0.17 0.00808
0.16 0.00804
0.16 0.00800
0.15 0.00796
0.15 0.00792
0.14 0.00787
0.13 0.00782
0.13 0.00778
0.12 0.00773
0.12 0.00768
0.11 0.00764
0.11 0.00759
0.10 0.00755
0.09 0.00750
0.09 0.00745
0.08 0.00741
0.08 0.00736
0.07 0.00731
0.06 0.00725
0.06 0.00720
0.05 0.00715
0.05 0.00709
0.04 0.00703
0.04 0.00698
0.03 0.00692
0.02 0.00686
0.02 0.00680
0.01 0.00674
0.01 0.00667
0.00 0.00659
0.20 0.00624
0.19 0.00627
0.19 0.00621
0.19 0.00614
0.19 0.00615
0.19 0.00618
0.18 0.00613
0.18 0.00609
0.18 0.00609
0.18 0.00604
0.17 0.00601
0.17 0.00600
0.17 0.00599
0.17 0.00597
0.17 0.00594
0.16 0.00591
0.16 0.00591
0.16 0.00588
0.16 0.00584
0.15 0.00585
0.15 0.00582
0.15 0.00580
0.15 0.00578
0.15 0.00577
0.14 0.00575
0.14 0.00575
0.14 0.00572
0.14 0.00568
0.13 0.00567
0.13 0.00564
0.13 0.00562
0.13 0.00558
0.13 0.00555
0.12 0.00554
0.12 0.00551
0.12 0.00549
0.12 0.00546
0.11 0.00544
0.11 0.00542
0.11 0.00540
0.11 0.00538
0.11 0.00537
0.10 0.00535
0.10 0.00533
0.10 0.00531
0.10 0.00529
0.09 0.00527
0.09 0.00525
0.09 0.00522
0.09 0.00519
0.09 0.00516
0.08 0.00514
0.08 0.00511
0.08 0.00509
0.08 0.00507
0.08 0.00505
0.07 0.00503
0.07 0.00501
0.07 0.00498
0.07 0.00495
0.06 0.00493
0.06 0.00491
0.06 0.00489
0.06 0.00486
0.06 0.00483
0.05 0.00482
0.05 0.00479
0.05 0.00477
0.05 0.00474
0.04 0.00472
0.04 0.00469
0.04 0.00466
0.04 0.00463
0.04 0.00460
0.03 0.00458
0.03 0.00455
0.03 0.00452
0.03 0.00449
0.02 0.00446
0.02 0.00444
0.02 0.00441
0.02 0.00437
0.02 0.00434
0.01 0.00431
0.01 0.00427
0.01 0.00424
0.01 0.00421
0.00 0.00417
0.00 0.00413
0.00 0.00409
0.08 0.00366
0.08 0.00377
0.08 0.00386
0.08 0.00377
0.08 0.00373
0.07 0.00377
0.07 0.00379
0.07 0.00374
0.07 0.00375
0.07 0.00378
0.07 0.00375
0.07 0.00376
0.07 0.00373
0.07 0.00369
0.07 0.00367
0.07 0.00368
0.07 0.00367
0.06 0.00367
0.06 0.00367
0.06 0.00365
0.06 0.00363
0.06 0.00362
0.06 0.00360
0.06 0.00360
0.06 0.00360
0.06 0.00359
0.06 0.00358
0.06 0.00357
0.06 0.00356
0.05 0.00355
0.05 0.00354
0.05 0.00355
0.05 0.00353
0.05 0.00353
0.05 0.00351
0.05 0.00350
0.05 0.00349
0.05 0.00348
0.05 0.00346
0.05 0.00345
0.05 0.00344
0.04 0.00342
0.04 0.00340
0.04 0.00339
0.04 0.00339
0.04 0.00337
0.04 0.00336
0.04 0.00334
0.04 0.00332
0.04 0.00331
0.04 0.00329
0.04 0.00328
0.04 0.00327
0.03 0.00326
0.03 0.00324
0.03 0.00323
0.03 0.00322
0.03 0.00321
0.03 0.00319
0.03 0.00318
0.03 0.00317
0.03 0.00316
0.03 0.00314
0.03 0.00313
0.03 0.00311
0.02 0.00310
0.02 0.00308
0.02 0.00306
0.02 0.00305
0.02 0.00303
0.02 0.00301
0.02 0.00300
0.02 0.00299
0.02 0.00297
0.02 0.00295
0.02 0.00294
0.02 0.00292
0.01 0.00291
0.01 0.00289
0.01 0.00288
0.01 0.00286
0.01 0.00284
0.01 0.00283
0.01 0.00281
0.01 0.00279
0.01 0.00278
0.01 0.00276
0.01 0.00274
0.01 0.00272
0.00 0.00270
0.00 0.00268
0.00 0.00266
0.00 0.00263
0.00 0.00261
0.00 0.00258
0.00 0.00126
0.00 0.00085
0.00 0.00080
0.00 0.00072
0.00 0.00063
0.00 0.00064
0.00 0.00060
0.00 0.00054
0.00 0.00052
0.00 0.00050
0.00 0.00048
0.00 0.00047
0.00 0.00044
0.00 0.00041
0.00 0.00039
0.00 0.00037
0.00 0.00035
0.00 0.00033
0.00 0.00033
0.00 0.00032
0.00 0.00030
0.00 0.00029
0.00 0.00028
0.00 0.00028
0.00 0.00027
0.00 0.00027
0.00 0.00026
0.00 0.00025
0.00 0.00025
0.00 0.00024
0.00 0.00023
0.00 0.00022
0.00 0.00022
0.00 0.00021
0.00 0.00021
0.00 0.00020
0.00 0.00020
0.00 0.00019
0.00 0.00019
0.00 0.00019
0.00 0.00018
0.00 0.00018
0.00 0.00018
0.00 0.00017
0.00 0.00017
0.00 0.00017
0.00 0.00016
0.00 0.00016
0.00 0.00016
0.00 0.00015
0.00 0.00015
0.00 0.00015
0.00 0.00015
0.00 0.00014
0.00 0.00014
0.00 0.00014
0.00 0.00015
0.00 0.00014
0.00 0.00015
0.00 0.00015
0.00 0.00015
0.00 0.00015
0.00 0.00014
0.00 0.00014
0.00 0.00014
0.00 0.00014
0.00 0.00014
0.00 0.00013
0.00 0.00013
0.00 0.00013
0.00 0.00013
0.00 0.00013
0.00 0.00013
0.00 0.00013
0.00 0.00013
0.00 0.00012
0.00 0.00012
0.00 0.00012
0.00 0.00012
0.00 0.00012
0.00 0.00012
0.00 0.00012
0.00 0.00011
0.00 0.00011
0.00 0.00011
0.00 0.00011
0.00 0.00011
0.00 0.00011
0.00 0.00011
0.00 0.00011
0.00 0.00010
0.00 0.00010
0.00 0.00010
0.00 0.00010
0.00 0.00010
0.00 0.00010
0.00 0.00010
0.00 0.00010
0.00 0.00010
0.00 0.00010
