300.00 0.47746
293.88 0.46053
287.76 0.45325
281.63 0.44755
275.51 0.44318
269.39 0.43916
263.27 0.43519
257.14 0.43084
251.02 0.42793
244.90 0.42489
238.78 0.42198
232.65 0.41905
226.53 0.41594
220.41 0.41285
214.29 0.40936
208.16 0.40584
202.04 0.40267
195.92 0.39955
189.80 0.39647
183.67 0.39335
177.55 0.39020
171.43 0.38704
165.31 0.38383
159.18 0.38054
153.06 0.37712
146.94 0.37373
140.82 0.37032
134.69 0.36702
128.57 0.36354
122.45 0.35995
116.33 0.35652
110.20 0.35291
104.08 0.34929
97.96 0.34572
91.84 0.34193
85.71 0.33813
79.59 0.33434
73.47 0.33038
67.35 0.32633
61.22 0.32226
55.10 0.31813
48.98 0.31397
42.86 0.30959
36.73 0.30524
30.61 0.30068
24.49 0.29607
18.37 0.29139
12.24 0.28650
6.12 0.28141
0.00 0.27580
120.00 0.25495
117.78 0.25421
115.56 0.25350
113.33 0.25149
111.11 0.24953
108.89 0.24751
106.67 0.24602
104.44 0.24437
102.22 0.24283
100.00 0.24093
97.78 0.23891
95.56 0.23708
93.33 0.23557
91.11 0.23386
88.89 0.23202
86.67 0.23045
84.44 0.22855
82.22 0.22679
80.00 0.22525
77.78 0.22359
75.56 0.22181
73.33 0.22019
71.11 0.21836
68.89 0.21669
66.67 0.21503
64.44 0.21341
62.22 0.21154
60.00 0.20974
57.78 0.20792
55.56 0.20595
53.33 0.20428
51.11 0.20250
48.89 0.20066
46.67 0.19874
44.44 0.19678
42.22 0.19484
40.00 0.19289
37.78 0.19110
35.56 0.18910
33.33 0.18707
31.11 0.18499
28.89 0.18285
26.67 0.18074
24.44 0.17873
22.22 0.17671
20.00 0.17457
17.78 0.17230
15.56 0.17021
13.33 0.16804
11.11 0.16581
8.89 0.16360
6.67 0.16141
4.44 0.15905
2.22 0.15658
0.00 0.15374
48.00 0.13573
47.19 0.13600
46.37 0.13730
45.56 0.13690
44.75 0.13627
43.93 0.13608
43.12 0.13485
42.31 0.13443
41.49 0.13400
40.68 0.13235
39.86 0.13148
39.05 0.13066
38.24 0.12946
37.42 0.12830
36.61 0.12731
35.80 0.12654
34.98 0.12629
34.17 0.12592
33.36 0.12506
32.54 0.12416
31.73 0.12324
30.92 0.12243
30.10 0.12202
29.29 0.12099
28.47 0.12010
27.66 0.11926
26.85 0.11853
26.03 0.11790
25.22 0.11707
24.41 0.11630
23.59 0.11536
22.78 0.11458
21.97 0.11376
21.15 0.11294
20.34 0.11195
19.53 0.11100
18.71 0.11025
17.90 0.10936
17.08 0.10838
16.27 0.10749
15.46 0.10677
14.64 0.10600
13.83 0.10524
13.02 0.10437
12.20 0.10343
11.39 0.10245
10.58 0.10159
9.76 0.10072
8.95 0.09991
8.14 0.09912
7.32 0.09837
6.51 0.09753
5.69 0.09661
4.88 0.09564
4.07 0.09462
3.25 0.09362
2.44 0.09262
1.63 0.09150
0.81 0.09030
0.00 0.08880
19.20 0.07734
18.90 0.07353
18.60 0.07262
18.30 0.07306
18.00 0.07348
17.70 0.07347
17.40 0.07407
17.10 0.07352
16.80 0.07256
16.50 0.07219
16.20 0.07226
15.90 0.07216
15.60 0.07271
15.30 0.07304
15.00 0.07312
14.70 0.07274
14.40 0.07258
14.10 0.07244
13.80 0.07179
13.50 0.07125
13.20 0.07070
12.90 0.07040
12.60 0.06987
12.30 0.06930
12.00 0.06900
11.70 0.06903
11.40 0.06896
11.10 0.06857
10.80 0.06811
10.50 0.06762
10.20 0.06717
9.90 0.06668
9.60 0.06610
9.30 0.06557
9.00 0.06504
8.70 0.06449
8.40 0.06393
8.10 0.06344
7.80 0.06292
7.50 0.06241
7.20 0.06188
6.90 0.06139
6.60 0.06091
6.30 0.06035
6.00 0.05983
5.70 0.05928
5.40 0.05871
5.10 0.05815
4.80 0.05762
4.50 0.05710
4.20 0.05659
3.90 0.05605
3.60 0.05550
3.30 0.05495
3.00 0.05439
2.70 0.05382
2.40 0.05326
2.10 0.05269
1.80 0.05210
1.50 0.05151
1.20 0.05090
0.90 0.05028
0.60 0.04966
0.30 0.04900
0.00 0.04826
7.68 0.04117
7.57 0.04052
7.46 0.04067
7.35 0.04090
7.23 0.04061
7.12 0.04012
7.01 0.03997
6.90 0.03971
6.79 0.03963
6.68 0.03972
6.57 0.03964
6.46 0.03959
6.34 0.03953
6.23 0.03964
6.12 0.03969
6.01 0.04000
5.90 0.04016
5.79 0.04027
5.68 0.04052
5.57 0.04062
5.45 0.04066
5.34 0.04063
5.23 0.04036
5.12 0.04012
5.01 0.03991
4.90 0.03971
4.79 0.03956
4.67 0.03950
4.56 0.03938
4.45 0.03931
4.34 0.03916
4.23 0.03909
4.12 0.03897
4.01 0.03888
3.90 0.03874
3.78 0.03869
3.67 0.03857
3.56 0.03841
3.45 0.03825
3.34 0.03809
3.23 0.03791
3.12 0.03768
3.01 0.03748
2.89 0.03727
2.78 0.03705
2.67 0.03685
2.56 0.03665
2.45 0.03642
2.34 0.03622
2.23 0.03602
2.11 0.03579
2.00 0.03553
1.89 0.03528
1.78 0.03503
1.67 0.03478
1.56 0.03451
1.45 0.03424
1.34 0.03398
1.22 0.03371
1.11 0.03345
1.00 0.03318
0.89 0.03290
0.78 0.03262
0.67 0.03233
0.56 0.03204
0.45 0.03173
0.33 0.03141
0.22 0.03107
0.11 0.03070
0.00 0.03027
3.07 0.02974
3.03 0.02948
2.99 0.02970
2.95 0.02998
2.91 0.03036
2.86 0.03009
2.82 0.02965
2.78 0.02921
2.74 0.02882
2.70 0.02858
2.66 0.02835
2.62 0.02808
2.57 0.02779
2.53 0.02759
2.49 0.02741
2.45 0.02734
2.41 0.02739
2.37 0.02740
2.32 0.02754
2.28 0.02769
2.24 0.02783
2.20 0.02788
2.16 0.02797
2.12 0.02814
2.08 0.02805
2.03 0.02803
1.99 0.02818
1.95 0.02830
1.91 0.02837
1.87 0.02841
1.83 0.02845
1.79 0.02844
1.74 0.02839
1.70 0.02832
1.66 0.02824
1.62 0.02814
1.58 0.02809
1.54 0.02800
1.49 0.02792
1.45 0.02779
1.41 0.02764
1.37 0.02749
1.33 0.02736
1.29 0.02723
1.25 0.02710
1.20 0.02698
1.16 0.02686
1.12 0.02670
1.08 0.02652
1.04 0.02637
1.00 0.02620
0.95 0.02605
0.91 0.02589
0.87 0.02573
0.83 0.02560
0.79 0.02547
0.75 0.02531
0.71 0.02516
0.66 0.02502
0.62 0.02487
0.58 0.02472
0.54 0.02456
0.50 0.02440
0.46 0.02424
0.42 0.02407
0.37 0.02390
0.33 0.02372
0.29 0.02352
0.25 0.02333
0.21 0.02312
0.17 0.02291
0.12 0.02269
0.08 0.02246
0.04 0.02220
0.00 0.02191
1.23 0.02207
1.21 0.02191
1.20 0.02183
1.18 0.02148
1.17 0.02150
1.15 0.02148
1.14 0.02144
1.12 0.02146
1.10 0.02138
1.09 0.02121
1.07 0.02111
1.06 0.02092
1.04 0.02079
1.03 0.02067
1.01 0.02051
1.00 0.02036
0.98 0.02021
0.96 0.02008
0.95 0.02000
0.93 0.01993
0.92 0.01985
0.90 0.01980
0.89 0.01976
0.87 0.01974
0.86 0.01974
0.84 0.01972
0.82 0.01971
0.81 0.01966
0.79 0.01961
0.78 0.01955
0.76 0.01944
0.75 0.01936
0.73 0.01926
0.72 0.01916
0.70 0.01912
0.68 0.01906
0.67 0.01899
0.65 0.01894
0.64 0.01889
0.62 0.01882
0.61 0.01875
0.59 0.01868
0.58 0.01859
0.56 0.01850
0.54 0.01842
0.53 0.01834
0.51 0.01825
0.50 0.01816
0.48 0.01808
0.47 0.01798
0.45 0.01788
0.44 0.01779
0.42 0.01771
0.40 0.01761
0.39 0.01752
0.37 0.01743
0.36 0.01733
0.34 0.01722
0.33 0.01711
0.31 0.01701
0.30 0.01690
0.28 0.01679
0.26 0.01668
0.25 0.01658
0.23 0.01647
0.22 0.01635
0.20 0.01624
0.19 0.01613
0.17 0.01602
0.16 0.01591
0.14 0.01579
0.12 0.01567
0.11 0.01554
0.09 0.01541
0.08 0.01528
0.06 0.01514
0.05 0.01500
0.03 0.01486
0.02 0.01470
0.00 0.01452
0.49 0.01418
0.49 0.01409
0.48 0.01398
0.47 0.01402
0.47 0.01396
0.46 0.01399
0.46 0.01384
0.45 0.01380
0.44 0.01386
0.44 0.01383
0.43 0.01374
0.43 0.01370
0.42 0.01360
0.42 0.01353
0.41 0.01352
0.40 0.01345
0.40 0.01343
0.39 0.01336
0.39 0.01329
0.38 0.01326
0.37 0.01319
0.37 0.01314
0.36 0.01307
0.36 0.01298
0.35 0.01294
0.35 0.01287
0.34 0.01284
0.33 0.01279
0.33 0.01275
0.32 0.01271
0.32 0.01267
0.31 0.01262
0.30 0.01257
0.30 0.01252
0.29 0.01247
0.29 0.01243
0.28 0.01236
0.28 0.01231
0.27 0.01226
0.26 0.01221
0.26 0.01218
0.25 0.01213
0.25 0.01209
0.24 0.01202
0.23 0.01196
0.23 0.01192
0.22 0.01186
0.22 0.01181
0.21 0.01177
0.20 0.01172
0.20 0.01167
0.19 0.01162
0.19 0.01156
0.18 0.01150
0.18 0.01145
0.17 0.01139
0.16 0.01134
0.16 0.01127
0.15 0.01121
0.15 0.01115
0.14 0.01110
0.13 0.01104
0.13 0.01099
0.12 0.01093
0.12 0.01087
0.11 0.01080
0.11 0.01074
0.10 0.01068
0.09 0.01062
0.09 0.01055
0.08 0.01048
0.08 0.01041
0.07 0.01034
0.06 0.01028
0.06 0.01020
0.05 0.01013
0.05 0.01006
0.04 0.00998
0.04 0.00991
0.03 0.00983
0.02 0.00974
0.02 0.00965
0.01 0.00956
0.01 0.00947
0.00 0.00936
0.20 0.00891
0.19 0.00892
0.19 0.00900
0.19 0.00907
0.19 0.00894
0.19 0.00897
0.18 0.00894
0.18 0.00895
0.18 0.00885
0.18 0.00881
0.17 0.00880
0.17 0.00882
0.17 0.00881
0.17 0.00880
0.17 0.00877
0.16 0.00873
0.16 0.00869
0.16 0.00866
0.16 0.00865
0.15 0.00862
0.15 0.00860
0.15 0.00854
0.15 0.00851
0.15 0.00845
0.14 0.00841
0.14 0.00838
0.14 0.00833
0.14 0.00831
0.13 0.00828
0.13 0.00827
0.13 0.00823
0.13 0.00820
0.13 0.00816
0.12 0.00812
0.12 0.00808
0.12 0.00805
0.12 0.00802
0.11 0.00799
0.11 0.00797
0.11 0.00794
0.11 0.00792
0.11 0.00789
0.10 0.00785
0.10 0.00781
0.10 0.00778
0.10 0.00775
0.09 0.00772
0.09 0.00769
0.09 0.00766
0.09 0.00763
0.09 0.00758
0.08 0.00755
0.08 0.00751
0.08 0.00747
0.08 0.00744
0.08 0.00741
0.07 0.00737
0.07 0.00734
0.07 0.00730
0.07 0.00727
0.06 0.00724
0.06 0.00720
0.06 0.00716
0.06 0.00713
0.06 0.00709
0.05 0.00705
0.05 0.00702
0.05 0.00698
0.05 0.00694
0.04 0.00690
0.04 0.00687
0.04 0.00683
0.04 0.00679
0.04 0.00674
0.03 0.00669
0.03 0.00665
0.03 0.00661
0.03 0.00657
0.02 0.00652
0.02 0.00648
0.02 0.00643
0.02 0.00639
0.02 0.00634
0.01 0.00629
0.01 0.00624
0.01 0.00619
0.01 0.00614
0.00 0.00609
0.00 0.00603
0.00 0.00597
0.08 0.00578
0.08 0.00575
0.08 0.00568
0.08 0.00571
0.08 0.00571
0.07 0.00560
0.07 0.00561
0.07 0.00559
0.07 0.00557
0.07 0.00553
0.07 0.00548
0.07 0.00545
0.07 0.00542
0.07 0.00542
0.07 0.00538
0.07 0.00537
0.07 0.00538
0.06 0.00537
0.06 0.00538
0.06 0.00537
0.06 0.00535
0.06 0.00534
0.06 0.00532
0.06 0.00533
0.06 0.00531
0.06 0.00530
0.06 0.00528
0.06 0.00526
0.06 0.00524
0.05 0.00522
0.05 0.00519
0.05 0.00518
0.05 0.00517
0.05 0.00515
0.05 0.00513
0.05 0.00511
0.05 0.00509
0.05 0.00507
0.05 0.00506
0.05 0.00504
0.05 0.00503
0.04 0.00501
0.04 0.00499
0.04 0.00498
0.04 0.00496
0.04 0.00495
0.04 0.00492
0.04 0.00490
0.04 0.00488
0.04 0.00486
0.04 0.00485
0.04 0.00483
0.04 0.00480
0.03 0.00478
0.03 0.00476
0.03 0.00473
0.03 0.00471
0.03 0.00469
0.03 0.00468
0.03 0.00465
0.03 0.00464
0.03 0.00462
0.03 0.00459
0.03 0.00457
0.03 0.00455
0.02 0.00453
0.02 0.00451
0.02 0.00449
0.02 0.00447
0.02 0.00445
0.02 0.00443
0.02 0.00441
0.02 0.00438
0.02 0.00436
0.02 0.00434
0.02 0.00431
0.02 0.00429
0.01 0.00427
0.01 0.00424
0.01 0.00422
0.01 0.00419
0.01 0.00416
0.01 0.00414
0.01 0.00411
0.01 0.00408
0.01 0.00405
0.01 0.00403
0.01 0.00400
0.01 0.00397
0.00 0.00394
0.00 0.00391
0.00 0.00388
0.00 0.00384
0.00 0.00381
0.00 0.00377
0.00 0.00798
0.00 0.00588
0.00 0.00493
0.00 0.00427
0.00 0.00381
0.00 0.00352
0.00 0.00338
0.00 0.00326
0.00 0.00317
0.00 0.00303
0.00 0.00285
0.00 0.00273
0.00 0.00265
0.00 0.00258
0.00 0.00247
0.00 0.00241
0.00 0.00231
0.00 0.00227
0.00 0.00223
0.00 0.00219
0.00 0.00214
0.00 0.00209
0.00 0.00205
0.00 0.00200
0.00 0.00195
0.00 0.00192
0.00 0.00188
0.00 0.00186
0.00 0.00183
0.00 0.00179
0.00 0.00174
0.00 0.00171
0.00 0.00168
0.00 0.00165
0.00 0.00163
0.00 0.00161
0.00 0.00160
0.00 0.00157
0.00 0.00153
0.00 0.00150
0.00 0.00147
0.00 0.00146
0.00 0.00145
0.00 0.00144
0.00 0.00141
0.00 0.00140
0.00 0.00138
0.00 0.00136
0.00 0.00134
0.00 0.00132
0.00 0.00131
0.00 0.00131
0.00 0.00129
0.00 0.00128
0.00 0.00127
0.00 0.00125
0.00 0.00123
0.00 0.00122
0.00 0.00121
0.00 0.00120
0.00 0.00119
0.00 0.00118
0.00 0.00117
0.00 0.00116
0.00 0.00114
0.00 0.00113
0.00 0.00112
0.00 0.00112
0.00 0.00110
0.00 0.00109
0.00 0.00108
0.00 0.00107
0.00 0.00107
0.00 0.00106
0.00 0.00105
0.00 0.00104
0.00 0.00103
0.00 0.00103
0.00 0.00102
0.00 0.00101
0.00 0.00100
0.00 0.00099
0.00 0.00098
0.00 0.00097
0.00 0.00097
0.00 0.00096
0.00 0.00096
0.00 0.00095
0.00 0.00095
0.00 0.00094
0.00 0.00094
0.00 0.00094
0.00 0.00093
0.00 0.00092
0.00 0.00092
0.00 0.00091
0.00 0.00091
0.00 0.00090
0.00 0.00089
0.00 0.00089
