300.00 0.48727
293.88 0.47108
287.76 0.45924
281.63 0.45356
275.51 0.44794
269.39 0.44453
263.27 0.44106
257.14 0.43693
251.02 0.43324
244.90 0.42991
238.78 0.42676
232.65 0.42383
226.53 0.42083
220.41 0.41817
214.29 0.41500
208.16 0.41239
202.04 0.40984
195.92 0.40670
189.80 0.40352
183.67 0.40025
177.55 0.39697
171.43 0.39374
165.31 0.39032
159.18 0.38679
153.06 0.38345
146.94 0.38003
140.82 0.37640
134.69 0.37272
128.57 0.36910
122.45 0.36551
116.33 0.36190
110.20 0.35841
104.08 0.35473
97.96 0.35105
91.84 0.34725
85.71 0.34331
79.59 0.33928
73.47 0.33526
67.35 0.33127
61.22 0.32705
55.10 0.32274
48.98 0.31835
42.86 0.31400
36.73 0.30948
30.61 0.30494
24.49 0.30022
18.37 0.29544
12.24 0.29048
6.12 0.28539
0.00 0.27972
120.00 0.25417
117.78 0.25759
115.56 0.25685
113.33 0.25550
111.11 0.25467
108.89 0.25354
106.67 0.25242
104.44 0.25095
102.22 0.24943
100.00 0.24762
97.78 0.24544
95.56 0.24332
93.33 0.24215
91.11 0.24040
88.89 0.23858
86.67 0.23683
84.44 0.23503
82.22 0.23325
80.00 0.23132
77.78 0.22915
75.56 0.22712
73.33 0.22524
71.11 0.22339
68.89 0.22131
66.67 0.21949
64.44 0.21749
62.22 0.21571
60.00 0.21368
57.78 0.21187
55.56 0.21016
53.33 0.20837
51.11 0.20621
48.89 0.20413
46.67 0.20210
44.44 0.19998
42.22 0.19804
40.00 0.19621
37.78 0.19405
35.56 0.19204
33.33 0.19009
31.11 0.18824
28.89 0.18632
26.67 0.18420
24.44 0.18210
22.22 0.17997
20.00 0.17788
17.78 0.17577
15.56 0.17367
13.33 0.17158
11.11 0.16943
8.89 0.16724
6.67 0.16502
4.44 0.16275
2.22 0.16024
0.00 0.15735
48.00 0.14219
47.19 0.13451
46.37 0.13242
45.56 0.13189
44.75 0.13054
43.93 0.12985
43.12 0.12924
42.31 0.12809
41.49 0.12735
40.68 0.12730
39.86 0.12689
39.05 0.12645
38.24 0.12590
37.42 0.12556
36.61 0.12486
35.80 0.12419
34.98 0.12324
34.17 0.12232
33.36 0.12149
32.54 0.12057
31.73 0.11976
30.92 0.11887
30.10 0.11794
29.29 0.11708
28.47 0.11618
27.66 0.11532
26.85 0.11453
26.03 0.11385
25.22 0.11300
24.41 0.11230
23.59 0.11152
22.78 0.11074
21.97 0.10993
21.15 0.10901
20.34 0.10803
19.53 0.10723
18.71 0.10647
17.90 0.10568
17.08 0.10494
16.27 0.10411
15.46 0.10333
14.64 0.10250
13.83 0.10163
13.02 0.10076
12.20 0.09981
11.39 0.09890
10.58 0.09804
9.76 0.09709
8.95 0.09610
8.14 0.09512
7.32 0.09412
6.51 0.09316
5.69 0.09215
4.88 0.09110
4.07 0.09002
3.25 0.08890
2.44 0.08778
1.63 0.08662
0.81 0.08539
0.00 0.08398
19.20 0.07701
18.90 0.07704
18.60 0.07768
18.30 0.07849
18.00 0.07914
17.70 0.07883
17.40 0.07781
17.10 0.07742
16.80 0.07657
16.50 0.07552
16.20 0.07484
15.90 0.07387
15.60 0.07322
15.30 0.07259
15.00 0.07184
14.70 0.07111
14.40 0.07036
14.10 0.06969
13.80 0.06911
13.50 0.06854
13.20 0.06797
12.90 0.06746
12.60 0.06694
12.30 0.06657
12.00 0.06617
11.70 0.06575
11.40 0.06527
11.10 0.06478
10.80 0.06438
10.50 0.06391
10.20 0.06346
9.90 0.06297
9.60 0.06252
9.30 0.06205
9.00 0.06163
8.70 0.06121
8.40 0.06080
8.10 0.06041
7.80 0.06009
7.50 0.05973
7.20 0.05935
6.90 0.05899
6.60 0.05867
6.30 0.05837
6.00 0.05807
5.70 0.05776
5.40 0.05738
5.10 0.05701
4.80 0.05661
4.50 0.05628
4.20 0.05589
3.90 0.05549
3.60 0.05506
3.30 0.05464
3.00 0.05421
2.70 0.05376
2.40 0.05327
2.10 0.05276
1.80 0.05227
1.50 0.05174
1.20 0.05121
0.90 0.05065
0.60 0.05005
0.30 0.04942
0.00 0.04868
7.68 0.04964
7.57 0.04979
7.46 0.05013
7.35 0.05021
7.23 0.05014
7.12 0.04987
7.01 0.04971
6.90 0.04949
6.79 0.04937
6.68 0.04928
6.57 0.04900
6.46 0.04852
6.34 0.04804
6.23 0.04756
6.12 0.04720
6.01 0.04686
5.90 0.04657
5.79 0.04627
5.68 0.04595
5.57 0.04564
5.45 0.04535
5.34 0.04503
5.23 0.04468
5.12 0.04435
5.01 0.04409
4.90 0.04394
4.79 0.04367
4.67 0.04341
4.56 0.04312
4.45 0.04289
4.34 0.04264
4.23 0.04239
4.12 0.04219
4.01 0.04195
3.90 0.04169
3.78 0.04145
3.67 0.04125
3.56 0.04100
3.45 0.04078
3.34 0.04053
3.23 0.04026
3.12 0.04000
3.01 0.03974
2.89 0.03946
2.78 0.03919
2.67 0.03891
2.56 0.03864
2.45 0.03834
2.34 0.03808
2.23 0.03779
2.11 0.03749
2.00 0.03720
1.89 0.03692
1.78 0.03665
1.67 0.03638
1.56 0.03608
1.45 0.03579
1.34 0.03550
1.22 0.03520
1.11 0.03490
1.00 0.03459
0.89 0.03427
0.78 0.03396
0.67 0.03364
0.56 0.03329
0.45 0.03296
0.33 0.03261
0.22 0.03225
0.11 0.03186
0.00 0.03142
3.07 0.02861
3.03 0.02834
2.99 0.02835
2.95 0.02788
2.91 0.02795
2.86 0.02783
2.82 0.02769
2.78 0.02746
2.74 0.02728
2.70 0.02710
2.66 0.02703
2.62 0.02706
2.57 0.02711
2.53 0.02710
2.49 0.02707
2.45 0.02693
2.41 0.02685
2.37 0.02672
2.32 0.02658
2.28 0.02646
2.24 0.02636
2.20 0.02624
2.16 0.02612
2.12 0.02606
2.08 0.02600
2.03 0.02591
1.99 0.02581
1.95 0.02571
1.91 0.02558
1.87 0.02548
1.83 0.02537
1.79 0.02524
1.74 0.02512
1.70 0.02502
1.66 0.02491
1.62 0.02478
1.58 0.02468
1.54 0.02458
1.49 0.02445
1.45 0.02432
1.41 0.02417
1.37 0.02404
1.33 0.02391
1.29 0.02378
1.25 0.02366
1.20 0.02353
1.16 0.02339
1.12 0.02325
1.08 0.02312
1.04 0.02300
1.00 0.02288
0.95 0.02274
0.91 0.02261
0.87 0.02249
0.83 0.02235
0.79 0.02222
0.75 0.02208
0.71 0.02193
0.66 0.02178
0.62 0.02162
0.58 0.02148
0.54 0.02132
0.50 0.02116
0.46 0.02101
0.42 0.02084
0.37 0.02068
0.33 0.02052
0.29 0.02035
0.25 0.02016
0.21 0.01997
0.17 0.01979
0.12 0.01960
0.08 0.01939
0.04 0.01917
0.00 0.01892
1.23 0.01846
1.21 0.01804
1.20 0.01804
1.18 0.01791
1.17 0.01784
1.15 0.01771
1.14 0.01764
1.12 0.01761
1.10 0.01755
1.09 0.01750
1.07 0.01755
1.06 0.01752
1.04 0.01741
1.03 0.01732
1.01 0.01724
1.00 0.01719
0.98 0.01709
0.96 0.01705
0.95 0.01698
0.93 0.01695
0.92 0.01689
0.90 0.01682
0.89 0.01675
0.87 0.01668
0.86 0.01657
0.84 0.01652
0.82 0.01647
0.81 0.01639
0.79 0.01635
0.78 0.01630
0.76 0.01624
0.75 0.01618
0.73 0.01610
0.72 0.01602
0.70 0.01597
0.68 0.01591
0.67 0.01584
0.65 0.01577
0.64 0.01569
0.62 0.01563
0.61 0.01558
0.59 0.01549
0.58 0.01542
0.56 0.01536
0.54 0.01529
0.53 0.01521
0.51 0.01514
0.50 0.01505
0.48 0.01498
0.47 0.01491
0.45 0.01483
0.44 0.01476
0.42 0.01468
0.40 0.01460
0.39 0.01453
0.37 0.01445
0.36 0.01438
0.34 0.01430
0.33 0.01422
0.31 0.01414
0.30 0.01406
0.28 0.01397
0.26 0.01389
0.25 0.01380
0.23 0.01371
0.22 0.01361
0.20 0.01352
0.19 0.01343
0.17 0.01333
0.16 0.01323
0.14 0.01313
0.12 0.01303
0.11 0.01293
0.09 0.01282
0.08 0.01271
0.06 0.01260
0.05 0.01248
0.03 0.01236
0.02 0.01223
0.00 0.01208
0.49 0.01236
0.49 0.01170
0.48 0.01148
0.47 0.01138
0.47 0.01125
0.46 0.01121
0.46 0.01119
0.45 0.01114
0.44 0.01118
0.44 0.01114
0.43 0.01111
0.43 0.01112
0.42 0.01109
0.42 0.01110
0.41 0.01105
0.40 0.01103
0.40 0.01099
0.39 0.01097
0.39 0.01096
0.38 0.01092
0.37 0.01086
0.37 0.01081
0.36 0.01076
0.36 0.01073
0.35 0.01071
0.35 0.01069
0.34 0.01065
0.33 0.01062
0.33 0.01060
0.32 0.01056
0.32 0.01052
0.31 0.01048
0.30 0.01045
0.30 0.01040
0.29 0.01035
0.29 0.01030
0.28 0.01025
0.28 0.01020
0.27 0.01015
0.26 0.01011
0.26 0.01008
0.25 0.01003
0.25 0.00998
0.24 0.00995
0.23 0.00990
0.23 0.00985
0.22 0.00981
0.22 0.00977
0.21 0.00972
0.20 0.00967
0.20 0.00963
0.19 0.00958
0.19 0.00953
0.18 0.00948
0.18 0.00944
0.17 0.00939
0.16 0.00934
0.16 0.00929
0.15 0.00925
0.15 0.00920
0.14 0.00914
0.13 0.00910
0.13 0.00905
0.12 0.00900
0.12 0.00895
0.11 0.00890
0.11 0.00884
0.10 0.00878
0.09 0.00872
0.09 0.00867
0.08 0.00861
0.08 0.00855
0.07 0.00848
0.06 0.00842
0.06 0.00837
0.05 0.00831
0.05 0.00825
0.04 0.00819
0.04 0.00812
0.03 0.00805
0.02 0.00799
0.02 0.00792
0.01 0.00785
0.01 0.00777
0.00 0.00768
0.20 0.00753
0.19 0.00752
0.19 0.00734
0.19 0.00739
0.19 0.00741
0.19 0.00729
0.18 0.00729
0.18 0.00729
0.18 0.00723
0.18 0.00724
0.17 0.00721
0.17 0.00720
0.17 0.00715
0.17 0.00710
0.17 0.00708
0.16 0.00703
0.16 0.00700
0.16 0.00696
0.16 0.00697
0.15 0.00694
0.15 0.00692
0.15 0.00689
0.15 0.00687
0.15 0.00684
0.14 0.00680
0.14 0.00678
0.14 0.00674
0.14 0.00672
0.13 0.00669
0.13 0.00666
0.13 0.00663
0.13 0.00660
0.13 0.00658
0.12 0.00655
0.12 0.00652
0.12 0.00651
0.12 0.00648
0.11 0.00645
0.11 0.00643
0.11 0.00640
0.11 0.00637
0.11 0.00635
0.10 0.00633
0.10 0.00630
0.10 0.00627
0.10 0.00623
0.09 0.00621
0.09 0.00618
0.09 0.00615
0.09 0.00613
0.09 0.00610
0.08 0.00608
0.08 0.00605
0.08 0.00603
0.08 0.00600
0.08 0.00598
0.07 0.00595
0.07 0.00592
0.07 0.00589
0.07 0.00586
0.06 0.00583
0.06 0.00581
0.06 0.00578
0.06 0.00575
0.06 0.00571
0.05 0.00568
0.05 0.00566
0.05 0.00563
0.05 0.00561
0.04 0.00557
0.04 0.00554
0.04 0.00551
0.04 0.00547
0.04 0.00544
0.03 0.00540
0.03 0.00537
0.03 0.00534
0.03 0.00530
0.02 0.00527
0.02 0.00523
0.02 0.00520
0.02 0.00516
0.02 0.00512
0.01 0.00508
0.01 0.00504
0.01 0.00500
0.01 0.00496
0.00 0.00491
0.00 0.00487
0.00 0.00482
0.08 0.00483
0.08 0.00470
0.08 0.00481
0.08 0.00483
0.08 0.00478
0.07 0.00467
0.07 0.00467
0.07 0.00468
0.07 0.00466
0.07 0.00466
0.07 0.00463
0.07 0.00461
0.07 0.00458
0.07 0.00456
0.07 0.00454
0.07 0.00452
0.07 0.00449
0.06 0.00446
0.06 0.00443
0.06 0.00441
0.06 0.00441
0.06 0.00440
0.06 0.00437
0.06 0.00435
0.06 0.00434
0.06 0.00433
0.06 0.00432
0.06 0.00431
0.06 0.00429
0.05 0.00427
0.05 0.00425
0.05 0.00423
0.05 0.00422
0.05 0.00421
0.05 0.00419
0.05 0.00419
0.05 0.00417
0.05 0.00415
0.05 0.00413
0.05 0.00411
0.05 0.00410
0.04 0.00409
0.04 0.00407
0.04 0.00407
0.04 0.00405
0.04 0.00403
0.04 0.00402
0.04 0.00400
0.04 0.00399
0.04 0.00398
0.04 0.00396
0.04 0.00394
0.04 0.00393
0.03 0.00392
0.03 0.00390
0.03 0.00388
0.03 0.00387
0.03 0.00385
0.03 0.00383
0.03 0.00382
0.03 0.00380
0.03 0.00378
0.03 0.00376
0.03 0.00374
0.03 0.00372
0.02 0.00370
0.02 0.00368
0.02 0.00366
0.02 0.00365
0.02 0.00363
0.02 0.00362
0.02 0.00360
0.02 0.00358
0.02 0.00356
0.02 0.00354
0.02 0.00352
0.02 0.00350
0.01 0.00348
0.01 0.00346
0.01 0.00344
0.01 0.00342
0.01 0.00340
0.01 0.00338
0.01 0.00336
0.01 0.00334
0.01 0.00331
0.01 0.00329
0.01 0.00327
0.01 0.00324
0.00 0.00322
0.00 0.00319
0.00 0.00317
0.00 0.00314
0.00 0.00311
0.00 0.00308
0.00 0.02186
0.00 0.01753
0.00 0.01514
0.00 0.01368
0.00 0.01304
0.00 0.01253
0.00 0.01196
0.00 0.01128
0.00 0.01077
0.00 0.01045
0.00 0.01021
0.00 0.00988
0.00 0.00963
0.00 0.00931
0.00 0.00920
0.00 0.00900
0.00 0.00881
0.00 0.00856
0.00 0.00837
0.00 0.00823
0.00 0.00811
0.00 0.00801
0.00 0.00787
0.00 0.00773
0.00 0.00761
0.00 0.00749
0.00 0.00734
0.00 0.00724
0.00 0.00713
0.00 0.00705
0.00 0.00699
0.00 0.00689
0.00 0.00680
0.00 0.00671
0.00 0.00664
0.00 0.00657
0.00 0.00649
0.00 0.00643
0.00 0.00634
0.00 0.00627
0.00 0.00620
0.00 0.00613
0.00 0.00607
0.00 0.00603
0.00 0.00597
0.00 0.00591
0.00 0.00586
0.00 0.00580
0.00 0.00573
0.00 0.00566
0.00 0.00562
0.00 0.00558
0.00 0.00554
0.00 0.00548
0.00 0.00544
0.00 0.00539
0.00 0.00536
0.00 0.00532
0.00 0.00527
0.00 0.00525
0.00 0.00522
0.00 0.00520
0.00 0.00516
0.00 0.00511
0.00 0.00510
0.00 0.00506
0.00 0.00502
0.00 0.00499
0.00 0.00496
0.00 0.00492
0.00 0.00488
0.00 0.00483
0.00 0.00482
0.00 0.00478
0.00 0.00474
0.00 0.00470
0.00 0.00469
0.00 0.00466
0.00 0.00463
0.00 0.00461
0.00 0.00458
0.00 0.00455
0.00 0.00453
0.00 0.00451
0.00 0.00446
0.00 0.00444
0.00 0.00441
0.00 0.00438
0.00 0.00436
0.00 0.00434
0.00 0.00430
0.00 0.00427
0.00 0.00424
0.00 0.00422
0.00 0.00420
0.00 0.00417
0.00 0.00414
0.00 0.00412
0.00 0.00410
0.00 0.00407
