150.00 0.92940
133.33 0.92570
116.67 0.92122
100.00 0.91707
83.33 0.91048
66.67 0.90100
50.00 0.87713
33.33 0.84378
16.67 0.79700
0.00 0.71757
120.00 0.91870
106.67 0.91240
93.33 0.90603
80.00 0.90001
66.67 0.89283
53.33 0.88248
40.00 0.84956
26.67 0.80938
13.33 0.75988
0.00 0.68405
96.00 0.89735
85.33 0.90002
74.67 0.89702
64.00 0.88923
53.33 0.87237
42.67 0.84467
32.00 0.80831
21.33 0.76729
10.67 0.71783
0.00 0.64620
76.80 0.85655
68.27 0.85742
59.73 0.84793
51.20 0.83245
42.67 0.79638
34.13 0.76265
25.60 0.72898
17.07 0.69011
8.53 0.64273
0.00 0.57856
