300.00 0.49492
293.88 0.48388
287.76 0.47295
281.63 0.46313
275.51 0.45859
269.39 0.45476
263.27 0.45288
257.14 0.44822
251.02 0.44355
244.90 0.43947
238.78 0.43549
232.65 0.43170
226.53 0.42786
220.41 0.42465
214.29 0.42113
208.16 0.41797
202.04 0.41476
195.92 0.41136
189.80 0.40810
183.67 0.40474
177.55 0.40176
171.43 0.39854
165.31 0.39527
159.18 0.39174
153.06 0.38823
146.94 0.38468
140.82 0.38148
134.69 0.37799
128.57 0.37440
122.45 0.37089
116.33 0.36717
110.20 0.36326
104.08 0.35935
97.96 0.35540
91.84 0.35144
85.71 0.34742
79.59 0.34331
73.47 0.33932
67.35 0.33507
61.22 0.33086
55.10 0.32661
48.98 0.32211
42.86 0.31749
36.73 0.31275
30.61 0.30794
24.49 0.30317
18.37 0.29827
12.24 0.29322
6.12 0.28802
0.00 0.28230
120.00 0.25827
117.78 0.25462
115.56 0.25404
113.33 0.25338
111.11 0.25155
108.89 0.25043
106.67 0.24986
104.44 0.24782
102.22 0.24601
100.00 0.24434
97.78 0.24287
95.56 0.24128
93.33 0.23965
91.11 0.23800
88.89 0.23647
86.67 0.23476
84.44 0.23313
82.22 0.23145
80.00 0.22941
77.78 0.22747
75.56 0.22584
73.33 0.22400
71.11 0.22219
68.89 0.22036
66.67 0.21837
64.44 0.21645
62.22 0.21463
60.00 0.21277
57.78 0.21073
55.56 0.20868
53.33 0.20673
51.11 0.20464
48.89 0.20277
46.67 0.20089
44.44 0.19878
42.22 0.19669
40.00 0.19454
37.78 0.19239
35.56 0.19046
33.33 0.18850
31.11 0.18658
28.89 0.18448
26.67 0.18236
24.44 0.18022
22.22 0.17813
20.00 0.17601
17.78 0.17378
15.56 0.17153
13.33 0.16932
11.11 0.16712
8.89 0.16477
6.67 0.16233
4.44 0.15989
2.22 0.15734
0.00 0.15451
48.00 0.14502
47.19 0.14309
46.37 0.14177
45.56 0.13991
44.75 0.13910
43.93 0.13784
43.12 0.13665
42.31 0.13534
41.49 0.13456
40.68 0.13294
39.86 0.13200
39.05 0.13165
38.24 0.13093
37.42 0.13041
36.61 0.13017
35.80 0.12951
34.98 0.12874
34.17 0.12754
33.36 0.12644
32.54 0.12550
31.73 0.12467
30.92 0.12361
30.10 0.12229
29.29 0.12116
28.47 0.12007
27.66 0.11903
26.85 0.11817
26.03 0.11754
25.22 0.11678
24.41 0.11630
23.59 0.11568
22.78 0.11516
21.97 0.11444
21.15 0.11389
20.34 0.11333
19.53 0.11271
18.71 0.11207
17.90 0.11130
17.08 0.11070
16.27 0.10982
15.46 0.10894
14.64 0.10810
13.83 0.10728
13.02 0.10642
12.20 0.10543
11.39 0.10444
10.58 0.10346
9.76 0.10250
8.95 0.10159
8.14 0.10068
7.32 0.09976
6.51 0.09871
5.69 0.09762
4.88 0.09651
4.07 0.09536
3.25 0.09422
2.44 0.09304
1.63 0.09181
0.81 0.09053
0.00 0.08904
19.20 0.07703
18.90 0.07879
18.60 0.08002
18.30 0.08159
18.00 0.08145
17.70 0.08085
17.40 0.07968
17.10 0.07935
16.80 0.07906
16.50 0.07879
16.20 0.07854
15.90 0.07814
15.60 0.07799
15.30 0.07803
15.00 0.07793
14.70 0.07777
14.40 0.07771
14.10 0.07712
13.80 0.07645
13.50 0.07571
13.20 0.07512
12.90 0.07475
12.60 0.07430
12.30 0.07384
12.00 0.07349
11.70 0.07303
11.40 0.07263
11.10 0.07224
10.80 0.07185
10.50 0.07144
10.20 0.07097
9.90 0.07039
9.60 0.06996
9.30 0.06952
9.00 0.06907
8.70 0.06868
8.40 0.06832
8.10 0.06798
7.80 0.06767
7.50 0.06731
7.20 0.06704
6.90 0.06673
6.60 0.06646
6.30 0.06604
6.00 0.06559
5.70 0.06513
5.40 0.06463
5.10 0.06413
4.80 0.06363
4.50 0.06312
4.20 0.06261
3.90 0.06209
3.60 0.06155
3.30 0.06103
3.00 0.06048
2.70 0.05995
2.40 0.05939
2.10 0.05879
1.80 0.05821
1.50 0.05760
1.20 0.05699
0.90 0.05635
0.60 0.05568
0.30 0.05496
0.00 0.05413
7.68 0.05048
7.57 0.05111
7.46 0.05118
7.35 0.05117
7.23 0.05136
7.12 0.05119
7.01 0.05080
6.90 0.05037
6.79 0.04997
6.68 0.04964
6.57 0.04957
6.46 0.04967
6.34 0.04971
6.23 0.04967
6.12 0.04945
6.01 0.04927
5.90 0.04895
5.79 0.04859
5.68 0.04835
5.57 0.04822
5.45 0.04796
5.34 0.04767
5.23 0.04738
5.12 0.04713
5.01 0.04687
4.90 0.04655
4.79 0.04625
4.67 0.04596
4.56 0.04568
4.45 0.04538
4.34 0.04508
4.23 0.04484
4.12 0.04462
4.01 0.04437
3.90 0.04415
3.78 0.04393
3.67 0.04369
3.56 0.04348
3.45 0.04321
3.34 0.04295
3.23 0.04268
3.12 0.04249
3.01 0.04230
2.89 0.04211
2.78 0.04189
2.67 0.04167
2.56 0.04143
2.45 0.04118
2.34 0.04097
2.23 0.04075
2.11 0.04051
2.00 0.04027
1.89 0.04003
1.78 0.03977
1.67 0.03951
1.56 0.03923
1.45 0.03895
1.34 0.03866
1.22 0.03836
1.11 0.03805
1.00 0.03774
0.89 0.03742
0.78 0.03709
0.67 0.03674
0.56 0.03640
0.45 0.03604
0.33 0.03566
0.22 0.03527
0.11 0.03485
0.00 0.03437
3.07 0.03398
3.03 0.03379
2.99 0.03382
2.95 0.03412
2.91 0.03412
2.86 0.03404
2.82 0.03391
2.78 0.03390
2.74 0.03373
2.70 0.03350
2.66 0.03331
2.62 0.03317
2.57 0.03293
2.53 0.03272
2.49 0.03251
2.45 0.03229
2.41 0.03218
2.37 0.03203
2.32 0.03192
2.28 0.03179
2.24 0.03162
2.20 0.03144
2.16 0.03128
2.12 0.03112
2.08 0.03095
2.03 0.03080
1.99 0.03059
1.95 0.03044
1.91 0.03028
1.87 0.03009
1.83 0.02992
1.79 0.02978
1.74 0.02963
1.70 0.02950
1.66 0.02934
1.62 0.02918
1.58 0.02902
1.54 0.02886
1.49 0.02870
1.45 0.02852
1.41 0.02832
1.37 0.02815
1.33 0.02796
1.29 0.02781
1.25 0.02765
1.20 0.02749
1.16 0.02733
1.12 0.02716
1.08 0.02698
1.04 0.02681
1.00 0.02664
0.95 0.02647
0.91 0.02630
0.87 0.02612
0.83 0.02595
0.79 0.02578
0.75 0.02560
0.71 0.02543
0.66 0.02525
0.62 0.02507
0.58 0.02488
0.54 0.02469
0.50 0.02450
0.46 0.02431
0.42 0.02412
0.37 0.02391
0.33 0.02372
0.29 0.02352
0.25 0.02330
0.21 0.02309
0.17 0.02287
0.12 0.02264
0.08 0.02240
0.04 0.02215
0.00 0.02186
1.23 0.01970
1.21 0.01977
1.20 0.01986
1.18 0.01983
1.17 0.01996
1.15 0.01989
1.14 0.01990
1.12 0.01983
1.10 0.01985
1.09 0.01979
1.07 0.01967
1.06 0.01971
1.04 0.01967
1.03 0.01960
1.01 0.01951
1.00 0.01946
0.98 0.01937
0.96 0.01929
0.95 0.01924
0.93 0.01921
0.92 0.01915
0.90 0.01909
0.89 0.01903
0.87 0.01897
0.86 0.01891
0.84 0.01880
0.82 0.01873
0.81 0.01867
0.79 0.01860
0.78 0.01852
0.76 0.01846
0.75 0.01839
0.73 0.01832
0.72 0.01824
0.70 0.01817
0.68 0.01810
0.67 0.01802
0.65 0.01796
0.64 0.01788
0.62 0.01780
0.61 0.01771
0.59 0.01762
0.58 0.01753
0.56 0.01744
0.54 0.01736
0.53 0.01728
0.51 0.01720
0.50 0.01710
0.48 0.01700
0.47 0.01692
0.45 0.01684
0.44 0.01676
0.42 0.01668
0.40 0.01660
0.39 0.01650
0.37 0.01640
0.36 0.01631
0.34 0.01622
0.33 0.01611
0.31 0.01602
0.30 0.01593
0.28 0.01582
0.26 0.01573
0.25 0.01563
0.23 0.01552
0.22 0.01541
0.20 0.01531
0.19 0.01521
0.17 0.01509
0.16 0.01498
0.14 0.01487
0.12 0.01476
0.11 0.01465
0.09 0.01452
0.08 0.01440
0.06 0.01428
0.05 0.01415
0.03 0.01401
0.02 0.01386
0.00 0.01369
0.49 0.01314
0.49 0.01272
0.48 0.01294
0.47 0.01289
0.47 0.01282
0.46 0.01280
0.46 0.01275
0.45 0.01271
0.44 0.01267
0.44 0.01268
0.43 0.01271
0.43 0.01264
0.42 0.01262
0.42 0.01255
0.41 0.01252
0.40 0.01245
0.40 0.01239
0.39 0.01232
0.39 0.01229
0.38 0.01228
0.37 0.01227
0.37 0.01223
0.36 0.01219
0.36 0.01212
0.35 0.01206
0.35 0.01201
0.34 0.01198
0.33 0.01194
0.33 0.01191
0.32 0.01186
0.32 0.01182
0.31 0.01182
0.30 0.01178
0.30 0.01174
0.29 0.01171
0.29 0.01166
0.28 0.01162
0.28 0.01155
0.27 0.01150
0.26 0.01145
0.26 0.01140
0.25 0.01134
0.25 0.01129
0.24 0.01125
0.23 0.01120
0.23 0.01116
0.22 0.01112
0.22 0.01107
0.21 0.01105
0.20 0.01099
0.20 0.01095
0.19 0.01090
0.19 0.01085
0.18 0.01080
0.18 0.01075
0.17 0.01070
0.16 0.01065
0.16 0.01060
0.15 0.01054
0.15 0.01048
0.14 0.01043
0.13 0.01039
0.13 0.01033
0.12 0.01027
0.12 0.01021
0.11 0.01014
0.11 0.01009
0.10 0.01003
0.09 0.00997
0.09 0.00991
0.08 0.00985
0.08 0.00979
0.07 0.00972
0.06 0.00966
0.06 0.00959
0.05 0.00952
0.05 0.00945
0.04 0.00938
0.04 0.00931
0.03 0.00923
0.02 0.00916
0.02 0.00908
0.01 0.00900
0.01 0.00891
0.00 0.00881
0.20 0.00772
0.19 0.00790
0.19 0.00800
0.19 0.00800
0.19 0.00809
0.19 0.00811
0.18 0.00806
0.18 0.00804
0.18 0.00798
0.18 0.00794
0.17 0.00794
0.17 0.00793
0.17 0.00789
0.17 0.00789
0.17 0.00788
0.16 0.00784
0.16 0.00781
0.16 0.00777
0.16 0.00777
0.15 0.00775
0.15 0.00772
0.15 0.00770
0.15 0.00767
0.15 0.00764
0.14 0.00763
0.14 0.00760
0.14 0.00757
0.14 0.00756
0.13 0.00754
0.13 0.00752
0.13 0.00748
0.13 0.00746
0.13 0.00743
0.12 0.00742
0.12 0.00741
0.12 0.00737
0.12 0.00735
0.11 0.00732
0.11 0.00729
0.11 0.00727
0.11 0.00725
0.11 0.00722
0.10 0.00719
0.10 0.00716
0.10 0.00713
0.10 0.00711
0.09 0.00708
0.09 0.00705
0.09 0.00702
0.09 0.00699
0.09 0.00695
0.08 0.00692
0.08 0.00689
0.08 0.00687
0.08 0.00684
0.08 0.00680
0.07 0.00677
0.07 0.00674
0.07 0.00671
0.07 0.00668
0.06 0.00665
0.06 0.00661
0.06 0.00658
0.06 0.00656
0.06 0.00652
0.05 0.00649
0.05 0.00646
0.05 0.00643
0.05 0.00639
0.04 0.00635
0.04 0.00631
0.04 0.00628
0.04 0.00624
0.04 0.00621
0.03 0.00617
0.03 0.00614
0.03 0.00610
0.03 0.00606
0.02 0.00602
0.02 0.00598
0.02 0.00594
0.02 0.00590
0.02 0.00585
0.01 0.00581
0.01 0.00576
0.01 0.00572
0.01 0.00567
0.00 0.00562
0.00 0.00557
0.00 0.00551
0.08 0.00560
0.08 0.00545
0.08 0.00545
0.08 0.00535
0.08 0.00529
0.07 0.00531
0.07 0.00525
0.07 0.00527
0.07 0.00526
0.07 0.00524
0.07 0.00518
0.07 0.00515
0.07 0.00513
0.07 0.00510
0.07 0.00507
0.07 0.00503
0.07 0.00502
0.06 0.00499
0.06 0.00498
0.06 0.00496
0.06 0.00491
0.06 0.00492
0.06 0.00491
0.06 0.00490
0.06 0.00488
0.06 0.00485
0.06 0.00484
0.06 0.00483
0.06 0.00483
0.05 0.00482
0.05 0.00481
0.05 0.00479
0.05 0.00477
0.05 0.00476
0.05 0.00475
0.05 0.00473
0.05 0.00471
0.05 0.00470
0.05 0.00469
0.05 0.00466
0.05 0.00465
0.04 0.00463
0.04 0.00462
0.04 0.00460
0.04 0.00458
0.04 0.00456
0.04 0.00454
0.04 0.00453
0.04 0.00452
0.04 0.00450
0.04 0.00447
0.04 0.00445
0.04 0.00443
0.03 0.00442
0.03 0.00439
0.03 0.00438
0.03 0.00436
0.03 0.00434
0.03 0.00433
0.03 0.00430
0.03 0.00429
0.03 0.00427
0.03 0.00425
0.03 0.00424
0.03 0.00421
0.02 0.00419
0.02 0.00417
0.02 0.00415
0.02 0.00413
0.02 0.00411
0.02 0.00409
0.02 0.00407
0.02 0.00406
0.02 0.00403
0.02 0.00401
0.02 0.00398
0.02 0.00396
0.01 0.00394
0.01 0.00391
0.01 0.00389
0.01 0.00387
0.01 0.00385
0.01 0.00382
0.01 0.00380
0.01 0.00377
0.01 0.00375
0.01 0.00373
0.01 0.00370
0.01 0.00367
0.00 0.00364
0.00 0.00362
0.00 0.00359
0.00 0.00356
0.00 0.00352
0.00 0.00349
0.00 0.01463
0.00 0.00988
0.00 0.00799
0.00 0.00681
0.00 0.00610
0.00 0.00558
0.00 0.00511
0.00 0.00473
0.00 0.00443
0.00 0.00426
0.00 0.00399
0.00 0.00379
0.00 0.00368
0.00 0.00351
0.00 0.00337
0.00 0.00328
0.00 0.00320
0.00 0.00312
0.00 0.00304
0.00 0.00291
0.00 0.00283
0.00 0.00276
0.00 0.00271
0.00 0.00269
0.00 0.00266
0.00 0.00261
0.00 0.00255
0.00 0.00251
0.00 0.00244
0.00 0.00239
0.00 0.00234
0.00 0.00229
0.00 0.00226
0.00 0.00223
0.00 0.00220
0.00 0.00217
0.00 0.00214
0.00 0.00213
0.00 0.00210
0.00 0.00208
0.00 0.00208
0.00 0.00206
0.00 0.00203
0.00 0.00201
0.00 0.00199
0.00 0.00197
0.00 0.00195
0.00 0.00192
0.00 0.00191
0.00 0.00190
0.00 0.00188
0.00 0.00187
0.00 0.00185
0.00 0.00184
0.00 0.00183
0.00 0.00182
0.00 0.00182
0.00 0.00179
0.00 0.00177
0.00 0.00175
0.00 0.00174
0.00 0.00173
0.00 0.00172
0.00 0.00170
0.00 0.00168
0.00 0.00167
0.00 0.00166
0.00 0.00165
0.00 0.00163
0.00 0.00161
0.00 0.00160
0.00 0.00159
0.00 0.00158
0.00 0.00158
0.00 0.00156
0.00 0.00155
0.00 0.00153
0.00 0.00152
0.00 0.00150
0.00 0.00149
0.00 0.00148
0.00 0.00148
0.00 0.00147
0.00 0.00146
0.00 0.00146
0.00 0.00145
0.00 0.00144
0.00 0.00143
0.00 0.00142
0.00 0.00142
0.00 0.00141
0.00 0.00140
0.00 0.00140
0.00 0.00139
0.00 0.00138
0.00 0.00137
0.00 0.00137
0.00 0.00137
0.00 0.00136
0.00 0.00136
