150.00 0.94555
133.33 0.94673
116.67 0.94565
100.00 0.94507
83.33 0.94419
66.67 0.94427
50.00 0.94284
33.33 0.94011
16.67 0.93408
0.00 0.84144
120.00 0.94735
106.67 0.94205
93.33 0.94168
80.00 0.94195
66.67 0.94173
53.33 0.94064
40.00 0.93911
26.67 0.93622
13.33 0.92733
0.00 0.83499
96.00 0.95295
85.33 0.94627
74.67 0.94572
64.00 0.94398
53.33 0.94440
42.67 0.94341
32.00 0.94139
21.33 0.93379
10.67 0.91074
0.00 0.82012
76.80 0.95145
68.27 0.94405
59.73 0.94228
51.20 0.94134
42.67 0.93762
34.13 0.93674
25.60 0.93341
17.07 0.92652
8.53 0.88552
0.00 0.79721
