25.00 0.94790
22.22 0.94705
19.44 0.94800
16.67 0.94595
13.89 0.94663
11.11 0.94484
8.33 0.94380
5.56 0.94130
2.78 0.92259
0.00 0.83047
20.00 0.94665
17.78 0.94590
15.56 0.94487
13.33 0.94400
11.11 0.94219
8.89 0.94066
6.67 0.93952
4.44 0.93193
2.22 0.90473
0.00 0.81432
16.00 0.94920
14.22 0.94290
12.44 0.94388
10.67 0.94312
8.89 0.94140
7.11 0.94032
5.33 0.93742
3.56 0.92453
1.78 0.88362
0.00 0.79536
12.80 0.94105
11.38 0.94130
9.96 0.94192
8.53 0.94045
7.11 0.93770
5.69 0.93398
4.27 0.92894
2.84 0.91444
1.42 0.87203
0.00 0.78497
