150.00 0.94625
133.33 0.94432
116.67 0.94483
100.00 0.94527
83.33 0.94417
66.67 0.94501
50.00 0.94592
33.33 0.94601
16.67 0.94520
0.00 0.85167
120.00 0.94895
106.67 0.94965
93.33 0.94625
80.00 0.94789
66.67 0.94623
53.33 0.94554
40.00 0.94564
26.67 0.94533
13.33 0.94439
0.00 0.85145
96.00 0.94560
85.33 0.95212
74.67 0.95173
64.00 0.94881
53.33 0.94970
42.67 0.94846
32.00 0.94757
21.33 0.94557
10.67 0.94271
0.00 0.85016
76.80 0.94230
68.27 0.94507
59.73 0.94532
51.20 0.94516
42.67 0.94638
34.13 0.94521
25.60 0.94466
17.07 0.94316
8.53 0.94007
0.00 0.84696
