150.00 0.92000
133.33 0.91173
116.67 0.91567
100.00 0.91176
83.33 0.90257
66.67 0.88176
50.00 0.84779
33.33 0.80982
16.67 0.76153
0.00 0.68559
120.00 0.89255
106.67 0.89990
93.33 0.90005
80.00 0.88811
66.67 0.85122
53.33 0.82732
40.00 0.79262
26.67 0.75494
13.33 0.70857
0.00 0.63780
96.00 0.88265
85.33 0.88295
74.67 0.84740
64.00 0.83356
53.33 0.80656
42.67 0.78355
32.00 0.74706
21.33 0.70823
10.67 0.65993
0.00 0.59406
76.80 0.80485
68.27 0.82360
59.73 0.79748
51.20 0.76031
42.67 0.72942
34.13 0.69584
25.60 0.66359
17.07 0.62734
8.53 0.58252
0.00 0.52446
