150.00 0.93100
133.33 0.93380
116.67 0.93123
100.00 0.92801
83.33 0.92316
66.67 0.91923
50.00 0.90306
33.33 0.87442
16.67 0.83685
0.00 0.75329
120.00 0.91880
106.67 0.92365
93.33 0.92280
80.00 0.91607
66.67 0.91088
53.33 0.90398
40.00 0.88518
26.67 0.85611
13.33 0.81527
0.00 0.73384
96.00 0.90470
85.33 0.90770
74.67 0.90523
64.00 0.89787
53.33 0.89202
42.67 0.87344
32.00 0.84394
21.33 0.80950
10.67 0.76950
0.00 0.69259
76.80 0.90195
68.27 0.89900
59.73 0.89000
51.20 0.87586
42.67 0.85633
34.13 0.83066
25.60 0.79993
17.07 0.77134
8.53 0.73058
0.00 0.65761
