25.00 0.94380
22.22 0.94203
19.44 0.94088
16.67 0.93917
13.89 0.93720
11.11 0.93573
8.33 0.93421
5.56 0.92982
2.78 0.88719
0.00 0.79873
20.00 0.93490
17.78 0.93878
15.56 0.93482
13.33 0.93605
11.11 0.93311
8.89 0.93005
6.67 0.92666
4.44 0.91590
2.22 0.87416
0.00 0.78692
16.00 0.92550
14.22 0.93140
12.44 0.93218
10.67 0.92730
8.89 0.92582
7.11 0.92440
5.33 0.91791
3.56 0.89507
1.78 0.84310
0.00 0.75894
12.80 0.93050
11.38 0.93258
9.96 0.92795
8.53 0.92480
7.11 0.91959
5.69 0.91652
4.27 0.90851
2.84 0.87274
1.42 0.81627
0.00 0.73481
