1
He      2.5560
He      0.000000    0.000000    0.000000    0.0000    0.0000    22.30771482    6220.426757   0.000000   4.00260
1
Ne      2.7800
Ne      0.000000    0.000000    0.000000    0.0000    0.0000    127.4024728    58809.38436   0.000000  20.180
1
Ar      3.4010
Ar      0.000000    0.000000    0.000000    0.0000    0.0000    1447.871451    2240628.193   0.000000   39.9
1
Kr      3.6240
Kr      0.000000    0.000000    0.000000    0.0000    0.0000    2872.422947    6506950.779   0.000000   83.80
1
Xe      3.9350
Xe      0.000000    0.000000    0.000000    0.0000    0.0000    6430.078987    23871775.86   0.000000   131.29
3
HF      1.834
H       0.000000    0.000000    0.000000    0.0000    0.0000    0.000000000    0.000000000   0.705000   1.0078
F       0.917000    0.000000    0.000000    0.0000    0.0000    424.9521989    299952.1989   0.705000   18.998
X*      0.775782    0.000000    0.000000    0.0000    0.0000    0.000000000    0.000000000   -1.41000   0.0
