150.00 0.94455
133.33 0.94540
116.67 0.94572
100.00 0.94703
83.33 0.94703
66.67 0.94687
50.00 0.94676
33.33 0.94671
16.67 0.94651
0.00 0.85225
120.00 0.94055
106.67 0.94637
93.33 0.94757
80.00 0.94961
66.67 0.95021
53.33 0.95089
40.00 0.95083
26.67 0.95112
13.33 0.95078
0.00 0.85618
96.00 0.95115
85.33 0.95237
74.67 0.95298
64.00 0.95144
53.33 0.95045
42.67 0.94989
32.00 0.94938
21.33 0.94776
10.67 0.94668
0.00 0.85247
76.80 0.94470
68.27 0.94737
59.73 0.94792
51.20 0.94955
42.67 0.94808
34.13 0.94828
25.60 0.94842
17.07 0.94696
8.53 0.94617
0.00 0.85221
