150.00 0.93980
133.33 0.93900
116.67 0.94027
100.00 0.93856
83.33 0.93813
66.67 0.93707
50.00 0.93496
33.33 0.93183
16.67 0.92351
0.00 0.83179
120.00 0.93055
106.67 0.93380
93.33 0.93257
80.00 0.93253
66.67 0.93337
53.33 0.93144
40.00 0.92891
26.67 0.92464
13.33 0.90234
0.00 0.81257
96.00 0.93980
85.33 0.93807
74.67 0.93893
64.00 0.93539
53.33 0.93411
42.67 0.93176
32.00 0.92913
21.33 0.92229
10.67 0.89167
0.00 0.80292
76.80 0.93100
68.27 0.92653
59.73 0.92798
51.20 0.92925
42.67 0.92891
34.13 0.92553
25.60 0.92070
17.07 0.91041
8.53 0.86655
0.00 0.78009
