300.00 0.49302
293.88 0.47330
287.76 0.46475
281.63 0.45810
275.51 0.45203
269.39 0.44692
263.27 0.44125
257.14 0.43760
251.02 0.43383
244.90 0.43028
238.78 0.42682
232.65 0.42361
226.53 0.42058
220.41 0.41789
214.29 0.41472
208.16 0.41149
202.04 0.40826
195.92 0.40518
189.80 0.40204
183.67 0.39876
177.55 0.39556
171.43 0.39232
165.31 0.38909
159.18 0.38575
153.06 0.38263
146.94 0.37932
140.82 0.37576
134.69 0.37231
128.57 0.36873
122.45 0.36513
116.33 0.36159
110.20 0.35789
104.08 0.35421
97.96 0.35037
91.84 0.34659
85.71 0.34274
79.59 0.33887
73.47 0.33481
67.35 0.33059
61.22 0.32630
55.10 0.32205
48.98 0.31770
42.86 0.31324
36.73 0.30874
30.61 0.30406
24.49 0.29929
18.37 0.29446
12.24 0.28950
6.12 0.28438
0.00 0.27874
120.00 0.25769
117.78 0.25847
115.56 0.25647
113.33 0.25385
111.11 0.25190
108.89 0.25065
106.67 0.24868
104.44 0.24666
102.22 0.24541
100.00 0.24371
97.78 0.24234
95.56 0.24069
93.33 0.23938
91.11 0.23789
88.89 0.23603
86.67 0.23426
84.44 0.23278
82.22 0.23118
80.00 0.22931
77.78 0.22740
75.56 0.22555
73.33 0.22385
71.11 0.22195
68.89 0.22005
66.67 0.21795
64.44 0.21595
62.22 0.21404
60.00 0.21226
57.78 0.21040
55.56 0.20848
53.33 0.20651
51.11 0.20477
48.89 0.20295
46.67 0.20078
44.44 0.19882
42.22 0.19684
40.00 0.19482
37.78 0.19272
35.56 0.19077
33.33 0.18873
31.11 0.18660
28.89 0.18456
26.67 0.18251
24.44 0.18054
22.22 0.17853
20.00 0.17663
17.78 0.17461
15.56 0.17253
13.33 0.17038
11.11 0.16814
8.89 0.16587
6.67 0.16358
4.44 0.16119
2.22 0.15869
0.00 0.15584
48.00 0.13858
47.19 0.13948
46.37 0.13822
45.56 0.13650
44.75 0.13564
43.93 0.13595
43.12 0.13428
42.31 0.13320
41.49 0.13137
40.68 0.12978
39.86 0.12865
39.05 0.12832
38.24 0.12758
37.42 0.12676
36.61 0.12620
35.80 0.12515
34.98 0.12404
34.17 0.12313
33.36 0.12238
32.54 0.12142
31.73 0.12065
30.92 0.12019
30.10 0.11953
29.29 0.11877
28.47 0.11798
27.66 0.11711
26.85 0.11624
26.03 0.11545
25.22 0.11453
24.41 0.11361
23.59 0.11267
22.78 0.11173
21.97 0.11076
21.15 0.10995
20.34 0.10911
19.53 0.10812
18.71 0.10718
17.90 0.10624
17.08 0.10528
16.27 0.10426
15.46 0.10337
14.64 0.10236
13.83 0.10139
13.02 0.10044
12.20 0.09950
11.39 0.09855
10.58 0.09759
9.76 0.09663
8.95 0.09565
8.14 0.09469
7.32 0.09373
6.51 0.09270
5.69 0.09166
4.88 0.09063
4.07 0.08958
3.25 0.08850
2.44 0.08739
1.63 0.08623
0.81 0.08500
0.00 0.08360
19.20 0.07555
18.90 0.07598
18.60 0.07582
18.30 0.07711
18.00 0.07765
17.70 0.07807
17.40 0.07758
17.10 0.07703
16.80 0.07628
16.50 0.07590
16.20 0.07557
15.90 0.07532
15.60 0.07491
15.30 0.07434
15.00 0.07382
14.70 0.07336
14.40 0.07266
14.10 0.07204
13.80 0.07150
13.50 0.07095
13.20 0.07044
12.90 0.07009
12.60 0.06988
12.30 0.06944
12.00 0.06909
11.70 0.06862
11.40 0.06824
11.10 0.06799
10.80 0.06773
10.50 0.06735
10.20 0.06692
9.90 0.06658
9.60 0.06626
9.30 0.06590
9.00 0.06557
8.70 0.06519
8.40 0.06484
8.10 0.06437
7.80 0.06389
7.50 0.06349
7.20 0.06313
6.90 0.06274
6.60 0.06231
6.30 0.06193
6.00 0.06151
5.70 0.06107
5.40 0.06063
5.10 0.06023
4.80 0.05979
4.50 0.05933
4.20 0.05888
3.90 0.05841
3.60 0.05801
3.30 0.05757
3.00 0.05711
2.70 0.05661
2.40 0.05610
2.10 0.05556
1.80 0.05501
1.50 0.05445
1.20 0.05387
0.90 0.05326
0.60 0.05261
0.30 0.05193
0.00 0.05115
7.68 0.04785
7.57 0.04834
7.46 0.04789
7.35 0.04752
7.23 0.04716
7.12 0.04716
7.01 0.04730
6.90 0.04704
6.79 0.04678
6.68 0.04658
6.57 0.04633
6.46 0.04607
6.34 0.04585
6.23 0.04567
6.12 0.04548
6.01 0.04534
5.90 0.04525
5.79 0.04498
5.68 0.04467
5.57 0.04455
5.45 0.04430
5.34 0.04398
5.23 0.04364
5.12 0.04335
5.01 0.04305
4.90 0.04280
4.79 0.04260
4.67 0.04236
4.56 0.04209
4.45 0.04186
4.34 0.04172
4.23 0.04152
4.12 0.04130
4.01 0.04106
3.90 0.04083
3.78 0.04058
3.67 0.04033
3.56 0.04011
3.45 0.03988
3.34 0.03964
3.23 0.03937
3.12 0.03914
3.01 0.03888
2.89 0.03860
2.78 0.03834
2.67 0.03806
2.56 0.03782
2.45 0.03756
2.34 0.03727
2.23 0.03700
2.11 0.03674
2.00 0.03646
1.89 0.03619
1.78 0.03591
1.67 0.03564
1.56 0.03536
1.45 0.03507
1.34 0.03478
1.22 0.03448
1.11 0.03418
1.00 0.03388
0.89 0.03357
0.78 0.03328
0.67 0.03296
0.56 0.03264
0.45 0.03230
0.33 0.03196
0.22 0.03160
0.11 0.03122
0.00 0.03079
3.07 0.02834
3.03 0.02830
2.99 0.02839
2.95 0.02820
2.91 0.02793
2.86 0.02768
2.82 0.02764
2.78 0.02756
2.74 0.02747
2.70 0.02728
2.66 0.02709
2.62 0.02703
2.57 0.02695
2.53 0.02689
2.49 0.02676
2.45 0.02659
2.41 0.02645
2.37 0.02630
2.32 0.02617
2.28 0.02601
2.24 0.02591
2.20 0.02574
2.16 0.02559
2.12 0.02547
2.08 0.02532
2.03 0.02517
1.99 0.02503
1.95 0.02493
1.91 0.02484
1.87 0.02472
1.83 0.02461
1.79 0.02450
1.74 0.02440
1.70 0.02429
1.66 0.02420
1.62 0.02409
1.58 0.02401
1.54 0.02390
1.49 0.02380
1.45 0.02368
1.41 0.02357
1.37 0.02344
1.33 0.02332
1.29 0.02321
1.25 0.02308
1.20 0.02295
1.16 0.02283
1.12 0.02268
1.08 0.02256
1.04 0.02243
1.00 0.02231
0.95 0.02218
0.91 0.02205
0.87 0.02192
0.83 0.02178
0.79 0.02166
0.75 0.02151
0.71 0.02138
0.66 0.02123
0.62 0.02108
0.58 0.02092
0.54 0.02077
0.50 0.02061
0.46 0.02046
0.42 0.02030
0.37 0.02013
0.33 0.01997
0.29 0.01980
0.25 0.01963
0.21 0.01945
0.17 0.01926
0.12 0.01907
0.08 0.01887
0.04 0.01866
0.00 0.01842
1.23 0.01712
1.21 0.01716
1.20 0.01724
1.18 0.01739
1.17 0.01735
1.15 0.01741
1.14 0.01739
1.12 0.01732
1.10 0.01732
1.09 0.01729
1.07 0.01726
1.06 0.01720
1.04 0.01712
1.03 0.01703
1.01 0.01691
1.00 0.01686
0.98 0.01684
0.96 0.01680
0.95 0.01671
0.93 0.01666
0.92 0.01661
0.90 0.01656
0.89 0.01648
0.87 0.01640
0.86 0.01633
0.84 0.01628
0.82 0.01617
0.81 0.01608
0.79 0.01600
0.78 0.01592
0.76 0.01585
0.75 0.01579
0.73 0.01573
0.72 0.01565
0.70 0.01559
0.68 0.01551
0.67 0.01544
0.65 0.01538
0.64 0.01530
0.62 0.01523
0.61 0.01514
0.59 0.01508
0.58 0.01502
0.56 0.01496
0.54 0.01489
0.53 0.01482
0.51 0.01476
0.50 0.01469
0.48 0.01462
0.47 0.01454
0.45 0.01447
0.44 0.01439
0.42 0.01433
0.40 0.01425
0.39 0.01417
0.37 0.01409
0.36 0.01400
0.34 0.01391
0.33 0.01382
0.31 0.01374
0.30 0.01365
0.28 0.01357
0.26 0.01349
0.25 0.01340
0.23 0.01331
0.22 0.01322
0.20 0.01313
0.19 0.01304
0.17 0.01295
0.16 0.01286
0.14 0.01276
0.12 0.01266
0.11 0.01256
0.09 0.01245
0.08 0.01235
0.06 0.01223
0.05 0.01211
0.03 0.01199
0.02 0.01186
0.00 0.01172
0.49 0.01083
0.49 0.01064
0.48 0.01086
0.47 0.01086
0.47 0.01089
0.46 0.01093
0.46 0.01102
0.45 0.01099
0.44 0.01093
0.44 0.01097
0.43 0.01089
0.43 0.01084
0.42 0.01080
0.42 0.01080
0.41 0.01076
0.40 0.01073
0.40 0.01066
0.39 0.01063
0.39 0.01060
0.38 0.01057
0.37 0.01050
0.37 0.01045
0.36 0.01040
0.36 0.01036
0.35 0.01033
0.35 0.01031
0.34 0.01027
0.33 0.01021
0.33 0.01017
0.32 0.01013
0.32 0.01008
0.31 0.01004
0.30 0.01001
0.30 0.00997
0.29 0.00992
0.29 0.00989
0.28 0.00986
0.28 0.00983
0.27 0.00978
0.26 0.00973
0.26 0.00969
0.25 0.00964
0.25 0.00961
0.24 0.00957
0.23 0.00954
0.23 0.00950
0.22 0.00945
0.22 0.00940
0.21 0.00936
0.20 0.00932
0.20 0.00928
0.19 0.00923
0.19 0.00919
0.18 0.00914
0.18 0.00909
0.17 0.00905
0.16 0.00900
0.16 0.00895
0.15 0.00890
0.15 0.00886
0.14 0.00881
0.13 0.00877
0.13 0.00872
0.12 0.00867
0.12 0.00862
0.11 0.00857
0.11 0.00852
0.10 0.00847
0.09 0.00842
0.09 0.00836
0.08 0.00831
0.08 0.00826
0.07 0.00820
0.06 0.00815
0.06 0.00809
0.05 0.00803
0.05 0.00797
0.04 0.00791
0.04 0.00785
0.03 0.00778
0.02 0.00772
0.02 0.00765
0.01 0.00758
0.01 0.00751
0.00 0.00742
0.20 0.00614
0.19 0.00662
0.19 0.00671
0.19 0.00673
0.19 0.00673
0.19 0.00671
0.18 0.00671
0.18 0.00673
0.18 0.00672
0.18 0.00672
0.17 0.00669
0.17 0.00668
0.17 0.00668
0.17 0.00667
0.17 0.00662
0.16 0.00661
0.16 0.00661
0.16 0.00660
0.16 0.00656
0.15 0.00653
0.15 0.00653
0.15 0.00651
0.15 0.00650
0.15 0.00649
0.14 0.00646
0.14 0.00645
0.14 0.00642
0.14 0.00641
0.13 0.00640
0.13 0.00637
0.13 0.00634
0.13 0.00633
0.13 0.00630
0.12 0.00628
0.12 0.00625
0.12 0.00622
0.12 0.00620
0.11 0.00617
0.11 0.00614
0.11 0.00612
0.11 0.00610
0.11 0.00608
0.10 0.00605
0.10 0.00603
0.10 0.00601
0.10 0.00600
0.09 0.00598
0.09 0.00596
0.09 0.00594
0.09 0.00591
0.09 0.00588
0.08 0.00585
0.08 0.00582
0.08 0.00580
0.08 0.00577
0.08 0.00574
0.07 0.00571
0.07 0.00569
0.07 0.00567
0.07 0.00564
0.06 0.00562
0.06 0.00559
0.06 0.00556
0.06 0.00553
0.06 0.00550
0.05 0.00547
0.05 0.00544
0.05 0.00541
0.05 0.00538
0.04 0.00534
0.04 0.00532
0.04 0.00528
0.04 0.00525
0.04 0.00522
0.03 0.00519
0.03 0.00516
0.03 0.00512
0.03 0.00509
0.02 0.00506
0.02 0.00502
0.02 0.00499
0.02 0.00495
0.02 0.00492
0.01 0.00488
0.01 0.00484
0.01 0.00480
0.01 0.00476
0.00 0.00472
0.00 0.00467
0.00 0.00463
0.08 0.00452
0.08 0.00438
0.08 0.00429
0.08 0.00432
0.08 0.00433
0.07 0.00441
0.07 0.00439
0.07 0.00440
0.07 0.00437
0.07 0.00438
0.07 0.00436
0.07 0.00432
0.07 0.00431
0.07 0.00429
0.07 0.00426
0.07 0.00424
0.07 0.00422
0.06 0.00421
0.06 0.00421
0.06 0.00419
0.06 0.00417
0.06 0.00417
0.06 0.00415
0.06 0.00413
0.06 0.00413
0.06 0.00412
0.06 0.00410
0.06 0.00409
0.06 0.00407
0.05 0.00406
0.05 0.00404
0.05 0.00402
0.05 0.00401
0.05 0.00400
0.05 0.00398
0.05 0.00396
0.05 0.00395
0.05 0.00394
0.05 0.00392
0.05 0.00390
0.05 0.00389
0.04 0.00387
0.04 0.00386
0.04 0.00385
0.04 0.00384
0.04 0.00382
0.04 0.00381
0.04 0.00379
0.04 0.00379
0.04 0.00377
0.04 0.00375
0.04 0.00374
0.04 0.00373
0.03 0.00372
0.03 0.00370
0.03 0.00369
0.03 0.00368
0.03 0.00366
0.03 0.00364
0.03 0.00363
0.03 0.00361
0.03 0.00359
0.03 0.00357
0.03 0.00355
0.03 0.00353
0.02 0.00351
0.02 0.00350
0.02 0.00348
0.02 0.00347
0.02 0.00345
0.02 0.00343
0.02 0.00341
0.02 0.00339
0.02 0.00338
0.02 0.00336
0.02 0.00334
0.02 0.00332
0.01 0.00330
0.01 0.00328
0.01 0.00326
0.01 0.00325
0.01 0.00323
0.01 0.00321
0.01 0.00319
0.01 0.00317
0.01 0.00314
0.01 0.00312
0.01 0.00310
0.01 0.00307
0.00 0.00305
0.00 0.00303
0.00 0.00300
0.00 0.00298
0.00 0.00295
0.00 0.00292
0.00 0.01458
0.00 0.01068
0.00 0.00943
0.00 0.00831
0.00 0.00735
0.00 0.00702
0.00 0.00658
0.00 0.00614
0.00 0.00582
0.00 0.00547
0.00 0.00524
0.00 0.00507
0.00 0.00491
0.00 0.00484
0.00 0.00469
0.00 0.00456
0.00 0.00443
0.00 0.00430
0.00 0.00422
0.00 0.00413
0.00 0.00401
0.00 0.00391
0.00 0.00382
0.00 0.00372
0.00 0.00365
0.00 0.00362
0.00 0.00356
0.00 0.00349
0.00 0.00345
0.00 0.00340
0.00 0.00333
0.00 0.00329
0.00 0.00324
0.00 0.00322
0.00 0.00317
0.00 0.00312
0.00 0.00309
0.00 0.00305
0.00 0.00301
0.00 0.00299
0.00 0.00295
0.00 0.00292
0.00 0.00288
0.00 0.00285
0.00 0.00280
0.00 0.00277
0.00 0.00274
0.00 0.00272
0.00 0.00269
0.00 0.00266
0.00 0.00263
0.00 0.00261
0.00 0.00259
0.00 0.00259
0.00 0.00256
0.00 0.00254
0.00 0.00251
0.00 0.00249
0.00 0.00246
0.00 0.00244
0.00 0.00242
0.00 0.00240
0.00 0.00238
0.00 0.00235
0.00 0.00233
0.00 0.00231
0.00 0.00229
0.00 0.00228
0.00 0.00227
0.00 0.00226
0.00 0.00225
0.00 0.00224
0.00 0.00223
0.00 0.00221
0.00 0.00220
0.00 0.00219
0.00 0.00217
0.00 0.00215
0.00 0.00214
0.00 0.00212
0.00 0.00210
0.00 0.00208
0.00 0.00206
0.00 0.00204
0.00 0.00202
0.00 0.00200
0.00 0.00200
0.00 0.00198
0.00 0.00197
0.00 0.00196
0.00 0.00195
0.00 0.00194
0.00 0.00193
0.00 0.00192
0.00 0.00191
0.00 0.00190
0.00 0.00189
0.00 0.00188
0.00 0.00187
0.00 0.00186
