300.00 0.51857
293.88 0.48880
287.76 0.47365
281.63 0.46342
275.51 0.45667
269.39 0.45192
263.27 0.44704
257.14 0.44223
251.02 0.43887
244.90 0.43513
238.78 0.43175
232.65 0.42791
226.53 0.42497
220.41 0.42161
214.29 0.41820
208.16 0.41502
202.04 0.41148
195.92 0.40791
189.80 0.40466
183.67 0.40123
177.55 0.39789
171.43 0.39468
165.31 0.39138
159.18 0.38792
153.06 0.38452
146.94 0.38106
140.82 0.37753
134.69 0.37406
128.57 0.37046
122.45 0.36679
116.33 0.36322
110.20 0.35967
104.08 0.35592
97.96 0.35225
91.84 0.34846
85.71 0.34461
79.59 0.34070
73.47 0.33664
67.35 0.33254
61.22 0.32843
55.10 0.32426
48.98 0.31996
42.86 0.31558
36.73 0.31116
30.61 0.30668
24.49 0.30215
18.37 0.29744
12.24 0.29233
6.12 0.28705
0.00 0.28133
120.00 0.25588
117.78 0.25555
115.56 0.25379
113.33 0.25237
111.11 0.25077
108.89 0.25010
106.67 0.24900
104.44 0.24761
102.22 0.24581
100.00 0.24378
97.78 0.24230
95.56 0.24046
93.33 0.23887
91.11 0.23745
88.89 0.23608
86.67 0.23471
84.44 0.23294
82.22 0.23125
80.00 0.22949
77.78 0.22787
75.56 0.22615
73.33 0.22448
71.11 0.22268
68.89 0.22093
66.67 0.21908
64.44 0.21717
62.22 0.21518
60.00 0.21357
57.78 0.21174
55.56 0.20981
53.33 0.20797
51.11 0.20591
48.89 0.20408
46.67 0.20199
44.44 0.19990
42.22 0.19812
40.00 0.19620
37.78 0.19432
35.56 0.19243
33.33 0.19043
31.11 0.18832
28.89 0.18614
26.67 0.18419
24.44 0.18203
22.22 0.17992
20.00 0.17800
17.78 0.17597
15.56 0.17377
13.33 0.17147
11.11 0.16915
8.89 0.16680
6.67 0.16435
4.44 0.16192
2.22 0.15937
0.00 0.15649
48.00 0.14082
47.19 0.13895
46.37 0.13761
45.56 0.13925
44.75 0.13897
43.93 0.13725
43.12 0.13681
42.31 0.13596
41.49 0.13523
40.68 0.13521
39.86 0.13403
39.05 0.13357
38.24 0.13261
37.42 0.13156
36.61 0.13058
35.80 0.12974
34.98 0.12862
34.17 0.12735
33.36 0.12650
32.54 0.12567
31.73 0.12527
30.92 0.12434
30.10 0.12348
29.29 0.12256
28.47 0.12163
27.66 0.12083
26.85 0.12034
26.03 0.11953
25.22 0.11862
24.41 0.11775
23.59 0.11717
22.78 0.11645
21.97 0.11561
21.15 0.11461
20.34 0.11377
19.53 0.11293
18.71 0.11203
17.90 0.11114
17.08 0.11004
16.27 0.10892
15.46 0.10779
14.64 0.10668
13.83 0.10563
13.02 0.10463
12.20 0.10358
11.39 0.10246
10.58 0.10133
9.76 0.10019
8.95 0.09906
8.14 0.09792
7.32 0.09680
6.51 0.09566
5.69 0.09452
4.88 0.09337
4.07 0.09220
3.25 0.09101
2.44 0.08980
1.63 0.08857
0.81 0.08730
0.00 0.08585
19.20 0.07107
18.90 0.07190
18.60 0.07320
18.30 0.07405
18.00 0.07321
17.70 0.07257
17.40 0.07166
17.10 0.07109
16.80 0.07080
16.50 0.07031
16.20 0.06993
15.90 0.06954
15.60 0.06901
15.30 0.06859
15.00 0.06817
14.70 0.06773
14.40 0.06722
14.10 0.06676
13.80 0.06639
13.50 0.06607
13.20 0.06589
12.90 0.06565
12.60 0.06557
12.30 0.06519
12.00 0.06491
11.70 0.06522
11.40 0.06503
11.10 0.06468
10.80 0.06435
10.50 0.06415
10.20 0.06393
9.90 0.06368
9.60 0.06352
9.30 0.06309
9.00 0.06274
8.70 0.06240
8.40 0.06194
8.10 0.06154
7.80 0.06116
7.50 0.06079
7.20 0.06052
6.90 0.06014
6.60 0.05980
6.30 0.05952
6.00 0.05916
5.70 0.05871
5.40 0.05840
5.10 0.05814
4.80 0.05791
4.50 0.05768
4.20 0.05751
3.90 0.05735
3.60 0.05697
3.30 0.05673
3.00 0.05648
2.70 0.05631
2.40 0.05607
2.10 0.05578
1.80 0.05544
1.50 0.05502
1.20 0.05457
0.90 0.05407
0.60 0.05353
0.30 0.05290
0.00 0.05210
7.68 0.06676
7.57 0.06515
7.46 0.06437
7.35 0.06155
7.23 0.05910
7.12 0.05767
7.01 0.05711
6.90 0.05695
6.79 0.05666
6.68 0.05644
6.57 0.05544
6.46 0.05451
6.34 0.05436
6.23 0.05403
6.12 0.05371
6.01 0.05325
5.90 0.05277
5.79 0.05228
5.68 0.05188
5.57 0.05144
5.45 0.05098
5.34 0.05050
5.23 0.05004
5.12 0.04970
5.01 0.04932
4.90 0.04885
4.79 0.04845
4.67 0.04808
4.56 0.04767
4.45 0.04743
4.34 0.04714
4.23 0.04690
4.12 0.04677
4.01 0.04669
3.90 0.04656
3.78 0.04628
3.67 0.04606
3.56 0.04608
3.45 0.04599
3.34 0.04584
3.23 0.04561
3.12 0.04530
3.01 0.04500
2.89 0.04474
2.78 0.04451
2.67 0.04442
2.56 0.04429
2.45 0.04418
2.34 0.04408
2.23 0.04398
2.11 0.04392
2.00 0.04382
1.89 0.04365
1.78 0.04345
1.67 0.04329
1.56 0.04308
1.45 0.04286
1.34 0.04262
1.22 0.04237
1.11 0.04210
1.00 0.04179
0.89 0.04148
0.78 0.04118
0.67 0.04086
0.56 0.04053
0.45 0.04017
0.33 0.03978
0.22 0.03935
0.11 0.03888
0.00 0.03833
3.07 0.03500
3.03 0.03448
2.99 0.03314
2.95 0.03190
2.91 0.03121
2.86 0.03075
2.82 0.03035
2.78 0.03001
2.74 0.02957
2.70 0.02922
2.66 0.02896
2.62 0.02879
2.57 0.02865
2.53 0.02845
2.49 0.02831
2.45 0.02816
2.41 0.02802
2.37 0.02790
2.32 0.02780
2.28 0.02773
2.24 0.02762
2.20 0.02754
2.16 0.02744
2.12 0.02735
2.08 0.02724
2.03 0.02715
1.99 0.02704
1.95 0.02694
1.91 0.02678
1.87 0.02669
1.83 0.02654
1.79 0.02639
1.74 0.02624
1.70 0.02611
1.66 0.02599
1.62 0.02586
1.58 0.02574
1.54 0.02559
1.49 0.02544
1.45 0.02530
1.41 0.02515
1.37 0.02503
1.33 0.02490
1.29 0.02478
1.25 0.02466
1.20 0.02453
1.16 0.02438
1.12 0.02424
1.08 0.02411
1.04 0.02395
1.00 0.02382
0.95 0.02369
0.91 0.02355
0.87 0.02341
0.83 0.02326
0.79 0.02311
0.75 0.02298
0.71 0.02284
0.66 0.02267
0.62 0.02252
0.58 0.02235
0.54 0.02219
0.50 0.02203
0.46 0.02186
0.42 0.02168
0.37 0.02151
0.33 0.02133
0.29 0.02115
0.25 0.02096
0.21 0.02077
0.17 0.02058
0.12 0.02038
0.08 0.02016
0.04 0.01993
0.00 0.01967
1.23 0.01762
1.21 0.01819
1.20 0.01829
1.18 0.01809
1.17 0.01794
1.15 0.01769
1.14 0.01757
1.12 0.01755
1.10 0.01746
1.09 0.01738
1.07 0.01737
1.06 0.01737
1.04 0.01736
1.03 0.01731
1.01 0.01730
1.00 0.01720
0.98 0.01715
0.96 0.01709
0.95 0.01704
0.93 0.01698
0.92 0.01694
0.90 0.01690
0.89 0.01682
0.87 0.01678
0.86 0.01670
0.84 0.01666
0.82 0.01660
0.81 0.01653
0.79 0.01645
0.78 0.01638
0.76 0.01634
0.75 0.01626
0.73 0.01619
0.72 0.01613
0.70 0.01604
0.68 0.01596
0.67 0.01586
0.65 0.01579
0.64 0.01572
0.62 0.01567
0.61 0.01560
0.59 0.01553
0.58 0.01546
0.56 0.01539
0.54 0.01530
0.53 0.01521
0.51 0.01512
0.50 0.01504
0.48 0.01498
0.47 0.01490
0.45 0.01482
0.44 0.01474
0.42 0.01467
0.40 0.01460
0.39 0.01452
0.37 0.01444
0.36 0.01436
0.34 0.01428
0.33 0.01420
0.31 0.01412
0.30 0.01404
0.28 0.01396
0.26 0.01387
0.25 0.01378
0.23 0.01369
0.22 0.01361
0.20 0.01352
0.19 0.01342
0.17 0.01333
0.16 0.01323
0.14 0.01313
0.12 0.01303
0.11 0.01293
0.09 0.01282
0.08 0.01272
0.06 0.01260
0.05 0.01249
0.03 0.01236
0.02 0.01223
0.00 0.01208
0.49 0.01145
0.49 0.01133
0.48 0.01141
0.47 0.01132
0.47 0.01135
0.46 0.01132
0.46 0.01136
0.45 0.01124
0.44 0.01120
0.44 0.01114
0.43 0.01112
0.43 0.01109
0.42 0.01107
0.42 0.01105
0.41 0.01099
0.40 0.01095
0.40 0.01094
0.39 0.01090
0.39 0.01084
0.38 0.01078
0.37 0.01076
0.37 0.01073
0.36 0.01068
0.36 0.01064
0.35 0.01059
0.35 0.01057
0.34 0.01052
0.33 0.01048
0.33 0.01044
0.32 0.01040
0.32 0.01038
0.31 0.01033
0.30 0.01029
0.30 0.01025
0.29 0.01021
0.29 0.01018
0.28 0.01013
0.28 0.01008
0.27 0.01005
0.26 0.01000
0.26 0.00996
0.25 0.00993
0.25 0.00988
0.24 0.00985
0.23 0.00981
0.23 0.00976
0.22 0.00971
0.22 0.00968
0.21 0.00964
0.20 0.00959
0.20 0.00955
0.19 0.00951
0.19 0.00947
0.18 0.00942
0.18 0.00937
0.17 0.00933
0.16 0.00929
0.16 0.00923
0.15 0.00918
0.15 0.00914
0.14 0.00909
0.13 0.00905
0.13 0.00899
0.12 0.00895
0.12 0.00890
0.11 0.00885
0.11 0.00880
0.10 0.00875
0.09 0.00869
0.09 0.00864
0.08 0.00858
0.08 0.00853
0.07 0.00847
0.06 0.00842
0.06 0.00836
0.05 0.00830
0.05 0.00824
0.04 0.00818
0.04 0.00811
0.03 0.00805
0.02 0.00798
0.02 0.00791
0.01 0.00783
0.01 0.00776
0.00 0.00767
0.20 0.00758
0.19 0.00728
0.19 0.00732
0.19 0.00733
0.19 0.00727
0.19 0.00730
0.18 0.00731
0.18 0.00727
0.18 0.00723
0.18 0.00722
0.17 0.00717
0.17 0.00715
0.17 0.00711
0.17 0.00709
0.17 0.00705
0.16 0.00705
0.16 0.00705
0.16 0.00702
0.16 0.00696
0.15 0.00693
0.15 0.00690
0.15 0.00690
0.15 0.00687
0.15 0.00685
0.14 0.00683
0.14 0.00681
0.14 0.00677
0.14 0.00676
0.13 0.00674
0.13 0.00672
0.13 0.00670
0.13 0.00668
0.13 0.00666
0.12 0.00664
0.12 0.00661
0.12 0.00658
0.12 0.00656
0.11 0.00653
0.11 0.00650
0.11 0.00647
0.11 0.00644
0.11 0.00641
0.10 0.00639
0.10 0.00636
0.10 0.00634
0.10 0.00630
0.09 0.00628
0.09 0.00625
0.09 0.00623
0.09 0.00620
0.09 0.00617
0.08 0.00615
0.08 0.00613
0.08 0.00610
0.08 0.00607
0.08 0.00604
0.07 0.00601
0.07 0.00599
0.07 0.00595
0.07 0.00592
0.06 0.00589
0.06 0.00586
0.06 0.00584
0.06 0.00581
0.06 0.00577
0.05 0.00574
0.05 0.00571
0.05 0.00568
0.05 0.00565
0.04 0.00562
0.04 0.00560
0.04 0.00557
0.04 0.00554
0.04 0.00551
0.03 0.00548
0.03 0.00544
0.03 0.00541
0.03 0.00537
0.02 0.00534
0.02 0.00530
0.02 0.00526
0.02 0.00522
0.02 0.00518
0.01 0.00514
0.01 0.00510
0.01 0.00506
0.01 0.00502
0.00 0.00497
0.00 0.00493
0.00 0.00487
0.08 0.00404
0.08 0.00426
0.08 0.00434
0.08 0.00444
0.08 0.00441
0.07 0.00437
0.07 0.00442
0.07 0.00442
0.07 0.00441
0.07 0.00444
0.07 0.00448
0.07 0.00446
0.07 0.00443
0.07 0.00441
0.07 0.00438
0.07 0.00436
0.07 0.00434
0.06 0.00435
0.06 0.00436
0.06 0.00436
0.06 0.00434
0.06 0.00434
0.06 0.00433
0.06 0.00430
0.06 0.00431
0.06 0.00430
0.06 0.00428
0.06 0.00428
0.06 0.00427
0.05 0.00426
0.05 0.00424
0.05 0.00423
0.05 0.00423
0.05 0.00420
0.05 0.00419
0.05 0.00419
0.05 0.00418
0.05 0.00416
0.05 0.00414
0.05 0.00412
0.05 0.00411
0.04 0.00409
0.04 0.00408
0.04 0.00407
0.04 0.00405
0.04 0.00403
0.04 0.00401
0.04 0.00399
0.04 0.00396
0.04 0.00396
0.04 0.00394
0.04 0.00393
0.04 0.00391
0.03 0.00390
0.03 0.00388
0.03 0.00387
0.03 0.00385
0.03 0.00383
0.03 0.00382
0.03 0.00380
0.03 0.00378
0.03 0.00377
0.03 0.00376
0.03 0.00374
0.03 0.00372
0.02 0.00371
0.02 0.00370
0.02 0.00368
0.02 0.00366
0.02 0.00364
0.02 0.00362
0.02 0.00360
0.02 0.00358
0.02 0.00356
0.02 0.00354
0.02 0.00352
0.02 0.00350
0.01 0.00348
0.01 0.00346
0.01 0.00344
0.01 0.00342
0.01 0.00340
0.01 0.00337
0.01 0.00335
0.01 0.00333
0.01 0.00331
0.01 0.00329
0.01 0.00326
0.01 0.00324
0.00 0.00322
0.00 0.00319
0.00 0.00316
0.00 0.00314
0.00 0.00311
0.00 0.00308
0.00 0.00748
0.00 0.00447
0.00 0.00350
0.00 0.00279
0.00 0.00238
0.00 0.00214
0.00 0.00191
0.00 0.00170
0.00 0.00155
0.00 0.00142
0.00 0.00133
0.00 0.00125
0.00 0.00117
0.00 0.00111
0.00 0.00108
0.00 0.00102
0.00 0.00097
0.00 0.00095
0.00 0.00092
0.00 0.00088
0.00 0.00084
0.00 0.00081
0.00 0.00078
0.00 0.00075
0.00 0.00073
0.00 0.00071
0.00 0.00070
0.00 0.00067
0.00 0.00065
0.00 0.00063
0.00 0.00061
0.00 0.00060
0.00 0.00059
0.00 0.00059
0.00 0.00059
0.00 0.00058
0.00 0.00057
0.00 0.00056
0.00 0.00054
0.00 0.00054
0.00 0.00054
0.00 0.00053
0.00 0.00052
0.00 0.00051
0.00 0.00050
0.00 0.00049
0.00 0.00048
0.00 0.00047
0.00 0.00047
0.00 0.00047
0.00 0.00046
0.00 0.00046
0.00 0.00045
0.00 0.00044
0.00 0.00044
0.00 0.00044
0.00 0.00043
0.00 0.00043
0.00 0.00042
0.00 0.00042
0.00 0.00041
0.00 0.00041
0.00 0.00041
0.00 0.00040
0.00 0.00040
0.00 0.00039
0.00 0.00039
0.00 0.00038
0.00 0.00038
0.00 0.00037
0.00 0.00037
0.00 0.00036
0.00 0.00036
0.00 0.00036
0.00 0.00035
0.00 0.00035
0.00 0.00035
0.00 0.00034
0.00 0.00034
0.00 0.00033
0.00 0.00033
0.00 0.00033
0.00 0.00033
0.00 0.00032
0.00 0.00032
0.00 0.00032
0.00 0.00031
0.00 0.00031
0.00 0.00031
0.00 0.00030
0.00 0.00030
0.00 0.00030
0.00 0.00030
0.00 0.00030
0.00 0.00029
0.00 0.00029
0.00 0.00029
0.00 0.00029
0.00 0.00029
0.00 0.00028
