300.00 0.50336
293.88 0.49761
287.76 0.47924
281.63 0.47067
275.51 0.46450
269.39 0.45746
263.27 0.45243
257.14 0.44785
251.02 0.44304
244.90 0.43864
238.78 0.43446
232.65 0.43073
226.53 0.42677
220.41 0.42365
214.29 0.42020
208.16 0.41675
202.04 0.41348
195.92 0.40995
189.80 0.40686
183.67 0.40331
177.55 0.39999
171.43 0.39634
165.31 0.39290
159.18 0.38949
153.06 0.38610
146.94 0.38244
140.82 0.37894
134.69 0.37553
128.57 0.37167
122.45 0.36796
116.33 0.36418
110.20 0.36038
104.08 0.35636
97.96 0.35267
91.84 0.34874
85.71 0.34483
79.59 0.34075
73.47 0.33660
67.35 0.33235
61.22 0.32814
55.10 0.32385
48.98 0.31952
42.86 0.31509
36.73 0.31058
30.61 0.30593
24.49 0.30129
18.37 0.29658
12.24 0.29177
6.12 0.28673
0.00 0.28103
120.00 0.26001
117.78 0.26050
115.56 0.25925
113.33 0.25710
111.11 0.25547
108.89 0.25438
106.67 0.25306
104.44 0.25109
102.22 0.24891
100.00 0.24667
97.78 0.24485
95.56 0.24283
93.33 0.24068
91.11 0.23885
88.89 0.23698
86.67 0.23521
84.44 0.23364
82.22 0.23215
80.00 0.23022
77.78 0.22840
75.56 0.22660
73.33 0.22459
71.11 0.22272
68.89 0.22096
66.67 0.21919
64.44 0.21742
62.22 0.21547
60.00 0.21368
57.78 0.21187
55.56 0.20986
53.33 0.20797
51.11 0.20627
48.89 0.20432
46.67 0.20248
44.44 0.20059
42.22 0.19874
40.00 0.19680
37.78 0.19490
35.56 0.19278
33.33 0.19086
31.11 0.18891
28.89 0.18687
26.67 0.18472
24.44 0.18250
22.22 0.18023
20.00 0.17812
17.78 0.17591
15.56 0.17366
13.33 0.17141
11.11 0.16910
8.89 0.16679
6.67 0.16442
4.44 0.16199
2.22 0.15946
0.00 0.15659
48.00 0.13961
47.19 0.13992
46.37 0.13905
45.56 0.13503
44.75 0.13533
43.93 0.13489
43.12 0.13518
42.31 0.13490
41.49 0.13403
40.68 0.13293
39.86 0.13173
39.05 0.13100
38.24 0.13009
37.42 0.12930
36.61 0.12812
35.80 0.12681
34.98 0.12579
34.17 0.12468
33.36 0.12393
32.54 0.12324
31.73 0.12242
30.92 0.12142
30.10 0.12062
29.29 0.11980
28.47 0.11896
27.66 0.11826
26.85 0.11715
26.03 0.11610
25.22 0.11505
24.41 0.11415
23.59 0.11313
22.78 0.11234
21.97 0.11162
21.15 0.11079
20.34 0.10991
19.53 0.10891
18.71 0.10795
17.90 0.10713
17.08 0.10629
16.27 0.10559
15.46 0.10496
14.64 0.10429
13.83 0.10348
13.02 0.10265
12.20 0.10181
11.39 0.10099
10.58 0.10012
9.76 0.09922
8.95 0.09828
8.14 0.09728
7.32 0.09625
6.51 0.09521
5.69 0.09419
4.88 0.09315
4.07 0.09206
3.25 0.09094
2.44 0.08979
1.63 0.08860
0.81 0.08736
0.00 0.08592
19.20 0.07754
18.90 0.07530
18.60 0.07361
18.30 0.07239
18.00 0.07165
17.70 0.07077
17.40 0.07051
17.10 0.07026
16.80 0.06999
16.50 0.06939
16.20 0.06933
15.90 0.06918
15.60 0.06931
15.30 0.06916
15.00 0.06885
14.70 0.06833
14.40 0.06782
14.10 0.06734
13.80 0.06693
13.50 0.06653
13.20 0.06624
12.90 0.06609
12.60 0.06591
12.30 0.06590
12.00 0.06567
11.70 0.06552
11.40 0.06537
11.10 0.06523
10.80 0.06501
10.50 0.06461
10.20 0.06415
9.90 0.06374
9.60 0.06328
9.30 0.06283
9.00 0.06237
8.70 0.06195
8.40 0.06148
8.10 0.06103
7.80 0.06060
7.50 0.06016
7.20 0.05971
6.90 0.05928
6.60 0.05880
6.30 0.05835
6.00 0.05789
5.70 0.05741
5.40 0.05695
5.10 0.05651
4.80 0.05604
4.50 0.05556
4.20 0.05505
3.90 0.05454
3.60 0.05403
3.30 0.05354
3.00 0.05303
2.70 0.05252
2.40 0.05199
2.10 0.05148
1.80 0.05093
1.50 0.05037
1.20 0.04981
0.90 0.04923
0.60 0.04863
0.30 0.04799
0.00 0.04726
7.68 0.04337
7.57 0.04312
7.46 0.04375
7.35 0.04489
7.23 0.04571
7.12 0.04528
7.01 0.04562
6.90 0.04554
6.79 0.04542
6.68 0.04532
6.57 0.04515
6.46 0.04511
6.34 0.04518
6.23 0.04519
6.12 0.04502
6.01 0.04470
5.90 0.04446
5.79 0.04415
5.68 0.04410
5.57 0.04415
5.45 0.04411
5.34 0.04394
5.23 0.04383
5.12 0.04375
5.01 0.04364
4.90 0.04350
4.79 0.04326
4.67 0.04293
4.56 0.04267
4.45 0.04231
4.34 0.04196
4.23 0.04168
4.12 0.04135
4.01 0.04102
3.90 0.04070
3.78 0.04041
3.67 0.04008
3.56 0.03975
3.45 0.03942
3.34 0.03909
3.23 0.03881
3.12 0.03852
3.01 0.03821
2.89 0.03790
2.78 0.03760
2.67 0.03730
2.56 0.03704
2.45 0.03674
2.34 0.03646
2.23 0.03615
2.11 0.03585
2.00 0.03555
1.89 0.03524
1.78 0.03494
1.67 0.03464
1.56 0.03433
1.45 0.03404
1.34 0.03374
1.22 0.03343
1.11 0.03313
1.00 0.03281
0.89 0.03250
0.78 0.03219
0.67 0.03187
0.56 0.03155
0.45 0.03121
0.33 0.03086
0.22 0.03051
0.11 0.03014
0.00 0.02972
3.07 0.02551
3.03 0.02525
2.99 0.02509
2.95 0.02508
2.91 0.02481
2.86 0.02480
2.82 0.02479
2.78 0.02474
2.74 0.02473
2.70 0.02458
2.66 0.02438
2.62 0.02434
2.57 0.02425
2.53 0.02418
2.49 0.02412
2.45 0.02403
2.41 0.02393
2.37 0.02389
2.32 0.02386
2.28 0.02385
2.24 0.02377
2.20 0.02369
2.16 0.02363
2.12 0.02353
2.08 0.02345
2.03 0.02337
1.99 0.02328
1.95 0.02318
1.91 0.02311
1.87 0.02305
1.83 0.02296
1.79 0.02288
1.74 0.02279
1.70 0.02274
1.66 0.02265
1.62 0.02253
1.58 0.02242
1.54 0.02232
1.49 0.02222
1.45 0.02210
1.41 0.02199
1.37 0.02190
1.33 0.02179
1.29 0.02168
1.25 0.02155
1.20 0.02145
1.16 0.02134
1.12 0.02123
1.08 0.02111
1.04 0.02098
1.00 0.02086
0.95 0.02073
0.91 0.02060
0.87 0.02047
0.83 0.02034
0.79 0.02021
0.75 0.02007
0.71 0.01992
0.66 0.01980
0.62 0.01966
0.58 0.01952
0.54 0.01937
0.50 0.01923
0.46 0.01909
0.42 0.01894
0.37 0.01879
0.33 0.01864
0.29 0.01849
0.25 0.01832
0.21 0.01815
0.17 0.01798
0.12 0.01780
0.08 0.01762
0.04 0.01742
0.00 0.01720
1.23 0.01643
1.21 0.01628
1.20 0.01598
1.18 0.01596
1.17 0.01585
1.15 0.01584
1.14 0.01575
1.12 0.01569
1.10 0.01560
1.09 0.01564
1.07 0.01564
1.06 0.01560
1.04 0.01560
1.03 0.01559
1.01 0.01552
1.00 0.01546
0.98 0.01542
0.96 0.01539
0.95 0.01534
0.93 0.01528
0.92 0.01519
0.90 0.01512
0.89 0.01506
0.87 0.01502
0.86 0.01496
0.84 0.01492
0.82 0.01490
0.81 0.01486
0.79 0.01481
0.78 0.01475
0.76 0.01469
0.75 0.01464
0.73 0.01459
0.72 0.01451
0.70 0.01445
0.68 0.01442
0.67 0.01436
0.65 0.01429
0.64 0.01422
0.62 0.01416
0.61 0.01411
0.59 0.01405
0.58 0.01397
0.56 0.01392
0.54 0.01387
0.53 0.01381
0.51 0.01374
0.50 0.01367
0.48 0.01361
0.47 0.01354
0.45 0.01347
0.44 0.01342
0.42 0.01334
0.40 0.01328
0.39 0.01319
0.37 0.01312
0.36 0.01305
0.34 0.01297
0.33 0.01291
0.31 0.01283
0.30 0.01275
0.28 0.01267
0.26 0.01259
0.25 0.01251
0.23 0.01243
0.22 0.01234
0.20 0.01226
0.19 0.01217
0.17 0.01209
0.16 0.01200
0.14 0.01191
0.12 0.01182
0.11 0.01173
0.09 0.01163
0.08 0.01153
0.06 0.01143
0.05 0.01132
0.03 0.01121
0.02 0.01109
0.00 0.01096
0.49 0.01060
0.49 0.01081
0.48 0.01065
0.47 0.01059
0.47 0.01054
0.46 0.01047
0.46 0.01045
0.45 0.01037
0.44 0.01032
0.44 0.01031
0.43 0.01026
0.43 0.01022
0.42 0.01021
0.42 0.01012
0.41 0.01004
0.40 0.00999
0.40 0.00993
0.39 0.00987
0.39 0.00983
0.38 0.00979
0.37 0.00977
0.37 0.00972
0.36 0.00967
0.36 0.00962
0.35 0.00957
0.35 0.00953
0.34 0.00951
0.33 0.00947
0.33 0.00942
0.32 0.00938
0.32 0.00936
0.31 0.00932
0.30 0.00926
0.30 0.00922
0.29 0.00917
0.29 0.00913
0.28 0.00909
0.28 0.00906
0.27 0.00901
0.26 0.00897
0.26 0.00893
0.25 0.00890
0.25 0.00885
0.24 0.00881
0.23 0.00878
0.23 0.00874
0.22 0.00869
0.22 0.00865
0.21 0.00860
0.20 0.00856
0.20 0.00852
0.19 0.00848
0.19 0.00843
0.18 0.00839
0.18 0.00834
0.17 0.00830
0.16 0.00826
0.16 0.00821
0.15 0.00817
0.15 0.00812
0.14 0.00808
0.13 0.00803
0.13 0.00799
0.12 0.00794
0.12 0.00790
0.11 0.00785
0.11 0.00780
0.10 0.00776
0.09 0.00771
0.09 0.00766
0.08 0.00761
0.08 0.00756
0.07 0.00751
0.06 0.00745
0.06 0.00740
0.05 0.00735
0.05 0.00730
0.04 0.00724
0.04 0.00719
0.03 0.00713
0.02 0.00707
0.02 0.00700
0.01 0.00694
0.01 0.00687
0.00 0.00679
0.20 0.00656
0.19 0.00669
0.19 0.00657
0.19 0.00649
0.19 0.00648
0.19 0.00640
0.18 0.00642
0.18 0.00637
0.18 0.00631
0.18 0.00628
0.17 0.00626
0.17 0.00621
0.17 0.00618
0.17 0.00616
0.17 0.00615
0.16 0.00613
0.16 0.00611
0.16 0.00610
0.16 0.00608
0.15 0.00606
0.15 0.00605
0.15 0.00604
0.15 0.00604
0.15 0.00602
0.14 0.00598
0.14 0.00595
0.14 0.00595
0.14 0.00592
0.13 0.00591
0.13 0.00588
0.13 0.00586
0.13 0.00584
0.13 0.00583
0.12 0.00580
0.12 0.00577
0.12 0.00576
0.12 0.00573
0.11 0.00571
0.11 0.00568
0.11 0.00566
0.11 0.00564
0.11 0.00562
0.10 0.00560
0.10 0.00559
0.10 0.00557
0.10 0.00555
0.09 0.00553
0.09 0.00551
0.09 0.00549
0.09 0.00545
0.09 0.00543
0.08 0.00540
0.08 0.00538
0.08 0.00535
0.08 0.00533
0.08 0.00532
0.07 0.00529
0.07 0.00526
0.07 0.00524
0.07 0.00522
0.06 0.00519
0.06 0.00517
0.06 0.00514
0.06 0.00512
0.06 0.00509
0.05 0.00506
0.05 0.00503
0.05 0.00500
0.05 0.00497
0.04 0.00495
0.04 0.00492
0.04 0.00489
0.04 0.00486
0.04 0.00483
0.03 0.00480
0.03 0.00477
0.03 0.00474
0.03 0.00471
0.02 0.00467
0.02 0.00464
0.02 0.00461
0.02 0.00458
0.02 0.00454
0.01 0.00451
0.01 0.00448
0.01 0.00444
0.01 0.00440
0.00 0.00436
0.00 0.00432
0.00 0.00428
0.08 0.00385
0.08 0.00420
0.08 0.00417
0.08 0.00424
0.08 0.00421
0.07 0.00409
0.07 0.00408
0.07 0.00406
0.07 0.00403
0.07 0.00399
0.07 0.00399
0.07 0.00397
0.07 0.00398
0.07 0.00394
0.07 0.00393
0.07 0.00392
0.07 0.00391
0.06 0.00391
0.06 0.00391
0.06 0.00389
0.06 0.00388
0.06 0.00387
0.06 0.00388
0.06 0.00386
0.06 0.00386
0.06 0.00385
0.06 0.00385
0.06 0.00383
0.06 0.00381
0.05 0.00379
0.05 0.00378
0.05 0.00376
0.05 0.00375
0.05 0.00373
0.05 0.00372
0.05 0.00371
0.05 0.00371
0.05 0.00370
0.05 0.00368
0.05 0.00367
0.05 0.00365
0.04 0.00364
0.04 0.00362
0.04 0.00361
0.04 0.00359
0.04 0.00358
0.04 0.00357
0.04 0.00355
0.04 0.00354
0.04 0.00352
0.04 0.00351
0.04 0.00349
0.04 0.00347
0.03 0.00346
0.03 0.00345
0.03 0.00343
0.03 0.00341
0.03 0.00340
0.03 0.00338
0.03 0.00337
0.03 0.00335
0.03 0.00333
0.03 0.00332
0.03 0.00330
0.03 0.00329
0.02 0.00327
0.02 0.00325
0.02 0.00324
0.02 0.00322
0.02 0.00320
0.02 0.00319
0.02 0.00317
0.02 0.00316
0.02 0.00314
0.02 0.00312
0.02 0.00311
0.02 0.00309
0.01 0.00307
0.01 0.00305
0.01 0.00304
0.01 0.00302
0.01 0.00300
0.01 0.00298
0.01 0.00296
0.01 0.00294
0.01 0.00292
0.01 0.00290
0.01 0.00288
0.01 0.00286
0.00 0.00284
0.00 0.00282
0.00 0.00280
0.00 0.00277
0.00 0.00275
0.00 0.00272
0.00 0.01585
0.00 0.01132
0.00 0.00919
0.00 0.00834
0.00 0.00750
0.00 0.00678
0.00 0.00624
0.00 0.00588
0.00 0.00547
0.00 0.00514
0.00 0.00491
0.00 0.00466
0.00 0.00444
0.00 0.00430
0.00 0.00416
0.00 0.00399
0.00 0.00385
0.00 0.00374
0.00 0.00362
0.00 0.00350
0.00 0.00342
0.00 0.00333
0.00 0.00323
0.00 0.00316
0.00 0.00309
0.00 0.00303
0.00 0.00296
0.00 0.00290
0.00 0.00284
0.00 0.00281
0.00 0.00278
0.00 0.00273
0.00 0.00267
0.00 0.00265
0.00 0.00260
0.00 0.00256
0.00 0.00252
0.00 0.00248
0.00 0.00245
0.00 0.00243
0.00 0.00239
0.00 0.00237
0.00 0.00234
0.00 0.00231
0.00 0.00229
0.00 0.00227
0.00 0.00224
0.00 0.00221
0.00 0.00218
0.00 0.00215
0.00 0.00213
0.00 0.00211
0.00 0.00209
0.00 0.00206
0.00 0.00204
0.00 0.00202
0.00 0.00201
0.00 0.00201
0.00 0.00199
0.00 0.00198
0.00 0.00196
0.00 0.00195
0.00 0.00193
0.00 0.00192
0.00 0.00191
0.00 0.00189
0.00 0.00187
0.00 0.00186
0.00 0.00185
0.00 0.00183
0.00 0.00182
0.00 0.00181
0.00 0.00181
0.00 0.00180
0.00 0.00178
0.00 0.00177
0.00 0.00176
0.00 0.00174
0.00 0.00173
0.00 0.00172
0.00 0.00171
0.00 0.00170
0.00 0.00169
0.00 0.00167
0.00 0.00166
0.00 0.00166
0.00 0.00165
0.00 0.00163
0.00 0.00162
0.00 0.00161
0.00 0.00160
0.00 0.00159
0.00 0.00158
0.00 0.00157
0.00 0.00157
0.00 0.00156
0.00 0.00155
0.00 0.00154
0.00 0.00153
0.00 0.00153
