25.00 0.94475
22.22 0.94800
19.44 0.94895
16.67 0.94936
13.89 0.94752
11.11 0.94767
8.33 0.94662
5.56 0.94613
2.78 0.93923
0.00 0.84545
20.00 0.95105
17.78 0.94998
15.56 0.94990
13.33 0.95046
11.11 0.94969
8.89 0.94899
6.67 0.94751
4.44 0.94592
2.22 0.93003
0.00 0.83710
16.00 0.94900
14.22 0.95080
12.44 0.94955
10.67 0.94849
8.89 0.94962
7.11 0.94727
5.33 0.94729
3.56 0.94368
1.78 0.92553
0.00 0.83310
12.80 0.94630
11.38 0.95120
9.96 0.94708
8.53 0.94469
7.11 0.94459
5.69 0.94263
4.27 0.94064
2.84 0.93283
1.42 0.90390
0.00 0.81373
