300.00 0.47839
293.88 0.47359
287.76 0.46200
281.63 0.45932
275.51 0.45591
269.39 0.45304
263.27 0.44785
257.14 0.44359
251.02 0.43938
244.90 0.43530
238.78 0.43207
232.65 0.42857
226.53 0.42499
220.41 0.42189
214.29 0.41840
208.16 0.41486
202.04 0.41139
195.92 0.40822
189.80 0.40482
183.67 0.40184
177.55 0.39896
171.43 0.39570
165.31 0.39248
159.18 0.38923
153.06 0.38601
146.94 0.38247
140.82 0.37896
134.69 0.37555
128.57 0.37197
122.45 0.36850
116.33 0.36489
110.20 0.36133
104.08 0.35754
97.96 0.35372
91.84 0.34970
85.71 0.34572
79.59 0.34158
73.47 0.33740
67.35 0.33312
61.22 0.32884
55.10 0.32454
48.98 0.32021
42.86 0.31577
36.73 0.31120
30.61 0.30654
24.49 0.30184
18.37 0.29699
12.24 0.29202
6.12 0.28688
0.00 0.28119
120.00 0.25815
117.78 0.25635
115.56 0.25272
113.33 0.25264
111.11 0.25175
108.89 0.24964
106.67 0.24721
104.44 0.24492
102.22 0.24354
100.00 0.24223
97.78 0.24052
95.56 0.23915
93.33 0.23718
91.11 0.23537
88.89 0.23373
86.67 0.23201
84.44 0.23042
82.22 0.22894
80.00 0.22711
77.78 0.22521
75.56 0.22340
73.33 0.22137
71.11 0.21950
68.89 0.21747
66.67 0.21608
64.44 0.21445
62.22 0.21283
60.00 0.21100
57.78 0.20907
55.56 0.20716
53.33 0.20548
51.11 0.20371
48.89 0.20180
46.67 0.19985
44.44 0.19782
42.22 0.19580
40.00 0.19381
37.78 0.19180
35.56 0.18973
33.33 0.18771
31.11 0.18569
28.89 0.18364
26.67 0.18159
24.44 0.17951
22.22 0.17744
20.00 0.17537
17.78 0.17339
15.56 0.17133
13.33 0.16922
11.11 0.16700
8.89 0.16470
6.67 0.16237
4.44 0.16001
2.22 0.15756
0.00 0.15472
48.00 0.13613
47.19 0.13885
46.37 0.13876
45.56 0.13723
44.75 0.13646
43.93 0.13595
43.12 0.13453
42.31 0.13364
41.49 0.13262
40.68 0.13160
39.86 0.13065
39.05 0.12965
38.24 0.12836
37.42 0.12720
36.61 0.12634
35.80 0.12544
34.98 0.12480
34.17 0.12395
33.36 0.12327
32.54 0.12246
31.73 0.12173
30.92 0.12080
30.10 0.11987
29.29 0.11896
28.47 0.11806
27.66 0.11710
26.85 0.11627
26.03 0.11553
25.22 0.11477
24.41 0.11395
23.59 0.11314
22.78 0.11227
21.97 0.11148
21.15 0.11055
20.34 0.10976
19.53 0.10892
18.71 0.10808
17.90 0.10729
17.08 0.10658
16.27 0.10579
15.46 0.10489
14.64 0.10395
13.83 0.10309
13.02 0.10215
12.20 0.10126
11.39 0.10033
10.58 0.09941
9.76 0.09849
8.95 0.09753
8.14 0.09651
7.32 0.09553
6.51 0.09453
5.69 0.09350
4.88 0.09246
4.07 0.09138
3.25 0.09029
2.44 0.08915
1.63 0.08798
0.81 0.08674
0.00 0.08531
19.20 0.07941
18.90 0.08043
18.60 0.08035
18.30 0.07995
18.00 0.07932
17.70 0.07888
17.40 0.07858
17.10 0.07841
16.80 0.07776
16.50 0.07748
16.20 0.07713
15.90 0.07710
15.60 0.07706
15.30 0.07657
15.00 0.07626
14.70 0.07590
14.40 0.07540
14.10 0.07512
13.80 0.07479
13.50 0.07431
13.20 0.07388
12.90 0.07341
12.60 0.07316
12.30 0.07274
12.00 0.07239
11.70 0.07206
11.40 0.07183
11.10 0.07151
10.80 0.07116
10.50 0.07080
10.20 0.07044
9.90 0.07013
9.60 0.06973
9.30 0.06934
9.00 0.06888
8.70 0.06840
8.40 0.06794
8.10 0.06749
7.80 0.06715
7.50 0.06682
7.20 0.06648
6.90 0.06611
6.60 0.06571
6.30 0.06533
6.00 0.06493
5.70 0.06449
5.40 0.06405
5.10 0.06366
4.80 0.06327
4.50 0.06282
4.20 0.06236
3.90 0.06186
3.60 0.06137
3.30 0.06092
3.00 0.06047
2.70 0.06004
2.40 0.05955
2.10 0.05905
1.80 0.05853
1.50 0.05800
1.20 0.05749
0.90 0.05693
0.60 0.05636
0.30 0.05571
0.00 0.05487
7.68 0.05237
7.57 0.05230
7.46 0.05221
7.35 0.05167
7.23 0.05115
7.12 0.05099
7.01 0.05099
6.90 0.05071
6.79 0.05060
6.68 0.05046
6.57 0.05040
6.46 0.05014
6.34 0.05011
6.23 0.05006
6.12 0.04990
6.01 0.04973
5.90 0.04958
5.79 0.04936
5.68 0.04909
5.57 0.04896
5.45 0.04879
5.34 0.04866
5.23 0.04853
5.12 0.04829
5.01 0.04812
4.90 0.04796
4.79 0.04781
4.67 0.04748
4.56 0.04712
4.45 0.04683
4.34 0.04657
4.23 0.04626
4.12 0.04596
4.01 0.04570
3.90 0.04546
3.78 0.04524
3.67 0.04505
3.56 0.04484
3.45 0.04469
3.34 0.04457
3.23 0.04434
3.12 0.04417
3.01 0.04395
2.89 0.04374
2.78 0.04355
2.67 0.04334
2.56 0.04315
2.45 0.04290
2.34 0.04270
2.23 0.04248
2.11 0.04222
2.00 0.04193
1.89 0.04165
1.78 0.04137
1.67 0.04111
1.56 0.04084
1.45 0.04054
1.34 0.04021
1.22 0.03990
1.11 0.03960
1.00 0.03931
0.89 0.03901
0.78 0.03869
0.67 0.03834
0.56 0.03801
0.45 0.03765
0.33 0.03728
0.22 0.03688
0.11 0.03645
0.00 0.03594
3.07 0.03377
3.03 0.03362
2.99 0.03366
2.95 0.03388
2.91 0.03406
2.86 0.03404
2.82 0.03405
2.78 0.03407
2.74 0.03411
2.70 0.03401
2.66 0.03395
2.62 0.03403
2.57 0.03401
2.53 0.03380
2.49 0.03361
2.45 0.03340
2.41 0.03319
2.37 0.03300
2.32 0.03284
2.28 0.03268
2.24 0.03253
2.20 0.03234
2.16 0.03212
2.12 0.03189
2.08 0.03169
2.03 0.03151
1.99 0.03136
1.95 0.03122
1.91 0.03104
1.87 0.03089
1.83 0.03073
1.79 0.03058
1.74 0.03038
1.70 0.03020
1.66 0.03004
1.62 0.02989
1.58 0.02970
1.54 0.02952
1.49 0.02936
1.45 0.02919
1.41 0.02901
1.37 0.02884
1.33 0.02866
1.29 0.02847
1.25 0.02831
1.20 0.02815
1.16 0.02796
1.12 0.02782
1.08 0.02766
1.04 0.02750
1.00 0.02732
0.95 0.02713
0.91 0.02694
0.87 0.02677
0.83 0.02658
0.79 0.02640
0.75 0.02620
0.71 0.02601
0.66 0.02582
0.62 0.02562
0.58 0.02542
0.54 0.02524
0.50 0.02504
0.46 0.02484
0.42 0.02464
0.37 0.02444
0.33 0.02424
0.29 0.02402
0.25 0.02380
0.21 0.02359
0.17 0.02336
0.12 0.02313
0.08 0.02289
0.04 0.02263
0.00 0.02234
1.23 0.02128
1.21 0.02107
1.20 0.02075
1.18 0.02073
1.17 0.02052
1.15 0.02031
1.14 0.02015
1.12 0.01997
1.10 0.01988
1.09 0.01975
1.07 0.01966
1.06 0.01961
1.04 0.01948
1.03 0.01943
1.01 0.01934
1.00 0.01928
0.98 0.01920
0.96 0.01917
0.95 0.01908
0.93 0.01905
0.92 0.01897
0.90 0.01893
0.89 0.01885
0.87 0.01881
0.86 0.01876
0.84 0.01870
0.82 0.01860
0.81 0.01856
0.79 0.01849
0.78 0.01843
0.76 0.01832
0.75 0.01821
0.73 0.01812
0.72 0.01804
0.70 0.01795
0.68 0.01786
0.67 0.01778
0.65 0.01768
0.64 0.01758
0.62 0.01751
0.61 0.01743
0.59 0.01735
0.58 0.01726
0.56 0.01719
0.54 0.01711
0.53 0.01704
0.51 0.01696
0.50 0.01688
0.48 0.01679
0.47 0.01670
0.45 0.01663
0.44 0.01654
0.42 0.01646
0.40 0.01637
0.39 0.01629
0.37 0.01620
0.36 0.01611
0.34 0.01602
0.33 0.01594
0.31 0.01584
0.30 0.01576
0.28 0.01567
0.26 0.01558
0.25 0.01548
0.23 0.01538
0.22 0.01527
0.20 0.01518
0.19 0.01506
0.17 0.01496
0.16 0.01485
0.14 0.01473
0.12 0.01462
0.11 0.01451
0.09 0.01439
0.08 0.01427
0.06 0.01414
0.05 0.01401
0.03 0.01386
0.02 0.01372
0.00 0.01355
0.49 0.01280
0.49 0.01284
0.48 0.01268
0.47 0.01252
0.47 0.01250
0.46 0.01251
0.46 0.01247
0.45 0.01246
0.44 0.01240
0.44 0.01244
0.43 0.01241
0.43 0.01238
0.42 0.01231
0.42 0.01222
0.41 0.01220
0.40 0.01220
0.40 0.01217
0.39 0.01214
0.39 0.01209
0.38 0.01205
0.37 0.01199
0.37 0.01194
0.36 0.01190
0.36 0.01183
0.35 0.01176
0.35 0.01171
0.34 0.01165
0.33 0.01163
0.33 0.01158
0.32 0.01152
0.32 0.01146
0.31 0.01141
0.30 0.01136
0.30 0.01131
0.29 0.01125
0.29 0.01120
0.28 0.01116
0.28 0.01111
0.27 0.01107
0.26 0.01103
0.26 0.01098
0.25 0.01094
0.25 0.01090
0.24 0.01085
0.23 0.01079
0.23 0.01074
0.22 0.01070
0.22 0.01066
0.21 0.01061
0.20 0.01057
0.20 0.01052
0.19 0.01047
0.19 0.01043
0.18 0.01037
0.18 0.01032
0.17 0.01026
0.16 0.01020
0.16 0.01014
0.15 0.01009
0.15 0.01003
0.14 0.00998
0.13 0.00993
0.13 0.00988
0.12 0.00982
0.12 0.00977
0.11 0.00972
0.11 0.00966
0.10 0.00960
0.09 0.00954
0.09 0.00948
0.08 0.00941
0.08 0.00935
0.07 0.00929
0.06 0.00923
0.06 0.00916
0.05 0.00910
0.05 0.00903
0.04 0.00896
0.04 0.00889
0.03 0.00882
0.02 0.00874
0.02 0.00866
0.01 0.00857
0.01 0.00849
0.00 0.00840
0.20 0.00816
0.19 0.00782
0.19 0.00770
0.19 0.00763
0.19 0.00768
0.19 0.00768
0.18 0.00769
0.18 0.00768
0.18 0.00768
0.18 0.00766
0.17 0.00767
0.17 0.00764
0.17 0.00763
0.17 0.00760
0.17 0.00755
0.16 0.00755
0.16 0.00753
0.16 0.00751
0.16 0.00749
0.15 0.00747
0.15 0.00744
0.15 0.00740
0.15 0.00736
0.15 0.00733
0.14 0.00730
0.14 0.00728
0.14 0.00727
0.14 0.00725
0.13 0.00722
0.13 0.00720
0.13 0.00717
0.13 0.00714
0.13 0.00712
0.12 0.00708
0.12 0.00704
0.12 0.00702
0.12 0.00699
0.11 0.00697
0.11 0.00695
0.11 0.00692
0.11 0.00690
0.11 0.00687
0.10 0.00685
0.10 0.00682
0.10 0.00679
0.10 0.00676
0.09 0.00674
0.09 0.00670
0.09 0.00667
0.09 0.00664
0.09 0.00661
0.08 0.00658
0.08 0.00655
0.08 0.00652
0.08 0.00649
0.08 0.00647
0.07 0.00644
0.07 0.00641
0.07 0.00638
0.07 0.00636
0.06 0.00633
0.06 0.00630
0.06 0.00627
0.06 0.00623
0.06 0.00620
0.05 0.00618
0.05 0.00614
0.05 0.00611
0.05 0.00608
0.04 0.00605
0.04 0.00602
0.04 0.00599
0.04 0.00595
0.04 0.00591
0.03 0.00588
0.03 0.00584
0.03 0.00580
0.03 0.00577
0.02 0.00573
0.02 0.00569
0.02 0.00565
0.02 0.00561
0.02 0.00557
0.01 0.00553
0.01 0.00548
0.01 0.00544
0.01 0.00540
0.00 0.00535
0.00 0.00530
0.00 0.00524
0.08 0.00518
0.08 0.00519
0.08 0.00509
0.08 0.00516
0.08 0.00511
0.07 0.00506
0.07 0.00513
0.07 0.00507
0.07 0.00502
0.07 0.00497
0.07 0.00496
0.07 0.00496
0.07 0.00496
0.07 0.00496
0.07 0.00495
0.07 0.00495
0.07 0.00493
0.06 0.00491
0.06 0.00488
0.06 0.00485
0.06 0.00483
0.06 0.00480
0.06 0.00479
0.06 0.00477
0.06 0.00476
0.06 0.00475
0.06 0.00473
0.06 0.00471
0.06 0.00469
0.05 0.00468
0.05 0.00466
0.05 0.00464
0.05 0.00463
0.05 0.00461
0.05 0.00459
0.05 0.00457
0.05 0.00457
0.05 0.00454
0.05 0.00452
0.05 0.00450
0.05 0.00449
0.04 0.00448
0.04 0.00446
0.04 0.00445
0.04 0.00442
0.04 0.00441
0.04 0.00439
0.04 0.00437
0.04 0.00435
0.04 0.00432
0.04 0.00431
0.04 0.00429
0.04 0.00427
0.03 0.00425
0.03 0.00422
0.03 0.00420
0.03 0.00419
0.03 0.00417
0.03 0.00415
0.03 0.00414
0.03 0.00411
0.03 0.00410
0.03 0.00408
0.03 0.00406
0.03 0.00405
0.02 0.00403
0.02 0.00401
0.02 0.00400
0.02 0.00398
0.02 0.00396
0.02 0.00394
0.02 0.00392
0.02 0.00390
0.02 0.00388
0.02 0.00386
0.02 0.00383
0.02 0.00381
0.01 0.00379
0.01 0.00377
0.01 0.00374
0.01 0.00372
0.01 0.00370
0.01 0.00367
0.01 0.00365
0.01 0.00363
0.01 0.00360
0.01 0.00358
0.01 0.00355
0.01 0.00353
0.00 0.00350
0.00 0.00347
0.00 0.00344
0.00 0.00341
0.00 0.00338
0.00 0.00335
0.00 0.01735
0.00 0.01285
0.00 0.01064
0.00 0.00959
0.00 0.00848
0.00 0.00754
0.00 0.00690
0.00 0.00643
0.00 0.00610
0.00 0.00582
0.00 0.00554
0.00 0.00520
0.00 0.00495
0.00 0.00475
0.00 0.00455
0.00 0.00438
0.00 0.00425
0.00 0.00410
0.00 0.00399
0.00 0.00389
0.00 0.00378
0.00 0.00370
0.00 0.00358
0.00 0.00349
0.00 0.00345
0.00 0.00337
0.00 0.00330
0.00 0.00325
0.00 0.00319
0.00 0.00314
0.00 0.00308
0.00 0.00303
0.00 0.00298
0.00 0.00292
0.00 0.00285
0.00 0.00280
0.00 0.00276
0.00 0.00272
0.00 0.00267
0.00 0.00264
0.00 0.00260
0.00 0.00257
0.00 0.00254
0.00 0.00250
0.00 0.00245
0.00 0.00241
0.00 0.00238
0.00 0.00235
0.00 0.00231
0.00 0.00228
0.00 0.00225
0.00 0.00224
0.00 0.00221
0.00 0.00218
0.00 0.00216
0.00 0.00214
0.00 0.00213
0.00 0.00210
0.00 0.00209
0.00 0.00208
0.00 0.00205
0.00 0.00204
0.00 0.00202
0.00 0.00201
0.00 0.00198
0.00 0.00196
0.00 0.00195
0.00 0.00193
0.00 0.00192
0.00 0.00190
0.00 0.00188
0.00 0.00187
0.00 0.00185
0.00 0.00184
0.00 0.00182
0.00 0.00181
0.00 0.00181
0.00 0.00179
0.00 0.00177
0.00 0.00176
0.00 0.00175
0.00 0.00174
0.00 0.00172
0.00 0.00171
0.00 0.00169
0.00 0.00168
0.00 0.00167
0.00 0.00166
0.00 0.00165
0.00 0.00164
0.00 0.00163
0.00 0.00162
0.00 0.00161
0.00 0.00160
0.00 0.00160
0.00 0.00158
0.00 0.00158
0.00 0.00156
0.00 0.00156
0.00 0.00155
