150.00 0.93025
133.33 0.92335
116.67 0.92315
100.00 0.92156
83.33 0.92036
66.67 0.91190
50.00 0.89635
33.33 0.86543
16.67 0.81947
0.00 0.73769
120.00 0.92370
106.67 0.92175
93.33 0.91778
80.00 0.91143
66.67 0.90453
53.33 0.89280
40.00 0.86161
26.67 0.82722
13.33 0.78017
0.00 0.70229
96.00 0.89830
85.33 0.90165
74.67 0.90185
64.00 0.89264
53.33 0.88131
42.67 0.85436
32.00 0.81939
21.33 0.78039
10.67 0.73384
0.00 0.66057
76.80 0.87565
68.27 0.87297
59.73 0.87655
51.20 0.86610
42.67 0.84904
34.13 0.81361
25.60 0.77689
17.07 0.73635
8.53 0.68898
0.00 0.62016
