300.00 0.50020
293.88 0.47574
287.76 0.46283
281.63 0.45704
275.51 0.45338
269.39 0.44747
263.27 0.44466
257.14 0.44102
251.02 0.43742
244.90 0.43358
238.78 0.42990
232.65 0.42668
226.53 0.42343
220.41 0.42012
214.29 0.41705
208.16 0.41349
202.04 0.41030
195.92 0.40697
189.80 0.40383
183.67 0.40068
177.55 0.39712
171.43 0.39385
165.31 0.39068
159.18 0.38723
153.06 0.38394
146.94 0.38067
140.82 0.37718
134.69 0.37362
128.57 0.37016
122.45 0.36664
116.33 0.36306
110.20 0.35947
104.08 0.35575
97.96 0.35199
91.84 0.34837
85.71 0.34445
79.59 0.34041
73.47 0.33636
67.35 0.33223
61.22 0.32802
55.10 0.32380
48.98 0.31942
42.86 0.31498
36.73 0.31050
30.61 0.30591
24.49 0.30110
18.37 0.29623
12.24 0.29122
6.12 0.28603
0.00 0.28035
120.00 0.25540
117.78 0.25772
115.56 0.25547
113.33 0.25343
111.11 0.25175
108.89 0.25093
106.67 0.24839
104.44 0.24639
102.22 0.24537
100.00 0.24422
97.78 0.24266
95.56 0.24138
93.33 0.23936
91.11 0.23753
88.89 0.23562
86.67 0.23378
84.44 0.23227
82.22 0.23061
80.00 0.22876
77.78 0.22698
75.56 0.22506
73.33 0.22349
71.11 0.22190
68.89 0.21997
66.67 0.21808
64.44 0.21618
62.22 0.21417
60.00 0.21228
57.78 0.21030
55.56 0.20838
53.33 0.20627
51.11 0.20428
48.89 0.20246
46.67 0.20050
44.44 0.19851
42.22 0.19649
40.00 0.19447
37.78 0.19252
35.56 0.19050
33.33 0.18845
31.11 0.18635
28.89 0.18421
26.67 0.18210
24.44 0.17996
22.22 0.17775
20.00 0.17559
17.78 0.17338
15.56 0.17115
13.33 0.16890
11.11 0.16662
8.89 0.16427
6.67 0.16185
4.44 0.15941
2.22 0.15689
0.00 0.15408
48.00 0.13121
47.19 0.13114
46.37 0.12983
45.56 0.12895
44.75 0.12849
43.93 0.12777
43.12 0.12744
42.31 0.12738
41.49 0.12692
40.68 0.12635
39.86 0.12564
39.05 0.12488
38.24 0.12423
37.42 0.12354
36.61 0.12286
35.80 0.12198
34.98 0.12091
34.17 0.11997
33.36 0.11889
32.54 0.11789
31.73 0.11694
30.92 0.11607
30.10 0.11519
29.29 0.11412
28.47 0.11326
27.66 0.11227
26.85 0.11133
26.03 0.11048
25.22 0.10964
24.41 0.10877
23.59 0.10798
22.78 0.10724
21.97 0.10641
21.15 0.10575
20.34 0.10498
19.53 0.10427
18.71 0.10356
17.90 0.10267
17.08 0.10180
16.27 0.10094
15.46 0.10003
14.64 0.09918
13.83 0.09836
13.02 0.09753
12.20 0.09674
11.39 0.09593
10.58 0.09513
9.76 0.09425
8.95 0.09334
8.14 0.09244
7.32 0.09153
6.51 0.09062
5.69 0.08966
4.88 0.08866
4.07 0.08765
3.25 0.08661
2.44 0.08552
1.63 0.08438
0.81 0.08317
0.00 0.08181
19.20 0.07764
18.90 0.07716
18.60 0.07560
18.30 0.07502
18.00 0.07402
17.70 0.07343
17.40 0.07267
17.10 0.07213
16.80 0.07183
16.50 0.07114
16.20 0.07062
15.90 0.07043
15.60 0.06995
15.30 0.06943
15.00 0.06908
14.70 0.06853
14.40 0.06805
14.10 0.06769
13.80 0.06733
13.50 0.06692
13.20 0.06651
12.90 0.06614
12.60 0.06584
12.30 0.06545
12.00 0.06494
11.70 0.06450
11.40 0.06405
11.10 0.06359
10.80 0.06322
10.50 0.06278
10.20 0.06238
9.90 0.06197
9.60 0.06156
9.30 0.06120
9.00 0.06078
8.70 0.06040
8.40 0.06004
8.10 0.05967
7.80 0.05931
7.50 0.05897
7.20 0.05861
6.90 0.05827
6.60 0.05789
6.30 0.05754
6.00 0.05716
5.70 0.05681
5.40 0.05641
5.10 0.05602
4.80 0.05560
4.50 0.05517
4.20 0.05471
3.90 0.05426
3.60 0.05380
3.30 0.05336
3.00 0.05290
2.70 0.05246
2.40 0.05199
2.10 0.05150
1.80 0.05101
1.50 0.05049
1.20 0.04995
0.90 0.04940
0.60 0.04881
0.30 0.04819
0.00 0.04746
7.68 0.04523
7.57 0.04587
7.46 0.04572
7.35 0.04540
7.23 0.04513
7.12 0.04512
7.01 0.04489
6.90 0.04461
6.79 0.04431
6.68 0.04427
6.57 0.04425
6.46 0.04414
6.34 0.04392
6.23 0.04388
6.12 0.04376
6.01 0.04356
5.90 0.04330
5.79 0.04299
5.68 0.04271
5.57 0.04247
5.45 0.04223
5.34 0.04199
5.23 0.04176
5.12 0.04153
5.01 0.04132
4.90 0.04114
4.79 0.04093
4.67 0.04078
4.56 0.04064
4.45 0.04050
4.34 0.04032
4.23 0.04012
4.12 0.03997
4.01 0.03979
3.90 0.03961
3.78 0.03944
3.67 0.03922
3.56 0.03904
3.45 0.03887
3.34 0.03869
3.23 0.03848
3.12 0.03827
3.01 0.03807
2.89 0.03786
2.78 0.03765
2.67 0.03743
2.56 0.03718
2.45 0.03695
2.34 0.03672
2.23 0.03649
2.11 0.03626
2.00 0.03603
1.89 0.03580
1.78 0.03555
1.67 0.03530
1.56 0.03504
1.45 0.03479
1.34 0.03453
1.22 0.03428
1.11 0.03402
1.00 0.03374
0.89 0.03345
0.78 0.03316
0.67 0.03286
0.56 0.03255
0.45 0.03224
0.33 0.03191
0.22 0.03155
0.11 0.03117
0.00 0.03074
3.07 0.03010
3.03 0.02967
2.99 0.02984
2.95 0.02961
2.91 0.02938
2.86 0.02914
2.82 0.02910
2.78 0.02903
2.74 0.02908
2.70 0.02884
2.66 0.02875
2.62 0.02861
2.57 0.02840
2.53 0.02824
2.49 0.02808
2.45 0.02791
2.41 0.02770
2.37 0.02756
2.32 0.02739
2.28 0.02723
2.24 0.02710
2.20 0.02697
2.16 0.02682
2.12 0.02670
2.08 0.02655
2.03 0.02643
1.99 0.02634
1.95 0.02625
1.91 0.02617
1.87 0.02604
1.83 0.02593
1.79 0.02579
1.74 0.02570
1.70 0.02556
1.66 0.02546
1.62 0.02534
1.58 0.02524
1.54 0.02510
1.49 0.02497
1.45 0.02485
1.41 0.02469
1.37 0.02454
1.33 0.02442
1.29 0.02429
1.25 0.02416
1.20 0.02400
1.16 0.02388
1.12 0.02375
1.08 0.02361
1.04 0.02348
1.00 0.02334
0.95 0.02319
0.91 0.02306
0.87 0.02291
0.83 0.02276
0.79 0.02263
0.75 0.02250
0.71 0.02236
0.66 0.02222
0.62 0.02208
0.58 0.02193
0.54 0.02177
0.50 0.02160
0.46 0.02144
0.42 0.02127
0.37 0.02109
0.33 0.02092
0.29 0.02074
0.25 0.02056
0.21 0.02038
0.17 0.02019
0.12 0.01999
0.08 0.01978
0.04 0.01955
0.00 0.01930
1.23 0.01757
1.21 0.01796
1.20 0.01849
1.18 0.01872
1.17 0.01856
1.15 0.01871
1.14 0.01856
1.12 0.01849
1.10 0.01838
1.09 0.01828
1.07 0.01823
1.06 0.01806
1.04 0.01802
1.03 0.01798
1.01 0.01785
1.00 0.01779
0.98 0.01771
0.96 0.01763
0.95 0.01751
0.93 0.01743
0.92 0.01736
0.90 0.01731
0.89 0.01721
0.87 0.01712
0.86 0.01704
0.84 0.01694
0.82 0.01684
0.81 0.01676
0.79 0.01672
0.78 0.01663
0.76 0.01658
0.75 0.01652
0.73 0.01643
0.72 0.01637
0.70 0.01631
0.68 0.01624
0.67 0.01616
0.65 0.01609
0.64 0.01603
0.62 0.01597
0.61 0.01592
0.59 0.01587
0.58 0.01578
0.56 0.01571
0.54 0.01564
0.53 0.01555
0.51 0.01548
0.50 0.01540
0.48 0.01533
0.47 0.01526
0.45 0.01518
0.44 0.01510
0.42 0.01502
0.40 0.01494
0.39 0.01485
0.37 0.01476
0.36 0.01468
0.34 0.01459
0.33 0.01450
0.31 0.01442
0.30 0.01432
0.28 0.01423
0.26 0.01415
0.25 0.01406
0.23 0.01396
0.22 0.01386
0.20 0.01377
0.19 0.01367
0.17 0.01358
0.16 0.01347
0.14 0.01336
0.12 0.01326
0.11 0.01316
0.09 0.01305
0.08 0.01293
0.06 0.01282
0.05 0.01269
0.03 0.01257
0.02 0.01244
0.00 0.01229
0.49 0.01130
0.49 0.01131
0.48 0.01134
0.47 0.01128
0.47 0.01140
0.46 0.01154
0.46 0.01150
0.45 0.01144
0.44 0.01141
0.44 0.01139
0.43 0.01135
0.43 0.01128
0.42 0.01125
0.42 0.01123
0.41 0.01125
0.40 0.01120
0.40 0.01116
0.39 0.01112
0.39 0.01109
0.38 0.01105
0.37 0.01102
0.37 0.01101
0.36 0.01097
0.36 0.01092
0.35 0.01088
0.35 0.01081
0.34 0.01075
0.33 0.01070
0.33 0.01065
0.32 0.01060
0.32 0.01055
0.31 0.01051
0.30 0.01047
0.30 0.01043
0.29 0.01038
0.29 0.01033
0.28 0.01029
0.28 0.01025
0.27 0.01019
0.26 0.01016
0.26 0.01012
0.25 0.01008
0.25 0.01004
0.24 0.01000
0.23 0.00996
0.23 0.00992
0.22 0.00988
0.22 0.00984
0.21 0.00980
0.20 0.00975
0.20 0.00971
0.19 0.00966
0.19 0.00962
0.18 0.00957
0.18 0.00952
0.17 0.00948
0.16 0.00942
0.16 0.00937
0.15 0.00932
0.15 0.00927
0.14 0.00922
0.13 0.00918
0.13 0.00913
0.12 0.00907
0.12 0.00903
0.11 0.00897
0.11 0.00891
0.10 0.00887
0.09 0.00881
0.09 0.00876
0.08 0.00870
0.08 0.00864
0.07 0.00858
0.06 0.00852
0.06 0.00846
0.05 0.00839
0.05 0.00833
0.04 0.00827
0.04 0.00821
0.03 0.00814
0.02 0.00807
0.02 0.00800
0.01 0.00792
0.01 0.00784
0.00 0.00775
0.20 0.00698
0.19 0.00688
0.19 0.00708
0.19 0.00723
0.19 0.00725
0.19 0.00722
0.18 0.00723
0.18 0.00720
0.18 0.00722
0.18 0.00718
0.17 0.00716
0.17 0.00711
0.17 0.00710
0.17 0.00708
0.17 0.00705
0.16 0.00706
0.16 0.00704
0.16 0.00702
0.16 0.00698
0.15 0.00696
0.15 0.00694
0.15 0.00691
0.15 0.00689
0.15 0.00686
0.14 0.00684
0.14 0.00681
0.14 0.00678
0.14 0.00677
0.13 0.00674
0.13 0.00673
0.13 0.00671
0.13 0.00669
0.13 0.00668
0.12 0.00666
0.12 0.00663
0.12 0.00660
0.12 0.00657
0.11 0.00654
0.11 0.00652
0.11 0.00649
0.11 0.00647
0.11 0.00643
0.10 0.00641
0.10 0.00639
0.10 0.00637
0.10 0.00634
0.09 0.00632
0.09 0.00630
0.09 0.00627
0.09 0.00624
0.09 0.00622
0.08 0.00619
0.08 0.00616
0.08 0.00614
0.08 0.00612
0.08 0.00609
0.07 0.00606
0.07 0.00604
0.07 0.00601
0.07 0.00598
0.06 0.00595
0.06 0.00592
0.06 0.00589
0.06 0.00587
0.06 0.00584
0.05 0.00581
0.05 0.00578
0.05 0.00575
0.05 0.00572
0.04 0.00568
0.04 0.00565
0.04 0.00562
0.04 0.00558
0.04 0.00555
0.03 0.00552
0.03 0.00548
0.03 0.00544
0.03 0.00540
0.02 0.00537
0.02 0.00533
0.02 0.00530
0.02 0.00526
0.02 0.00522
0.01 0.00519
0.01 0.00515
0.01 0.00511
0.01 0.00507
0.00 0.00502
0.00 0.00498
0.00 0.00492
0.08 0.00485
0.08 0.00469
0.08 0.00473
0.08 0.00469
0.08 0.00461
0.07 0.00460
0.07 0.00460
0.07 0.00461
0.07 0.00460
0.07 0.00460
0.07 0.00457
0.07 0.00455
0.07 0.00454
0.07 0.00452
0.07 0.00450
0.07 0.00447
0.07 0.00446
0.06 0.00446
0.06 0.00444
0.06 0.00445
0.06 0.00444
0.06 0.00443
0.06 0.00441
0.06 0.00439
0.06 0.00438
0.06 0.00437
0.06 0.00436
0.06 0.00436
0.06 0.00435
0.05 0.00433
0.05 0.00432
0.05 0.00429
0.05 0.00429
0.05 0.00428
0.05 0.00427
0.05 0.00425
0.05 0.00423
0.05 0.00421
0.05 0.00419
0.05 0.00418
0.05 0.00417
0.04 0.00415
0.04 0.00413
0.04 0.00412
0.04 0.00410
0.04 0.00409
0.04 0.00408
0.04 0.00406
0.04 0.00404
0.04 0.00403
0.04 0.00401
0.04 0.00399
0.04 0.00397
0.03 0.00395
0.03 0.00394
0.03 0.00392
0.03 0.00390
0.03 0.00388
0.03 0.00387
0.03 0.00385
0.03 0.00383
0.03 0.00382
0.03 0.00380
0.03 0.00379
0.03 0.00376
0.02 0.00374
0.02 0.00372
0.02 0.00371
0.02 0.00369
0.02 0.00368
0.02 0.00366
0.02 0.00364
0.02 0.00362
0.02 0.00360
0.02 0.00358
0.02 0.00356
0.02 0.00354
0.01 0.00352
0.01 0.00350
0.01 0.00348
0.01 0.00346
0.01 0.00344
0.01 0.00342
0.01 0.00340
0.01 0.00337
0.01 0.00335
0.01 0.00333
0.01 0.00331
0.01 0.00328
0.00 0.00326
0.00 0.00324
0.00 0.00321
0.00 0.00318
0.00 0.00315
0.00 0.00312
0.00 0.01453
0.00 0.00939
0.00 0.00737
0.00 0.00636
0.00 0.00576
0.00 0.00532
0.00 0.00474
0.00 0.00437
0.00 0.00413
0.00 0.00392
0.00 0.00368
0.00 0.00346
0.00 0.00326
0.00 0.00313
0.00 0.00299
0.00 0.00291
0.00 0.00277
0.00 0.00269
0.00 0.00261
0.00 0.00254
0.00 0.00247
0.00 0.00239
0.00 0.00231
0.00 0.00225
0.00 0.00220
0.00 0.00213
0.00 0.00209
0.00 0.00204
0.00 0.00202
0.00 0.00198
0.00 0.00194
0.00 0.00189
0.00 0.00184
0.00 0.00180
0.00 0.00177
0.00 0.00174
0.00 0.00170
0.00 0.00167
0.00 0.00165
0.00 0.00162
0.00 0.00160
0.00 0.00157
0.00 0.00154
0.00 0.00151
0.00 0.00150
0.00 0.00148
0.00 0.00146
0.00 0.00144
0.00 0.00142
0.00 0.00140
0.00 0.00138
0.00 0.00138
0.00 0.00137
0.00 0.00136
0.00 0.00135
0.00 0.00134
0.00 0.00132
0.00 0.00130
0.00 0.00128
0.00 0.00127
0.00 0.00126
0.00 0.00125
0.00 0.00124
0.00 0.00123
0.00 0.00123
0.00 0.00122
0.00 0.00121
0.00 0.00120
0.00 0.00119
0.00 0.00119
0.00 0.00117
0.00 0.00117
0.00 0.00116
0.00 0.00115
0.00 0.00114
0.00 0.00113
0.00 0.00113
0.00 0.00111
0.00 0.00111
0.00 0.00110
0.00 0.00109
0.00 0.00108
0.00 0.00107
0.00 0.00106
0.00 0.00105
0.00 0.00104
0.00 0.00103
0.00 0.00102
0.00 0.00101
0.00 0.00100
0.00 0.00099
0.00 0.00098
0.00 0.00098
0.00 0.00097
0.00 0.00096
0.00 0.00095
0.00 0.00094
0.00 0.00094
0.00 0.00093
0.00 0.00092
