150.00 0.91310
133.33 0.90522
116.67 0.89990
100.00 0.88549
83.33 0.85732
66.67 0.82482
50.00 0.79107
33.33 0.75344
16.67 0.70872
0.00 0.63795
120.00 0.87320
106.67 0.86715
93.33 0.84697
80.00 0.82839
66.67 0.79416
53.33 0.75986
40.00 0.72527
26.67 0.68889
13.33 0.64543
0.00 0.58105
96.00 0.78555
85.33 0.77663
74.67 0.75340
64.00 0.72509
53.33 0.70042
42.67 0.67490
32.00 0.64861
21.33 0.61559
10.67 0.57400
0.00 0.51674
76.80 0.69865
68.27 0.70225
59.73 0.67932
51.20 0.65086
42.67 0.62712
34.13 0.60650
25.60 0.58273
17.07 0.55420
8.53 0.51618
0.00 0.46466
