150.00 0.93975
133.33 0.94217
116.67 0.94437
100.00 0.94493
83.33 0.94583
66.67 0.94442
50.00 0.94486
33.33 0.94468
16.67 0.94303
0.00 0.84968
120.00 0.94405
106.67 0.94480
93.33 0.94467
80.00 0.94552
66.67 0.94491
53.33 0.94254
40.00 0.94224
26.67 0.94201
13.33 0.94072
0.00 0.84749
96.00 0.94155
85.33 0.94227
74.67 0.94312
64.00 0.94368
53.33 0.94439
42.67 0.94485
32.00 0.94518
21.33 0.94473
10.67 0.94168
0.00 0.84889
76.80 0.94770
68.27 0.94563
59.73 0.94488
51.20 0.94639
42.67 0.94535
34.13 0.94493
25.60 0.94456
17.07 0.94357
8.53 0.93834
0.00 0.84525
