300.00 0.50526
293.88 0.47578
287.76 0.46414
281.63 0.45776
275.51 0.45133
269.39 0.44829
263.27 0.44342
257.14 0.43963
251.02 0.43627
244.90 0.43288
238.78 0.42963
232.65 0.42676
226.53 0.42369
220.41 0.42063
214.29 0.41733
208.16 0.41419
202.04 0.41095
195.92 0.40748
189.80 0.40446
183.67 0.40121
177.55 0.39806
171.43 0.39490
165.31 0.39151
159.18 0.38814
153.06 0.38465
146.94 0.38109
140.82 0.37772
134.69 0.37395
128.57 0.37037
122.45 0.36692
116.33 0.36344
110.20 0.35965
104.08 0.35584
97.96 0.35204
91.84 0.34814
85.71 0.34426
79.59 0.34035
73.47 0.33639
67.35 0.33235
61.22 0.32818
55.10 0.32389
48.98 0.31947
42.86 0.31508
36.73 0.31071
30.61 0.30606
24.49 0.30138
18.37 0.29661
12.24 0.29179
6.12 0.28672
0.00 0.28102
120.00 0.26291
117.78 0.25874
115.56 0.25716
113.33 0.25544
111.11 0.25412
108.89 0.25290
106.67 0.25122
104.44 0.25005
102.22 0.24835
100.00 0.24634
97.78 0.24475
95.56 0.24297
93.33 0.24096
91.11 0.23909
88.89 0.23714
86.67 0.23526
84.44 0.23371
82.22 0.23199
80.00 0.23039
77.78 0.22863
75.56 0.22691
73.33 0.22494
71.11 0.22309
68.89 0.22122
66.67 0.21953
64.44 0.21788
62.22 0.21604
60.00 0.21418
57.78 0.21227
55.56 0.21050
53.33 0.20861
51.11 0.20697
48.89 0.20504
46.67 0.20311
44.44 0.20115
42.22 0.19909
40.00 0.19706
37.78 0.19495
35.56 0.19284
33.33 0.19086
31.11 0.18896
28.89 0.18689
26.67 0.18479
24.44 0.18265
22.22 0.18060
20.00 0.17851
17.78 0.17638
15.56 0.17407
13.33 0.17170
11.11 0.16934
8.89 0.16694
6.67 0.16448
4.44 0.16199
2.22 0.15942
0.00 0.15655
48.00 0.14116
47.19 0.14058
46.37 0.13941
45.56 0.13707
44.75 0.13488
43.93 0.13456
43.12 0.13419
42.31 0.13398
41.49 0.13348
40.68 0.13232
39.86 0.13094
39.05 0.13010
38.24 0.12948
37.42 0.12873
36.61 0.12819
35.80 0.12748
34.98 0.12716
34.17 0.12631
33.36 0.12559
32.54 0.12483
31.73 0.12403
30.92 0.12304
30.10 0.12238
29.29 0.12187
28.47 0.12158
27.66 0.12112
26.85 0.12043
26.03 0.11984
25.22 0.11917
24.41 0.11851
23.59 0.11792
22.78 0.11722
21.97 0.11638
21.15 0.11542
20.34 0.11442
19.53 0.11372
18.71 0.11296
17.90 0.11228
17.08 0.11161
16.27 0.11074
15.46 0.10971
14.64 0.10870
13.83 0.10779
13.02 0.10682
12.20 0.10579
11.39 0.10476
10.58 0.10372
9.76 0.10271
8.95 0.10175
8.14 0.10075
7.32 0.09975
6.51 0.09869
5.69 0.09767
4.88 0.09665
4.07 0.09558
3.25 0.09444
2.44 0.09329
1.63 0.09204
0.81 0.09075
0.00 0.08926
19.20 0.08285
18.90 0.07866
18.60 0.07719
18.30 0.07529
18.00 0.07448
17.70 0.07350
17.40 0.07277
17.10 0.07282
16.80 0.07291
16.50 0.07255
16.20 0.07204
15.90 0.07156
15.60 0.07109
15.30 0.07031
15.00 0.07001
14.70 0.06970
14.40 0.06931
14.10 0.06884
13.80 0.06854
13.50 0.06832
13.20 0.06819
12.90 0.06824
12.60 0.06796
12.30 0.06749
12.00 0.06701
11.70 0.06647
11.40 0.06589
11.10 0.06532
10.80 0.06485
10.50 0.06435
10.20 0.06388
9.90 0.06342
9.60 0.06294
9.30 0.06244
9.00 0.06192
8.70 0.06144
8.40 0.06094
8.10 0.06046
7.80 0.05997
7.50 0.05949
7.20 0.05900
6.90 0.05850
6.60 0.05800
6.30 0.05755
6.00 0.05707
5.70 0.05661
5.40 0.05610
5.10 0.05562
4.80 0.05514
4.50 0.05465
4.20 0.05415
3.90 0.05364
3.60 0.05315
3.30 0.05265
3.00 0.05214
2.70 0.05163
2.40 0.05110
2.10 0.05058
1.80 0.05005
1.50 0.04950
1.20 0.04895
0.90 0.04837
0.60 0.04777
0.30 0.04715
0.00 0.04643
7.68 0.03999
7.57 0.04005
7.46 0.04041
7.35 0.04025
7.23 0.03998
7.12 0.03984
7.01 0.03982
6.90 0.03974
6.79 0.03969
6.68 0.03949
6.57 0.03938
6.46 0.03926
6.34 0.03902
6.23 0.03884
6.12 0.03863
6.01 0.03850
5.90 0.03839
5.79 0.03824
5.68 0.03808
5.57 0.03790
5.45 0.03769
5.34 0.03750
5.23 0.03729
5.12 0.03714
5.01 0.03699
4.90 0.03681
4.79 0.03662
4.67 0.03647
4.56 0.03628
4.45 0.03607
4.34 0.03584
4.23 0.03566
4.12 0.03546
4.01 0.03529
3.90 0.03511
3.78 0.03490
3.67 0.03469
3.56 0.03449
3.45 0.03432
3.34 0.03412
3.23 0.03391
3.12 0.03369
3.01 0.03348
2.89 0.03330
2.78 0.03308
2.67 0.03287
2.56 0.03266
2.45 0.03244
2.34 0.03225
2.23 0.03204
2.11 0.03180
2.00 0.03158
1.89 0.03138
1.78 0.03116
1.67 0.03092
1.56 0.03070
1.45 0.03045
1.34 0.03021
1.22 0.02995
1.11 0.02971
1.00 0.02945
0.89 0.02919
0.78 0.02893
0.67 0.02865
0.56 0.02836
0.45 0.02807
0.33 0.02778
0.22 0.02746
0.11 0.02713
0.00 0.02675
3.07 0.02519
3.03 0.02465
2.99 0.02477
2.95 0.02465
2.91 0.02465
2.86 0.02451
2.82 0.02442
2.78 0.02438
2.74 0.02431
2.70 0.02419
2.66 0.02400
2.62 0.02397
2.57 0.02388
2.53 0.02376
2.49 0.02359
2.45 0.02349
2.41 0.02338
2.37 0.02330
2.32 0.02318
2.28 0.02310
2.24 0.02301
2.20 0.02294
2.16 0.02284
2.12 0.02277
2.08 0.02267
2.03 0.02258
1.99 0.02250
1.95 0.02240
1.91 0.02233
1.87 0.02223
1.83 0.02213
1.79 0.02203
1.74 0.02192
1.70 0.02181
1.66 0.02169
1.62 0.02158
1.58 0.02149
1.54 0.02137
1.49 0.02127
1.45 0.02116
1.41 0.02105
1.37 0.02095
1.33 0.02082
1.29 0.02072
1.25 0.02061
1.20 0.02048
1.16 0.02037
1.12 0.02026
1.08 0.02016
1.04 0.02006
1.00 0.01995
0.95 0.01983
0.91 0.01971
0.87 0.01959
0.83 0.01947
0.79 0.01935
0.75 0.01922
0.71 0.01909
0.66 0.01895
0.62 0.01883
0.58 0.01869
0.54 0.01856
0.50 0.01843
0.46 0.01829
0.42 0.01814
0.37 0.01799
0.33 0.01784
0.29 0.01769
0.25 0.01753
0.21 0.01737
0.17 0.01720
0.12 0.01703
0.08 0.01685
0.04 0.01666
0.00 0.01645
1.23 0.01532
1.21 0.01542
1.20 0.01523
1.18 0.01530
1.17 0.01516
1.15 0.01511
1.14 0.01503
1.12 0.01503
1.10 0.01495
1.09 0.01498
1.07 0.01498
1.06 0.01493
1.04 0.01492
1.03 0.01486
1.01 0.01482
1.00 0.01476
0.98 0.01471
0.96 0.01469
0.95 0.01461
0.93 0.01454
0.92 0.01447
0.90 0.01441
0.89 0.01438
0.87 0.01434
0.86 0.01428
0.84 0.01420
0.82 0.01416
0.81 0.01413
0.79 0.01410
0.78 0.01404
0.76 0.01397
0.75 0.01390
0.73 0.01385
0.72 0.01379
0.70 0.01371
0.68 0.01365
0.67 0.01360
0.65 0.01353
0.64 0.01348
0.62 0.01340
0.61 0.01333
0.59 0.01326
0.58 0.01319
0.56 0.01312
0.54 0.01306
0.53 0.01299
0.51 0.01292
0.50 0.01285
0.48 0.01279
0.47 0.01272
0.45 0.01265
0.44 0.01258
0.42 0.01252
0.40 0.01245
0.39 0.01237
0.37 0.01231
0.36 0.01223
0.34 0.01217
0.33 0.01210
0.31 0.01203
0.30 0.01195
0.28 0.01189
0.26 0.01182
0.25 0.01174
0.23 0.01166
0.22 0.01159
0.20 0.01151
0.19 0.01142
0.17 0.01134
0.16 0.01125
0.14 0.01117
0.12 0.01108
0.11 0.01099
0.09 0.01090
0.08 0.01081
0.06 0.01071
0.05 0.01062
0.03 0.01051
0.02 0.01040
0.00 0.01027
0.49 0.00898
0.49 0.00938
0.48 0.00935
0.47 0.00958
0.47 0.00963
0.46 0.00965
0.46 0.00958
0.45 0.00960
0.44 0.00955
0.44 0.00954
0.43 0.00947
0.43 0.00942
0.42 0.00939
0.42 0.00940
0.41 0.00936
0.40 0.00936
0.40 0.00933
0.39 0.00931
0.39 0.00929
0.38 0.00921
0.37 0.00919
0.37 0.00917
0.36 0.00913
0.36 0.00908
0.35 0.00906
0.35 0.00903
0.34 0.00902
0.33 0.00899
0.33 0.00897
0.32 0.00893
0.32 0.00890
0.31 0.00887
0.30 0.00885
0.30 0.00881
0.29 0.00879
0.29 0.00874
0.28 0.00872
0.28 0.00869
0.27 0.00864
0.26 0.00861
0.26 0.00857
0.25 0.00854
0.25 0.00850
0.24 0.00847
0.23 0.00842
0.23 0.00839
0.22 0.00834
0.22 0.00830
0.21 0.00826
0.20 0.00822
0.20 0.00819
0.19 0.00814
0.19 0.00810
0.18 0.00806
0.18 0.00802
0.17 0.00798
0.16 0.00794
0.16 0.00790
0.15 0.00786
0.15 0.00782
0.14 0.00778
0.13 0.00774
0.13 0.00769
0.12 0.00765
0.12 0.00760
0.11 0.00756
0.11 0.00751
0.10 0.00746
0.09 0.00741
0.09 0.00736
0.08 0.00731
0.08 0.00727
0.07 0.00722
0.06 0.00717
0.06 0.00712
0.05 0.00708
0.05 0.00703
0.04 0.00697
0.04 0.00692
0.03 0.00686
0.02 0.00680
0.02 0.00675
0.01 0.00668
0.01 0.00662
0.00 0.00654
0.20 0.00636
0.19 0.00647
0.19 0.00637
0.19 0.00649
0.19 0.00636
0.19 0.00634
0.18 0.00629
0.18 0.00628
0.18 0.00627
0.18 0.00626
0.17 0.00624
0.17 0.00622
0.17 0.00616
0.17 0.00612
0.17 0.00608
0.16 0.00608
0.16 0.00607
0.16 0.00602
0.16 0.00600
0.15 0.00598
0.15 0.00595
0.15 0.00592
0.15 0.00590
0.15 0.00588
0.14 0.00586
0.14 0.00583
0.14 0.00580
0.14 0.00578
0.13 0.00575
0.13 0.00572
0.13 0.00570
0.13 0.00570
0.13 0.00568
0.12 0.00566
0.12 0.00563
0.12 0.00561
0.12 0.00558
0.11 0.00555
0.11 0.00552
0.11 0.00549
0.11 0.00546
0.11 0.00544
0.10 0.00542
0.10 0.00539
0.10 0.00537
0.10 0.00535
0.09 0.00533
0.09 0.00529
0.09 0.00527
0.09 0.00525
0.09 0.00522
0.08 0.00520
0.08 0.00517
0.08 0.00515
0.08 0.00513
0.08 0.00511
0.07 0.00509
0.07 0.00507
0.07 0.00504
0.07 0.00502
0.06 0.00500
0.06 0.00497
0.06 0.00494
0.06 0.00492
0.06 0.00489
0.05 0.00487
0.05 0.00484
0.05 0.00482
0.05 0.00479
0.04 0.00476
0.04 0.00474
0.04 0.00471
0.04 0.00469
0.04 0.00466
0.03 0.00463
0.03 0.00461
0.03 0.00458
0.03 0.00455
0.02 0.00452
0.02 0.00449
0.02 0.00446
0.02 0.00443
0.02 0.00440
0.01 0.00436
0.01 0.00433
0.01 0.00430
0.01 0.00426
0.00 0.00422
0.00 0.00418
0.00 0.00414
0.08 0.00381
0.08 0.00402
0.08 0.00401
0.08 0.00404
0.08 0.00399
0.07 0.00399
0.07 0.00393
0.07 0.00389
0.07 0.00386
0.07 0.00384
0.07 0.00380
0.07 0.00381
0.07 0.00381
0.07 0.00379
0.07 0.00377
0.07 0.00376
0.07 0.00377
0.06 0.00374
0.06 0.00373
0.06 0.00370
0.06 0.00370
0.06 0.00369
0.06 0.00369
0.06 0.00368
0.06 0.00367
0.06 0.00366
0.06 0.00366
0.06 0.00364
0.06 0.00362
0.05 0.00361
0.05 0.00360
0.05 0.00359
0.05 0.00358
0.05 0.00358
0.05 0.00357
0.05 0.00356
0.05 0.00355
0.05 0.00354
0.05 0.00352
0.05 0.00351
0.05 0.00349
0.04 0.00347
0.04 0.00346
0.04 0.00345
0.04 0.00343
0.04 0.00343
0.04 0.00341
0.04 0.00340
0.04 0.00338
0.04 0.00337
0.04 0.00335
0.04 0.00334
0.04 0.00332
0.03 0.00331
0.03 0.00330
0.03 0.00329
0.03 0.00328
0.03 0.00326
0.03 0.00324
0.03 0.00323
0.03 0.00321
0.03 0.00319
0.03 0.00318
0.03 0.00317
0.03 0.00316
0.02 0.00314
0.02 0.00313
0.02 0.00311
0.02 0.00310
0.02 0.00308
0.02 0.00306
0.02 0.00305
0.02 0.00303
0.02 0.00302
0.02 0.00300
0.02 0.00299
0.02 0.00297
0.01 0.00295
0.01 0.00294
0.01 0.00292
0.01 0.00290
0.01 0.00288
0.01 0.00286
0.01 0.00285
0.01 0.00283
0.01 0.00281
0.01 0.00279
0.01 0.00277
0.01 0.00275
0.00 0.00273
0.00 0.00271
0.00 0.00269
0.00 0.00266
0.00 0.00264
0.00 0.00261
0.00 0.01199
0.00 0.00895
0.00 0.00780
0.00 0.00678
0.00 0.00604
0.00 0.00558
0.00 0.00523
0.00 0.00492
0.00 0.00466
0.00 0.00441
0.00 0.00421
0.00 0.00405
0.00 0.00391
0.00 0.00377
0.00 0.00363
0.00 0.00357
0.00 0.00350
0.00 0.00338
0.00 0.00325
0.00 0.00311
0.00 0.00301
0.00 0.00292
0.00 0.00285
0.00 0.00281
0.00 0.00273
0.00 0.00265
0.00 0.00260
0.00 0.00254
0.00 0.00250
0.00 0.00246
0.00 0.00242
0.00 0.00237
0.00 0.00231
0.00 0.00227
0.00 0.00222
0.00 0.00220
0.00 0.00217
0.00 0.00215
0.00 0.00211
0.00 0.00209
0.00 0.00205
0.00 0.00203
0.00 0.00199
0.00 0.00197
0.00 0.00196
0.00 0.00194
0.00 0.00191
0.00 0.00189
0.00 0.00186
0.00 0.00184
0.00 0.00181
0.00 0.00178
0.00 0.00176
0.00 0.00176
0.00 0.00175
0.00 0.00174
0.00 0.00172
0.00 0.00170
0.00 0.00168
0.00 0.00167
0.00 0.00165
0.00 0.00164
0.00 0.00163
0.00 0.00162
0.00 0.00161
0.00 0.00159
0.00 0.00158
0.00 0.00157
0.00 0.00156
0.00 0.00154
0.00 0.00153
0.00 0.00151
0.00 0.00150
0.00 0.00149
0.00 0.00148
0.00 0.00147
0.00 0.00146
0.00 0.00145
0.00 0.00144
0.00 0.00144
0.00 0.00144
0.00 0.00143
0.00 0.00142
0.00 0.00141
0.00 0.00140
0.00 0.00139
0.00 0.00138
0.00 0.00137
0.00 0.00136
0.00 0.00135
0.00 0.00135
0.00 0.00134
0.00 0.00133
0.00 0.00132
0.00 0.00131
0.00 0.00130
0.00 0.00129
0.00 0.00128
0.00 0.00128
0.00 0.00127
