300.00 0.55838
293.88 0.53565
287.76 0.52868
281.63 0.53262
275.51 0.52308
269.39 0.51646
263.27 0.51477
257.14 0.50819
251.02 0.50311
244.90 0.49936
238.78 0.49456
232.65 0.48941
226.53 0.48364
220.41 0.47931
214.29 0.47418
208.16 0.46971
202.04 0.46599
195.92 0.46124
189.80 0.45656
183.67 0.45209
177.55 0.44766
171.43 0.44322
165.31 0.43881
159.18 0.43445
153.06 0.43008
146.94 0.42568
140.82 0.42133
134.69 0.41698
128.57 0.41240
122.45 0.40800
116.33 0.40362
110.20 0.39927
104.08 0.39493
97.96 0.39045
91.84 0.38588
85.71 0.38136
79.59 0.37675
73.47 0.37212
67.35 0.36743
61.22 0.36267
55.10 0.35785
48.98 0.35289
42.86 0.34798
36.73 0.34303
30.61 0.33789
24.49 0.33289
18.37 0.32758
12.24 0.32207
6.12 0.31626
0.00 0.30996
120.00 0.27674
117.78 0.27399
115.56 0.27328
113.33 0.27088
111.11 0.26864
108.89 0.26750
106.67 0.26648
104.44 0.26513
102.22 0.26329
100.00 0.26155
97.78 0.26003
95.56 0.25813
93.33 0.25636
91.11 0.25455
88.89 0.25257
86.67 0.25058
84.44 0.24875
82.22 0.24708
80.00 0.24520
77.78 0.24341
75.56 0.24155
73.33 0.23957
71.11 0.23756
68.89 0.23587
66.67 0.23408
64.44 0.23219
62.22 0.23018
60.00 0.22829
57.78 0.22644
55.56 0.22455
53.33 0.22244
51.11 0.22042
48.89 0.21837
46.67 0.21629
44.44 0.21429
42.22 0.21214
40.00 0.21004
37.78 0.20783
35.56 0.20574
33.33 0.20363
31.11 0.20162
28.89 0.19936
26.67 0.19716
24.44 0.19489
22.22 0.19263
20.00 0.19032
17.78 0.18782
15.56 0.18539
13.33 0.18295
11.11 0.18040
8.89 0.17781
6.67 0.17524
4.44 0.17262
2.22 0.16985
0.00 0.16677
48.00 0.15011
47.19 0.15000
46.37 0.14966
45.56 0.14893
44.75 0.14806
43.93 0.14758
43.12 0.14589
42.31 0.14464
41.49 0.14403
40.68 0.14363
39.86 0.14265
39.05 0.14159
38.24 0.14092
37.42 0.13984
36.61 0.13883
35.80 0.13809
34.98 0.13719
34.17 0.13634
33.36 0.13537
32.54 0.13468
31.73 0.13377
30.92 0.13298
30.10 0.13226
29.29 0.13165
28.47 0.13055
27.66 0.12957
26.85 0.12846
26.03 0.12750
25.22 0.12664
24.41 0.12581
23.59 0.12497
22.78 0.12386
21.97 0.12284
21.15 0.12188
20.34 0.12071
19.53 0.11974
18.71 0.11872
17.90 0.11783
17.08 0.11676
16.27 0.11575
15.46 0.11458
14.64 0.11374
13.83 0.11260
13.02 0.11162
12.20 0.11062
11.39 0.10943
10.58 0.10835
9.76 0.10720
8.95 0.10625
8.14 0.10520
7.32 0.10411
6.51 0.10328
5.69 0.10230
4.88 0.10103
4.07 0.09975
3.25 0.09844
2.44 0.09713
1.63 0.09582
0.81 0.09445
0.00 0.09289
19.20 0.08477
18.90 0.08468
18.60 0.08255
18.30 0.08228
18.00 0.08157
17.70 0.08257
17.40 0.08282
17.10 0.08228
16.80 0.08172
16.50 0.08123
16.20 0.08108
15.90 0.08136
15.60 0.08173
15.30 0.08133
15.00 0.08073
14.70 0.07985
14.40 0.07923
14.10 0.07845
13.80 0.07782
13.50 0.07741
13.20 0.07685
12.90 0.07650
12.60 0.07645
12.30 0.07578
12.00 0.07553
11.70 0.07555
11.40 0.07523
11.10 0.07451
10.80 0.07390
10.50 0.07321
10.20 0.07272
9.90 0.07247
9.60 0.07186
9.30 0.07157
9.00 0.07097
8.70 0.07030
8.40 0.06969
8.10 0.06924
7.80 0.06866
7.50 0.06818
7.20 0.06804
6.90 0.06757
6.60 0.06698
6.30 0.06649
6.00 0.06620
5.70 0.06600
5.40 0.06585
5.10 0.06537
4.80 0.06499
4.50 0.06460
4.20 0.06415
3.90 0.06373
3.60 0.06322
3.30 0.06269
3.00 0.06211
2.70 0.06153
2.40 0.06091
2.10 0.06028
1.80 0.05965
1.50 0.05899
1.20 0.05832
0.90 0.05764
0.60 0.05693
0.30 0.05619
0.00 0.05533
7.68 0.05237
7.57 0.05189
7.46 0.04988
7.35 0.04905
7.23 0.04806
7.12 0.04719
7.01 0.04642
6.90 0.04578
6.79 0.04716
6.68 0.04765
6.57 0.04693
6.46 0.04667
6.34 0.04648
6.23 0.04637
6.12 0.04611
6.01 0.04584
5.90 0.04548
5.79 0.04524
5.68 0.04526
5.57 0.04521
5.45 0.04502
5.34 0.04485
5.23 0.04510
5.12 0.04567
5.01 0.04548
4.90 0.04533
4.79 0.04517
4.67 0.04511
4.56 0.04503
4.45 0.04482
4.34 0.04455
4.23 0.04428
4.12 0.04388
4.01 0.04345
3.90 0.04303
3.78 0.04296
3.67 0.04278
3.56 0.04246
3.45 0.04210
3.34 0.04175
3.23 0.04143
3.12 0.04110
3.01 0.04076
2.89 0.04042
2.78 0.04009
2.67 0.03979
2.56 0.03951
2.45 0.03931
2.34 0.03915
2.23 0.03887
2.11 0.03855
2.00 0.03823
1.89 0.03790
1.78 0.03758
1.67 0.03727
1.56 0.03695
1.45 0.03664
1.34 0.03633
1.22 0.03600
1.11 0.03569
1.00 0.03536
0.89 0.03503
0.78 0.03469
0.67 0.03435
0.56 0.03401
0.45 0.03366
0.33 0.03328
0.22 0.03290
0.11 0.03250
0.00 0.03204
3.07 0.03280
3.03 0.03127
2.99 0.03022
2.95 0.03021
2.91 0.02997
2.86 0.02950
2.82 0.02918
2.78 0.02868
2.74 0.02837
2.70 0.02805
2.66 0.02770
2.62 0.02734
2.57 0.02702
2.53 0.02681
2.49 0.02655
2.45 0.02635
2.41 0.02625
2.37 0.02606
2.32 0.02589
2.28 0.02565
2.24 0.02547
2.20 0.02529
2.16 0.02514
2.12 0.02500
2.08 0.02483
2.03 0.02467
1.99 0.02451
1.95 0.02438
1.91 0.02427
1.87 0.02415
1.83 0.02403
1.79 0.02395
1.74 0.02386
1.70 0.02379
1.66 0.02376
1.62 0.02374
1.58 0.02370
1.54 0.02366
1.49 0.02367
1.45 0.02365
1.41 0.02362
1.37 0.02359
1.33 0.02356
1.29 0.02350
1.25 0.02349
1.20 0.02341
1.16 0.02330
1.12 0.02321
1.08 0.02314
1.04 0.02308
1.00 0.02298
0.95 0.02287
0.91 0.02278
0.87 0.02269
0.83 0.02259
0.79 0.02247
0.75 0.02237
0.71 0.02226
0.66 0.02216
0.62 0.02203
0.58 0.02192
0.54 0.02180
0.50 0.02169
0.46 0.02155
0.42 0.02142
0.37 0.02128
0.33 0.02114
0.29 0.02098
0.25 0.02081
0.21 0.02065
0.17 0.02048
0.12 0.02030
0.08 0.02009
0.04 0.01987
0.00 0.01961
1.23 0.02234
1.21 0.02184
1.20 0.02124
1.18 0.02115
1.17 0.02084
1.15 0.02068
1.14 0.02042
1.12 0.02035
1.10 0.02030
1.09 0.02026
1.07 0.02028
1.06 0.02021
1.04 0.02010
1.03 0.01999
1.01 0.01986
1.00 0.01977
0.98 0.01971
0.96 0.01969
0.95 0.01962
0.93 0.01955
0.92 0.01955
0.90 0.01949
0.89 0.01941
0.87 0.01930
0.86 0.01923
0.84 0.01911
0.82 0.01898
0.81 0.01888
0.79 0.01874
0.78 0.01861
0.76 0.01853
0.75 0.01842
0.73 0.01831
0.72 0.01822
0.70 0.01814
0.68 0.01806
0.67 0.01798
0.65 0.01790
0.64 0.01780
0.62 0.01772
0.61 0.01764
0.59 0.01757
0.58 0.01749
0.56 0.01741
0.54 0.01735
0.53 0.01728
0.51 0.01719
0.50 0.01712
0.48 0.01704
0.47 0.01698
0.45 0.01690
0.44 0.01682
0.42 0.01674
0.40 0.01664
0.39 0.01656
0.37 0.01646
0.36 0.01638
0.34 0.01628
0.33 0.01618
0.31 0.01608
0.30 0.01599
0.28 0.01588
0.26 0.01578
0.25 0.01568
0.23 0.01557
0.22 0.01546
0.20 0.01534
0.19 0.01524
0.17 0.01512
0.16 0.01501
0.14 0.01489
0.12 0.01478
0.11 0.01466
0.09 0.01454
0.08 0.01441
0.06 0.01428
0.05 0.01414
0.03 0.01401
0.02 0.01386
0.00 0.01369
0.49 0.01276
0.49 0.01253
0.48 0.01225
0.47 0.01228
0.47 0.01233
0.46 0.01236
0.46 0.01229
0.45 0.01227
0.44 0.01223
0.44 0.01226
0.43 0.01221
0.43 0.01222
0.42 0.01222
0.42 0.01224
0.41 0.01226
0.40 0.01223
0.40 0.01220
0.39 0.01219
0.39 0.01216
0.38 0.01216
0.37 0.01214
0.37 0.01210
0.36 0.01208
0.36 0.01207
0.35 0.01204
0.35 0.01200
0.34 0.01196
0.33 0.01193
0.33 0.01190
0.32 0.01187
0.32 0.01183
0.31 0.01178
0.30 0.01174
0.30 0.01170
0.29 0.01166
0.29 0.01163
0.28 0.01159
0.28 0.01155
0.27 0.01150
0.26 0.01145
0.26 0.01141
0.25 0.01135
0.25 0.01129
0.24 0.01123
0.23 0.01120
0.23 0.01114
0.22 0.01108
0.22 0.01102
0.21 0.01096
0.20 0.01091
0.20 0.01084
0.19 0.01078
0.19 0.01071
0.18 0.01065
0.18 0.01059
0.17 0.01052
0.16 0.01047
0.16 0.01041
0.15 0.01035
0.15 0.01028
0.14 0.01023
0.13 0.01017
0.13 0.01011
0.12 0.01005
0.12 0.00998
0.11 0.00992
0.11 0.00986
0.10 0.00979
0.09 0.00972
0.09 0.00966
0.08 0.00959
0.08 0.00952
0.07 0.00945
0.06 0.00938
0.06 0.00931
0.05 0.00924
0.05 0.00916
0.04 0.00909
0.04 0.00901
0.03 0.00893
0.02 0.00886
0.02 0.00877
0.01 0.00869
0.01 0.00860
0.00 0.00850
0.20 0.00745
0.19 0.00754
0.19 0.00732
0.19 0.00734
0.19 0.00727
0.19 0.00730
0.18 0.00724
0.18 0.00721
0.18 0.00720
0.18 0.00719
0.17 0.00718
0.17 0.00717
0.17 0.00712
0.17 0.00712
0.17 0.00712
0.16 0.00711
0.16 0.00710
0.16 0.00705
0.16 0.00704
0.15 0.00701
0.15 0.00698
0.15 0.00694
0.15 0.00692
0.15 0.00689
0.14 0.00687
0.14 0.00685
0.14 0.00683
0.14 0.00681
0.13 0.00679
0.13 0.00676
0.13 0.00674
0.13 0.00670
0.13 0.00669
0.12 0.00667
0.12 0.00664
0.12 0.00661
0.12 0.00657
0.11 0.00655
0.11 0.00653
0.11 0.00651
0.11 0.00649
0.11 0.00646
0.10 0.00645
0.10 0.00642
0.10 0.00640
0.10 0.00637
0.09 0.00634
0.09 0.00630
0.09 0.00627
0.09 0.00625
0.09 0.00622
0.08 0.00620
0.08 0.00617
0.08 0.00614
0.08 0.00612
0.08 0.00609
0.07 0.00606
0.07 0.00603
0.07 0.00601
0.07 0.00598
0.06 0.00594
0.06 0.00591
0.06 0.00588
0.06 0.00585
0.06 0.00582
0.05 0.00580
0.05 0.00576
0.05 0.00573
0.05 0.00570
0.04 0.00566
0.04 0.00563
0.04 0.00560
0.04 0.00556
0.04 0.00553
0.03 0.00549
0.03 0.00546
0.03 0.00542
0.03 0.00539
0.02 0.00535
0.02 0.00532
0.02 0.00528
0.02 0.00524
0.02 0.00520
0.01 0.00516
0.01 0.00512
0.01 0.00508
0.01 0.00504
0.00 0.00499
0.00 0.00494
0.00 0.00489
0.08 0.00486
0.08 0.00443
0.08 0.00446
0.08 0.00458
0.08 0.00451
0.07 0.00448
0.07 0.00445
0.07 0.00446
0.07 0.00450
0.07 0.00449
0.07 0.00449
0.07 0.00451
0.07 0.00448
0.07 0.00447
0.07 0.00447
0.07 0.00447
0.07 0.00447
0.06 0.00446
0.06 0.00446
0.06 0.00444
0.06 0.00442
0.06 0.00441
0.06 0.00437
0.06 0.00437
0.06 0.00435
0.06 0.00432
0.06 0.00431
0.06 0.00430
0.06 0.00429
0.05 0.00428
0.05 0.00427
0.05 0.00426
0.05 0.00424
0.05 0.00424
0.05 0.00421
0.05 0.00420
0.05 0.00419
0.05 0.00416
0.05 0.00414
0.05 0.00413
0.05 0.00412
0.04 0.00410
0.04 0.00409
0.04 0.00408
0.04 0.00406
0.04 0.00405
0.04 0.00403
0.04 0.00402
0.04 0.00401
0.04 0.00399
0.04 0.00398
0.04 0.00397
0.04 0.00395
0.03 0.00393
0.03 0.00391
0.03 0.00390
0.03 0.00389
0.03 0.00387
0.03 0.00386
0.03 0.00384
0.03 0.00382
0.03 0.00380
0.03 0.00378
0.03 0.00376
0.03 0.00375
0.02 0.00373
0.02 0.00371
0.02 0.00369
0.02 0.00368
0.02 0.00366
0.02 0.00364
0.02 0.00362
0.02 0.00360
0.02 0.00359
0.02 0.00357
0.02 0.00355
0.02 0.00352
0.01 0.00351
0.01 0.00349
0.01 0.00346
0.01 0.00345
0.01 0.00342
0.01 0.00340
0.01 0.00338
0.01 0.00336
0.01 0.00334
0.01 0.00332
0.01 0.00330
0.01 0.00327
0.00 0.00325
0.00 0.00322
0.00 0.00320
0.00 0.00317
0.00 0.00314
0.00 0.00311
0.00 0.00068
0.00 0.00037
0.00 0.00026
0.00 0.00020
0.00 0.00023
0.00 0.00020
0.00 0.00018
0.00 0.00016
0.00 0.00015
0.00 0.00014
0.00 0.00014
0.00 0.00013
0.00 0.00012
0.00 0.00011
0.00 0.00011
0.00 0.00010
0.00 0.00010
0.00 0.00010
0.00 0.00009
0.00 0.00009
0.00 0.00008
0.00 0.00008
0.00 0.00008
0.00 0.00007
0.00 0.00007
0.00 0.00007
0.00 0.00007
0.00 0.00006
0.00 0.00006
0.00 0.00006
0.00 0.00006
0.00 0.00006
0.00 0.00005
0.00 0.00005
0.00 0.00005
0.00 0.00005
0.00 0.00005
0.00 0.00005
0.00 0.00005
0.00 0.00005
0.00 0.00004
0.00 0.00004
0.00 0.00004
0.00 0.00004
0.00 0.00004
0.00 0.00004
0.00 0.00004
0.00 0.00004
0.00 0.00004
0.00 0.00004
0.00 0.00004
0.00 0.00004
0.00 0.00004
0.00 0.00003
0.00 0.00003
0.00 0.00003
0.00 0.00003
0.00 0.00003
0.00 0.00003
0.00 0.00003
0.00 0.00003
0.00 0.00003
0.00 0.00003
0.00 0.00003
0.00 0.00003
0.00 0.00003
0.00 0.00003
0.00 0.00003
0.00 0.00003
0.00 0.00003
0.00 0.00003
0.00 0.00003
0.00 0.00003
0.00 0.00003
0.00 0.00003
0.00 0.00003
0.00 0.00003
0.00 0.00003
0.00 0.00003
0.00 0.00002
0.00 0.00002
0.00 0.00002
0.00 0.00002
0.00 0.00002
0.00 0.00002
0.00 0.00002
0.00 0.00002
0.00 0.00002
0.00 0.00002
0.00 0.00002
0.00 0.00002
0.00 0.00002
0.00 0.00002
0.00 0.00002
0.00 0.00002
0.00 0.00002
0.00 0.00002
0.00 0.00002
0.00 0.00002
0.00 0.00002
