150.00 0.91255
133.33 0.91390
116.67 0.90548
100.00 0.90289
83.33 0.89359
66.67 0.87412
50.00 0.85144
33.33 0.81713
16.67 0.77228
0.00 0.69522
120.00 0.89085
106.67 0.89382
93.33 0.89278
80.00 0.87231
66.67 0.86105
53.33 0.83201
40.00 0.79952
26.67 0.76323
13.33 0.71844
0.00 0.64672
96.00 0.89940
85.33 0.88218
74.67 0.87253
64.00 0.84055
53.33 0.82466
42.67 0.79162
32.00 0.75846
21.33 0.72282
10.67 0.67659
0.00 0.60911
76.80 0.82835
68.27 0.82708
59.73 0.80973
51.20 0.78571
42.67 0.75445
34.13 0.72234
25.60 0.69064
17.07 0.65516
8.53 0.61226
0.00 0.55113
