150.00 0.94810
133.33 0.94535
116.67 0.94282
100.00 0.94275
83.33 0.94134
66.67 0.93885
50.00 0.93554
33.33 0.92588
16.67 0.90172
0.00 0.81160
120.00 0.93935
106.67 0.94400
93.33 0.94082
80.00 0.93912
66.67 0.93763
53.33 0.93602
40.00 0.93544
26.67 0.91861
13.33 0.88892
0.00 0.80008
96.00 0.94085
85.33 0.94068
74.67 0.94138
64.00 0.93688
53.33 0.93223
42.67 0.92937
32.00 0.92053
21.33 0.90324
10.67 0.87228
0.00 0.78512
76.80 0.93200
68.27 0.93483
59.73 0.93165
51.20 0.93021
42.67 0.92414
34.13 0.91824
25.60 0.89908
17.07 0.87541
8.53 0.84447
0.00 0.76006
