300.00 0.53682
293.88 0.51243
287.76 0.50818
281.63 0.49872
275.51 0.48865
269.39 0.48157
263.27 0.47433
257.14 0.47563
251.02 0.47155
244.90 0.46602
238.78 0.46081
232.65 0.45636
226.53 0.45236
220.41 0.44824
214.29 0.44410
208.16 0.44017
202.04 0.43602
195.92 0.43216
189.80 0.42804
183.67 0.42419
177.55 0.42024
171.43 0.41652
165.31 0.41275
159.18 0.40889
153.06 0.40502
146.94 0.40115
140.82 0.39726
134.69 0.39352
128.57 0.38939
122.45 0.38530
116.33 0.38139
110.20 0.37728
104.08 0.37305
97.96 0.36881
91.84 0.36460
85.71 0.36040
79.59 0.35609
73.47 0.35176
67.35 0.34711
61.22 0.34258
55.10 0.33792
48.98 0.33316
42.86 0.32827
36.73 0.32351
30.61 0.31852
24.49 0.31342
18.37 0.30826
12.24 0.30306
6.12 0.29767
0.00 0.29174
120.00 0.26268
117.78 0.26090
115.56 0.26098
113.33 0.26138
111.11 0.25995
108.89 0.25803
106.67 0.25604
104.44 0.25490
102.22 0.25288
100.00 0.25094
97.78 0.24924
95.56 0.24766
93.33 0.24579
91.11 0.24376
88.89 0.24179
86.67 0.23990
84.44 0.23802
82.22 0.23570
80.00 0.23408
77.78 0.23226
75.56 0.23004
73.33 0.22848
71.11 0.22682
68.89 0.22507
66.67 0.22294
64.44 0.22096
62.22 0.21890
60.00 0.21700
57.78 0.21494
55.56 0.21290
53.33 0.21103
51.11 0.20923
48.89 0.20717
46.67 0.20516
44.44 0.20295
42.22 0.20083
40.00 0.19857
37.78 0.19631
35.56 0.19416
33.33 0.19204
31.11 0.18984
28.89 0.18781
26.67 0.18578
24.44 0.18354
22.22 0.18126
20.00 0.17894
17.78 0.17655
15.56 0.17419
13.33 0.17197
11.11 0.16959
8.89 0.16714
6.67 0.16468
4.44 0.16215
2.22 0.15956
0.00 0.15667
48.00 0.14056
47.19 0.13739
46.37 0.13863
45.56 0.13673
44.75 0.13647
43.93 0.13558
43.12 0.13555
42.31 0.13496
41.49 0.13390
40.68 0.13280
39.86 0.13159
39.05 0.13084
38.24 0.12969
37.42 0.12981
36.61 0.12920
35.80 0.12856
34.98 0.12794
34.17 0.12737
33.36 0.12690
32.54 0.12626
31.73 0.12495
30.92 0.12365
30.10 0.12258
29.29 0.12130
28.47 0.12010
27.66 0.11894
26.85 0.11784
26.03 0.11680
25.22 0.11580
24.41 0.11470
23.59 0.11359
22.78 0.11251
21.97 0.11149
21.15 0.11047
20.34 0.10934
19.53 0.10825
18.71 0.10714
17.90 0.10612
17.08 0.10505
16.27 0.10399
15.46 0.10298
14.64 0.10207
13.83 0.10106
13.02 0.10000
12.20 0.09899
11.39 0.09803
10.58 0.09706
9.76 0.09614
8.95 0.09532
8.14 0.09447
7.32 0.09363
6.51 0.09286
5.69 0.09202
4.88 0.09108
4.07 0.09009
3.25 0.08904
2.44 0.08793
1.63 0.08679
0.81 0.08558
0.00 0.08417
19.20 0.08064
18.90 0.08374
18.60 0.08060
18.30 0.07825
18.00 0.07762
17.70 0.07620
17.40 0.07561
17.10 0.07495
16.80 0.07381
16.50 0.07331
16.20 0.07314
15.90 0.07268
15.60 0.07240
15.30 0.07248
15.00 0.07201
14.70 0.07172
14.40 0.07123
14.10 0.07070
13.80 0.07014
13.50 0.06968
13.20 0.06932
12.90 0.06908
12.60 0.06875
12.30 0.06824
12.00 0.06764
11.70 0.06711
11.40 0.06674
11.10 0.06649
10.80 0.06633
10.50 0.06618
10.20 0.06592
9.90 0.06576
9.60 0.06559
9.30 0.06541
9.00 0.06522
8.70 0.06493
8.40 0.06459
8.10 0.06434
7.80 0.06410
7.50 0.06379
7.20 0.06345
6.90 0.06310
6.60 0.06284
6.30 0.06245
6.00 0.06208
5.70 0.06183
5.40 0.06141
5.10 0.06092
4.80 0.06049
4.50 0.06007
4.20 0.05970
3.90 0.05929
3.60 0.05887
3.30 0.05843
3.00 0.05808
2.70 0.05771
2.40 0.05729
2.10 0.05684
1.80 0.05634
1.50 0.05581
1.20 0.05525
0.90 0.05465
0.60 0.05404
0.30 0.05336
0.00 0.05255
7.68 0.05358
7.57 0.05551
7.46 0.05515
7.35 0.05432
7.23 0.05363
7.12 0.05239
7.01 0.05089
6.90 0.04992
6.79 0.04948
6.68 0.04884
6.57 0.04847
6.46 0.04824
6.34 0.04823
6.23 0.04795
6.12 0.04750
6.01 0.04717
5.90 0.04680
5.79 0.04650
5.68 0.04603
5.57 0.04562
5.45 0.04517
5.34 0.04478
5.23 0.04431
5.12 0.04392
5.01 0.04364
4.90 0.04333
4.79 0.04312
4.67 0.04287
4.56 0.04260
4.45 0.04233
4.34 0.04213
4.23 0.04193
4.12 0.04177
4.01 0.04155
3.90 0.04134
3.78 0.04102
3.67 0.04086
3.56 0.04065
3.45 0.04057
3.34 0.04050
3.23 0.04022
3.12 0.03993
3.01 0.03974
2.89 0.03953
2.78 0.03929
2.67 0.03900
2.56 0.03870
2.45 0.03839
2.34 0.03809
2.23 0.03779
2.11 0.03747
2.00 0.03717
1.89 0.03686
1.78 0.03656
1.67 0.03626
1.56 0.03597
1.45 0.03568
1.34 0.03540
1.22 0.03515
1.11 0.03490
1.00 0.03464
0.89 0.03435
0.78 0.03405
0.67 0.03373
0.56 0.03340
0.45 0.03307
0.33 0.03273
0.22 0.03236
0.11 0.03198
0.00 0.03153
3.07 0.03110
3.03 0.03018
2.99 0.03047
2.95 0.03013
2.91 0.03029
2.86 0.02985
2.82 0.02955
2.78 0.02926
2.74 0.02917
2.70 0.02890
2.66 0.02849
2.62 0.02820
2.57 0.02786
2.53 0.02769
2.49 0.02750
2.45 0.02721
2.41 0.02700
2.37 0.02681
2.32 0.02672
2.28 0.02656
2.24 0.02642
2.20 0.02624
2.16 0.02607
2.12 0.02594
2.08 0.02582
2.03 0.02565
1.99 0.02550
1.95 0.02536
1.91 0.02520
1.87 0.02505
1.83 0.02490
1.79 0.02474
1.74 0.02458
1.70 0.02442
1.66 0.02426
1.62 0.02413
1.58 0.02398
1.54 0.02383
1.49 0.02369
1.45 0.02353
1.41 0.02338
1.37 0.02324
1.33 0.02310
1.29 0.02297
1.25 0.02284
1.20 0.02270
1.16 0.02256
1.12 0.02240
1.08 0.02225
1.04 0.02210
1.00 0.02195
0.95 0.02181
0.91 0.02166
0.87 0.02152
0.83 0.02140
0.79 0.02125
0.75 0.02111
0.71 0.02095
0.66 0.02081
0.62 0.02067
0.58 0.02051
0.54 0.02035
0.50 0.02019
0.46 0.02003
0.42 0.01986
0.37 0.01970
0.33 0.01954
0.29 0.01937
0.25 0.01920
0.21 0.01902
0.17 0.01884
0.12 0.01865
0.08 0.01846
0.04 0.01825
0.00 0.01801
1.23 0.01720
1.21 0.01653
1.20 0.01660
1.18 0.01652
1.17 0.01666
1.15 0.01675
1.14 0.01679
1.12 0.01683
1.10 0.01684
1.09 0.01678
1.07 0.01669
1.06 0.01661
1.04 0.01655
1.03 0.01652
1.01 0.01646
1.00 0.01635
0.98 0.01631
0.96 0.01622
0.95 0.01614
0.93 0.01604
0.92 0.01594
0.90 0.01590
0.89 0.01584
0.87 0.01578
0.86 0.01571
0.84 0.01567
0.82 0.01561
0.81 0.01552
0.79 0.01546
0.78 0.01542
0.76 0.01535
0.75 0.01528
0.73 0.01523
0.72 0.01516
0.70 0.01510
0.68 0.01501
0.67 0.01495
0.65 0.01486
0.64 0.01479
0.62 0.01473
0.61 0.01466
0.59 0.01459
0.58 0.01452
0.56 0.01445
0.54 0.01438
0.53 0.01431
0.51 0.01423
0.50 0.01416
0.48 0.01410
0.47 0.01402
0.45 0.01395
0.44 0.01387
0.42 0.01379
0.40 0.01371
0.39 0.01363
0.37 0.01355
0.36 0.01347
0.34 0.01339
0.33 0.01332
0.31 0.01323
0.30 0.01315
0.28 0.01306
0.26 0.01298
0.25 0.01289
0.23 0.01280
0.22 0.01272
0.20 0.01263
0.19 0.01253
0.17 0.01244
0.16 0.01234
0.14 0.01224
0.12 0.01215
0.11 0.01205
0.09 0.01196
0.08 0.01186
0.06 0.01175
0.05 0.01164
0.03 0.01152
0.02 0.01140
0.00 0.01126
0.49 0.01013
0.49 0.01044
0.48 0.01050
0.47 0.01038
0.47 0.01033
0.46 0.01036
0.46 0.01039
0.45 0.01042
0.44 0.01036
0.44 0.01033
0.43 0.01025
0.43 0.01024
0.42 0.01019
0.42 0.01013
0.41 0.01010
0.40 0.01002
0.40 0.00998
0.39 0.00996
0.39 0.00993
0.38 0.00989
0.37 0.00983
0.37 0.00976
0.36 0.00975
0.36 0.00971
0.35 0.00967
0.35 0.00963
0.34 0.00958
0.33 0.00954
0.33 0.00952
0.32 0.00947
0.32 0.00944
0.31 0.00939
0.30 0.00935
0.30 0.00931
0.29 0.00927
0.29 0.00924
0.28 0.00920
0.28 0.00916
0.27 0.00912
0.26 0.00910
0.26 0.00906
0.25 0.00903
0.25 0.00899
0.24 0.00895
0.23 0.00891
0.23 0.00888
0.22 0.00884
0.22 0.00880
0.21 0.00876
0.20 0.00872
0.20 0.00868
0.19 0.00863
0.19 0.00859
0.18 0.00854
0.18 0.00849
0.17 0.00846
0.16 0.00842
0.16 0.00838
0.15 0.00833
0.15 0.00829
0.14 0.00825
0.13 0.00821
0.13 0.00817
0.12 0.00812
0.12 0.00808
0.11 0.00804
0.11 0.00799
0.10 0.00794
0.09 0.00790
0.09 0.00785
0.08 0.00780
0.08 0.00774
0.07 0.00770
0.06 0.00764
0.06 0.00759
0.05 0.00753
0.05 0.00748
0.04 0.00742
0.04 0.00736
0.03 0.00730
0.02 0.00724
0.02 0.00718
0.01 0.00711
0.01 0.00704
0.00 0.00696
0.20 0.00680
0.19 0.00677
0.19 0.00670
0.19 0.00664
0.19 0.00661
0.19 0.00657
0.18 0.00653
0.18 0.00653
0.18 0.00652
0.18 0.00653
0.17 0.00652
0.17 0.00652
0.17 0.00650
0.17 0.00648
0.17 0.00646
0.16 0.00645
0.16 0.00642
0.16 0.00639
0.16 0.00636
0.15 0.00638
0.15 0.00637
0.15 0.00634
0.15 0.00633
0.15 0.00631
0.14 0.00628
0.14 0.00627
0.14 0.00624
0.14 0.00622
0.13 0.00620
0.13 0.00616
0.13 0.00613
0.13 0.00610
0.13 0.00608
0.12 0.00605
0.12 0.00603
0.12 0.00600
0.12 0.00597
0.11 0.00596
0.11 0.00594
0.11 0.00591
0.11 0.00590
0.11 0.00587
0.10 0.00584
0.10 0.00581
0.10 0.00579
0.10 0.00576
0.09 0.00574
0.09 0.00572
0.09 0.00570
0.09 0.00567
0.09 0.00565
0.08 0.00562
0.08 0.00560
0.08 0.00558
0.08 0.00555
0.08 0.00553
0.07 0.00550
0.07 0.00548
0.07 0.00545
0.07 0.00542
0.06 0.00540
0.06 0.00537
0.06 0.00534
0.06 0.00531
0.06 0.00528
0.05 0.00525
0.05 0.00523
0.05 0.00520
0.05 0.00518
0.04 0.00515
0.04 0.00512
0.04 0.00509
0.04 0.00506
0.04 0.00502
0.03 0.00499
0.03 0.00496
0.03 0.00493
0.03 0.00489
0.02 0.00487
0.02 0.00483
0.02 0.00480
0.02 0.00477
0.02 0.00473
0.01 0.00470
0.01 0.00466
0.01 0.00462
0.01 0.00459
0.00 0.00455
0.00 0.00450
0.00 0.00446
0.08 0.00462
0.08 0.00451
0.08 0.00440
0.08 0.00432
0.08 0.00429
0.07 0.00426
0.07 0.00423
0.07 0.00420
0.07 0.00419
0.07 0.00419
0.07 0.00419
0.07 0.00417
0.07 0.00416
0.07 0.00414
0.07 0.00414
0.07 0.00413
0.07 0.00411
0.06 0.00411
0.06 0.00409
0.06 0.00405
0.06 0.00404
0.06 0.00403
0.06 0.00401
0.06 0.00399
0.06 0.00397
0.06 0.00396
0.06 0.00394
0.06 0.00394
0.06 0.00392
0.05 0.00390
0.05 0.00389
0.05 0.00389
0.05 0.00387
0.05 0.00385
0.05 0.00383
0.05 0.00382
0.05 0.00380
0.05 0.00378
0.05 0.00377
0.05 0.00376
0.05 0.00375
0.04 0.00373
0.04 0.00372
0.04 0.00370
0.04 0.00370
0.04 0.00368
0.04 0.00367
0.04 0.00366
0.04 0.00365
0.04 0.00364
0.04 0.00362
0.04 0.00360
0.04 0.00358
0.03 0.00357
0.03 0.00355
0.03 0.00354
0.03 0.00352
0.03 0.00351
0.03 0.00350
0.03 0.00348
0.03 0.00347
0.03 0.00345
0.03 0.00344
0.03 0.00342
0.03 0.00340
0.02 0.00339
0.02 0.00337
0.02 0.00335
0.02 0.00333
0.02 0.00331
0.02 0.00329
0.02 0.00328
0.02 0.00326
0.02 0.00324
0.02 0.00322
0.02 0.00320
0.02 0.00319
0.01 0.00317
0.01 0.00315
0.01 0.00313
0.01 0.00311
0.01 0.00310
0.01 0.00308
0.01 0.00306
0.01 0.00304
0.01 0.00301
0.01 0.00299
0.01 0.00297
0.01 0.00295
0.00 0.00293
0.00 0.00291
0.00 0.00288
0.00 0.00286
0.00 0.00284
0.00 0.00281
0.00 0.00759
0.00 0.00568
0.00 0.00467
0.00 0.00407
0.00 0.00364
0.00 0.00337
0.00 0.00311
0.00 0.00287
0.00 0.00268
0.00 0.00251
0.00 0.00236
0.00 0.00227
0.00 0.00216
0.00 0.00208
0.00 0.00200
0.00 0.00190
0.00 0.00183
0.00 0.00177
0.00 0.00177
0.00 0.00171
0.00 0.00168
0.00 0.00166
0.00 0.00162
0.00 0.00159
0.00 0.00157
0.00 0.00152
0.00 0.00148
0.00 0.00144
0.00 0.00141
0.00 0.00139
0.00 0.00137
0.00 0.00135
0.00 0.00131
0.00 0.00130
0.00 0.00128
0.00 0.00126
0.00 0.00124
0.00 0.00121
0.00 0.00120
0.00 0.00118
0.00 0.00117
0.00 0.00115
0.00 0.00114
0.00 0.00112
0.00 0.00110
0.00 0.00109
0.00 0.00108
0.00 0.00106
0.00 0.00105
0.00 0.00104
0.00 0.00103
0.00 0.00102
0.00 0.00101
0.00 0.00099
0.00 0.00098
0.00 0.00096
0.00 0.00095
0.00 0.00095
0.00 0.00094
0.00 0.00093
0.00 0.00092
0.00 0.00091
0.00 0.00090
0.00 0.00090
0.00 0.00089
0.00 0.00088
0.00 0.00088
0.00 0.00087
0.00 0.00086
0.00 0.00086
0.00 0.00085
0.00 0.00084
0.00 0.00084
0.00 0.00083
0.00 0.00083
0.00 0.00083
0.00 0.00083
0.00 0.00082
0.00 0.00082
0.00 0.00082
0.00 0.00082
0.00 0.00081
0.00 0.00081
0.00 0.00080
0.00 0.00080
0.00 0.00080
0.00 0.00079
0.00 0.00079
0.00 0.00078
0.00 0.00078
0.00 0.00078
0.00 0.00077
0.00 0.00076
0.00 0.00076
0.00 0.00075
0.00 0.00074
0.00 0.00074
0.00 0.00073
0.00 0.00072
0.00 0.00072
