150.00 0.94750
133.33 0.94837
116.67 0.94692
100.00 0.94341
83.33 0.93723
66.67 0.93244
50.00 0.92351
33.33 0.89612
16.67 0.84352
0.00 0.75935
120.00 0.93615
106.67 0.92950
93.33 0.92888
80.00 0.92639
66.67 0.92067
53.33 0.90389
40.00 0.87584
26.67 0.85042
13.33 0.80918
0.00 0.72901
96.00 0.87695
85.33 0.89575
74.67 0.90343
64.00 0.90174
53.33 0.88440
42.67 0.85530
32.00 0.81768
21.33 0.77419
10.67 0.72373
0.00 0.65148
76.80 0.88920
68.27 0.89728
59.73 0.88722
51.20 0.88257
42.67 0.85527
34.13 0.81683
25.60 0.77542
17.07 0.73180
8.53 0.68102
0.00 0.61313
