300.00 0.50535
293.88 0.48022
287.76 0.47072
281.63 0.46361
275.51 0.45681
269.39 0.45150
263.27 0.44645
257.14 0.44314
251.02 0.43965
244.90 0.43612
238.78 0.43245
232.65 0.42874
226.53 0.42528
220.41 0.42169
214.29 0.41869
208.16 0.41524
202.04 0.41170
195.92 0.40849
189.80 0.40535
183.67 0.40176
177.55 0.39844
171.43 0.39528
165.31 0.39194
159.18 0.38868
153.06 0.38550
146.94 0.38218
140.82 0.37866
134.69 0.37515
128.57 0.37167
122.45 0.36805
116.33 0.36429
110.20 0.36044
104.08 0.35663
97.96 0.35263
91.84 0.34871
85.71 0.34493
79.59 0.34087
73.47 0.33683
67.35 0.33263
61.22 0.32821
55.10 0.32393
48.98 0.31961
42.86 0.31501
36.73 0.31041
30.61 0.30567
24.49 0.30086
18.37 0.29601
12.24 0.29100
6.12 0.28583
0.00 0.28014
120.00 0.26002
117.78 0.25944
115.56 0.25637
113.33 0.25444
111.11 0.25374
108.89 0.25146
106.67 0.25033
104.44 0.24896
102.22 0.24744
100.00 0.24557
97.78 0.24403
95.56 0.24260
93.33 0.24102
91.11 0.23945
88.89 0.23767
86.67 0.23601
84.44 0.23431
82.22 0.23246
80.00 0.23062
77.78 0.22873
75.56 0.22684
73.33 0.22496
71.11 0.22307
68.89 0.22107
66.67 0.21923
64.44 0.21744
62.22 0.21559
60.00 0.21371
57.78 0.21206
55.56 0.21001
53.33 0.20813
51.11 0.20618
48.89 0.20421
46.67 0.20223
44.44 0.20019
42.22 0.19811
40.00 0.19605
37.78 0.19418
35.56 0.19223
33.33 0.19031
31.11 0.18835
28.89 0.18624
26.67 0.18418
24.44 0.18216
22.22 0.18001
20.00 0.17780
17.78 0.17559
15.56 0.17339
13.33 0.17113
11.11 0.16889
8.89 0.16659
6.67 0.16436
4.44 0.16200
2.22 0.15955
0.00 0.15667
48.00 0.13819
47.19 0.13981
46.37 0.13818
45.56 0.13729
44.75 0.13597
43.93 0.13398
43.12 0.13352
42.31 0.13314
41.49 0.13298
40.68 0.13185
39.86 0.13067
39.05 0.13007
38.24 0.12897
37.42 0.12818
36.61 0.12782
35.80 0.12742
34.98 0.12674
34.17 0.12609
33.36 0.12601
32.54 0.12507
31.73 0.12409
30.92 0.12307
30.10 0.12217
29.29 0.12120
28.47 0.12001
27.66 0.11898
26.85 0.11816
26.03 0.11753
25.22 0.11660
24.41 0.11594
23.59 0.11524
22.78 0.11444
21.97 0.11370
21.15 0.11316
20.34 0.11258
19.53 0.11194
18.71 0.11127
17.90 0.11066
17.08 0.11020
16.27 0.10940
15.46 0.10860
14.64 0.10799
13.83 0.10725
13.02 0.10640
12.20 0.10554
11.39 0.10455
10.58 0.10370
9.76 0.10294
8.95 0.10204
8.14 0.10111
7.32 0.10012
6.51 0.09918
5.69 0.09822
4.88 0.09725
4.07 0.09613
3.25 0.09496
2.44 0.09379
1.63 0.09256
0.81 0.09124
0.00 0.08974
19.20 0.08064
18.90 0.08167
18.60 0.08014
18.30 0.08161
18.00 0.08236
17.70 0.08125
17.40 0.08070
17.10 0.08062
16.80 0.08059
16.50 0.07981
16.20 0.07915
15.90 0.07858
15.60 0.07822
15.30 0.07755
15.00 0.07738
14.70 0.07694
14.40 0.07621
14.10 0.07541
13.80 0.07480
13.50 0.07407
13.20 0.07334
12.90 0.07257
12.60 0.07171
12.30 0.07105
12.00 0.07047
11.70 0.06985
11.40 0.06930
11.10 0.06879
10.80 0.06820
10.50 0.06765
10.20 0.06718
9.90 0.06664
9.60 0.06619
9.30 0.06566
9.00 0.06505
8.70 0.06449
8.40 0.06401
8.10 0.06349
7.80 0.06295
7.50 0.06251
7.20 0.06212
6.90 0.06166
6.60 0.06115
6.30 0.06063
6.00 0.06011
5.70 0.05963
5.40 0.05911
5.10 0.05862
4.80 0.05816
4.50 0.05765
4.20 0.05712
3.90 0.05659
3.60 0.05606
3.30 0.05551
3.00 0.05496
2.70 0.05443
2.40 0.05389
2.10 0.05336
1.80 0.05283
1.50 0.05227
1.20 0.05171
0.90 0.05112
0.60 0.05051
0.30 0.04987
0.00 0.04911
7.68 0.04802
7.57 0.04768
7.46 0.04679
7.35 0.04725
7.23 0.04695
7.12 0.04751
7.01 0.04745
6.90 0.04749
6.79 0.04721
6.68 0.04688
6.57 0.04644
6.46 0.04584
6.34 0.04535
6.23 0.04487
6.12 0.04450
6.01 0.04419
5.90 0.04408
5.79 0.04402
5.68 0.04408
5.57 0.04435
5.45 0.04413
5.34 0.04388
5.23 0.04355
5.12 0.04321
5.01 0.04295
4.90 0.04271
4.79 0.04249
4.67 0.04224
4.56 0.04197
4.45 0.04171
4.34 0.04149
4.23 0.04131
4.12 0.04114
4.01 0.04121
3.90 0.04115
3.78 0.04110
3.67 0.04096
3.56 0.04082
3.45 0.04064
3.34 0.04042
3.23 0.04024
3.12 0.04005
3.01 0.03984
2.89 0.03961
2.78 0.03934
2.67 0.03908
2.56 0.03880
2.45 0.03856
2.34 0.03829
2.23 0.03806
2.11 0.03781
2.00 0.03756
1.89 0.03729
1.78 0.03702
1.67 0.03674
1.56 0.03646
1.45 0.03615
1.34 0.03587
1.22 0.03557
1.11 0.03527
1.00 0.03498
0.89 0.03469
0.78 0.03439
0.67 0.03407
0.56 0.03375
0.45 0.03341
0.33 0.03305
0.22 0.03268
0.11 0.03229
0.00 0.03183
3.07 0.02933
3.03 0.02933
2.99 0.02973
2.95 0.02982
2.91 0.02954
2.86 0.02928
2.82 0.02934
2.78 0.02960
2.74 0.02988
2.70 0.02983
2.66 0.02972
2.62 0.02989
2.57 0.03009
2.53 0.03013
2.49 0.03012
2.45 0.03003
2.41 0.02982
2.37 0.02970
2.32 0.02959
2.28 0.02949
2.24 0.02940
2.20 0.02935
2.16 0.02915
2.12 0.02902
2.08 0.02885
2.03 0.02870
1.99 0.02859
1.95 0.02846
1.91 0.02831
1.87 0.02820
1.83 0.02805
1.79 0.02788
1.74 0.02769
1.70 0.02751
1.66 0.02733
1.62 0.02720
1.58 0.02709
1.54 0.02697
1.49 0.02686
1.45 0.02673
1.41 0.02659
1.37 0.02641
1.33 0.02624
1.29 0.02608
1.25 0.02590
1.20 0.02573
1.16 0.02557
1.12 0.02540
1.08 0.02522
1.04 0.02505
1.00 0.02489
0.95 0.02474
0.91 0.02458
0.87 0.02443
0.83 0.02426
0.79 0.02411
0.75 0.02395
0.71 0.02379
0.66 0.02361
0.62 0.02345
0.58 0.02327
0.54 0.02310
0.50 0.02293
0.46 0.02275
0.42 0.02257
0.37 0.02238
0.33 0.02219
0.29 0.02198
0.25 0.02178
0.21 0.02158
0.17 0.02136
0.12 0.02115
0.08 0.02092
0.04 0.02069
0.00 0.02042
1.23 0.01908
1.21 0.01861
1.20 0.01816
1.18 0.01801
1.17 0.01783
1.15 0.01783
1.14 0.01771
1.12 0.01753
1.10 0.01746
1.09 0.01741
1.07 0.01733
1.06 0.01724
1.04 0.01717
1.03 0.01711
1.01 0.01702
1.00 0.01696
0.98 0.01685
0.96 0.01676
0.95 0.01672
0.93 0.01664
0.92 0.01654
0.90 0.01653
0.89 0.01646
0.87 0.01639
0.86 0.01630
0.84 0.01624
0.82 0.01616
0.81 0.01607
0.79 0.01601
0.78 0.01597
0.76 0.01591
0.75 0.01583
0.73 0.01577
0.72 0.01569
0.70 0.01564
0.68 0.01558
0.67 0.01550
0.65 0.01540
0.64 0.01534
0.62 0.01526
0.61 0.01520
0.59 0.01514
0.58 0.01509
0.56 0.01501
0.54 0.01495
0.53 0.01486
0.51 0.01479
0.50 0.01471
0.48 0.01464
0.47 0.01456
0.45 0.01450
0.44 0.01442
0.42 0.01436
0.40 0.01427
0.39 0.01419
0.37 0.01411
0.36 0.01404
0.34 0.01396
0.33 0.01388
0.31 0.01379
0.30 0.01372
0.28 0.01363
0.26 0.01355
0.25 0.01347
0.23 0.01338
0.22 0.01329
0.20 0.01321
0.19 0.01312
0.17 0.01303
0.16 0.01294
0.14 0.01284
0.12 0.01274
0.11 0.01264
0.09 0.01254
0.08 0.01244
0.06 0.01233
0.05 0.01222
0.03 0.01209
0.02 0.01197
0.00 0.01182
0.49 0.01156
0.49 0.01169
0.48 0.01133
0.47 0.01138
0.47 0.01131
0.46 0.01127
0.46 0.01121
0.45 0.01118
0.44 0.01109
0.44 0.01107
0.43 0.01104
0.43 0.01101
0.42 0.01101
0.42 0.01096
0.41 0.01091
0.40 0.01087
0.40 0.01081
0.39 0.01074
0.39 0.01071
0.38 0.01068
0.37 0.01064
0.37 0.01059
0.36 0.01053
0.36 0.01049
0.35 0.01048
0.35 0.01045
0.34 0.01041
0.33 0.01038
0.33 0.01034
0.32 0.01031
0.32 0.01026
0.31 0.01023
0.30 0.01021
0.30 0.01017
0.29 0.01013
0.29 0.01011
0.28 0.01005
0.28 0.01001
0.27 0.00998
0.26 0.00995
0.26 0.00991
0.25 0.00987
0.25 0.00983
0.24 0.00978
0.23 0.00974
0.23 0.00969
0.22 0.00964
0.22 0.00962
0.21 0.00958
0.20 0.00953
0.20 0.00948
0.19 0.00944
0.19 0.00940
0.18 0.00935
0.18 0.00930
0.17 0.00925
0.16 0.00921
0.16 0.00916
0.15 0.00910
0.15 0.00905
0.14 0.00900
0.13 0.00896
0.13 0.00891
0.12 0.00886
0.12 0.00880
0.11 0.00875
0.11 0.00869
0.10 0.00864
0.09 0.00858
0.09 0.00853
0.08 0.00848
0.08 0.00843
0.07 0.00837
0.06 0.00832
0.06 0.00825
0.05 0.00820
0.05 0.00814
0.04 0.00807
0.04 0.00801
0.03 0.00795
0.02 0.00788
0.02 0.00781
0.01 0.00774
0.01 0.00766
0.00 0.00757
0.20 0.00741
0.19 0.00747
0.19 0.00754
0.19 0.00734
0.19 0.00724
0.19 0.00721
0.18 0.00716
0.18 0.00707
0.18 0.00704
0.18 0.00700
0.17 0.00695
0.17 0.00694
0.17 0.00694
0.17 0.00694
0.17 0.00692
0.16 0.00687
0.16 0.00682
0.16 0.00684
0.16 0.00683
0.15 0.00682
0.15 0.00679
0.15 0.00677
0.15 0.00675
0.15 0.00672
0.14 0.00668
0.14 0.00668
0.14 0.00666
0.14 0.00664
0.13 0.00661
0.13 0.00658
0.13 0.00657
0.13 0.00656
0.13 0.00653
0.12 0.00651
0.12 0.00649
0.12 0.00645
0.12 0.00643
0.11 0.00642
0.11 0.00639
0.11 0.00638
0.11 0.00635
0.11 0.00633
0.10 0.00630
0.10 0.00627
0.10 0.00624
0.10 0.00621
0.09 0.00619
0.09 0.00616
0.09 0.00613
0.09 0.00611
0.09 0.00609
0.08 0.00606
0.08 0.00602
0.08 0.00599
0.08 0.00596
0.08 0.00594
0.07 0.00592
0.07 0.00589
0.07 0.00587
0.07 0.00584
0.06 0.00581
0.06 0.00578
0.06 0.00575
0.06 0.00571
0.06 0.00569
0.05 0.00566
0.05 0.00563
0.05 0.00560
0.05 0.00557
0.04 0.00554
0.04 0.00551
0.04 0.00548
0.04 0.00545
0.04 0.00542
0.03 0.00538
0.03 0.00535
0.03 0.00532
0.03 0.00529
0.02 0.00525
0.02 0.00522
0.02 0.00518
0.02 0.00514
0.02 0.00510
0.01 0.00506
0.01 0.00502
0.01 0.00498
0.01 0.00494
0.00 0.00489
0.00 0.00485
0.00 0.00480
0.08 0.00460
0.08 0.00455
0.08 0.00449
0.08 0.00453
0.08 0.00456
0.07 0.00455
0.07 0.00453
0.07 0.00449
0.07 0.00444
0.07 0.00443
0.07 0.00444
0.07 0.00445
0.07 0.00443
0.07 0.00444
0.07 0.00441
0.07 0.00440
0.07 0.00437
0.06 0.00438
0.06 0.00434
0.06 0.00433
0.06 0.00431
0.06 0.00431
0.06 0.00430
0.06 0.00427
0.06 0.00427
0.06 0.00423
0.06 0.00420
0.06 0.00418
0.06 0.00418
0.05 0.00417
0.05 0.00417
0.05 0.00415
0.05 0.00413
0.05 0.00411
0.05 0.00411
0.05 0.00409
0.05 0.00408
0.05 0.00407
0.05 0.00406
0.05 0.00405
0.05 0.00403
0.04 0.00401
0.04 0.00400
0.04 0.00398
0.04 0.00397
0.04 0.00397
0.04 0.00394
0.04 0.00391
0.04 0.00390
0.04 0.00388
0.04 0.00387
0.04 0.00385
0.04 0.00384
0.03 0.00382
0.03 0.00380
0.03 0.00378
0.03 0.00377
0.03 0.00376
0.03 0.00374
0.03 0.00372
0.03 0.00371
0.03 0.00369
0.03 0.00367
0.03 0.00365
0.03 0.00363
0.02 0.00362
0.02 0.00361
0.02 0.00359
0.02 0.00358
0.02 0.00356
0.02 0.00354
0.02 0.00352
0.02 0.00350
0.02 0.00348
0.02 0.00347
0.02 0.00345
0.02 0.00343
0.01 0.00341
0.01 0.00339
0.01 0.00337
0.01 0.00335
0.01 0.00333
0.01 0.00331
0.01 0.00329
0.01 0.00327
0.01 0.00324
0.01 0.00322
0.01 0.00320
0.01 0.00317
0.00 0.00315
0.00 0.00313
0.00 0.00311
0.00 0.00308
0.00 0.00305
0.00 0.00302
0.00 0.01165
0.00 0.00794
0.00 0.00643
0.00 0.00536
0.00 0.00479
0.00 0.00435
0.00 0.00403
0.00 0.00375
0.00 0.00356
0.00 0.00331
0.00 0.00305
0.00 0.00286
0.00 0.00273
0.00 0.00259
0.00 0.00245
0.00 0.00235
0.00 0.00224
0.00 0.00217
0.00 0.00211
0.00 0.00203
0.00 0.00196
0.00 0.00190
0.00 0.00185
0.00 0.00181
0.00 0.00177
0.00 0.00172
0.00 0.00166
0.00 0.00163
0.00 0.00159
0.00 0.00154
0.00 0.00150
0.00 0.00147
0.00 0.00144
0.00 0.00142
0.00 0.00139
0.00 0.00137
0.00 0.00135
0.00 0.00133
0.00 0.00131
0.00 0.00128
0.00 0.00126
0.00 0.00124
0.00 0.00122
0.00 0.00121
0.00 0.00120
0.00 0.00117
0.00 0.00116
0.00 0.00114
0.00 0.00112
0.00 0.00111
0.00 0.00110
0.00 0.00109
0.00 0.00108
0.00 0.00108
0.00 0.00107
0.00 0.00106
0.00 0.00105
0.00 0.00104
0.00 0.00104
0.00 0.00104
0.00 0.00103
0.00 0.00101
0.00 0.00100
0.00 0.00099
0.00 0.00098
0.00 0.00097
0.00 0.00096
0.00 0.00096
0.00 0.00094
0.00 0.00093
0.00 0.00092
0.00 0.00092
0.00 0.00091
0.00 0.00090
0.00 0.00089
0.00 0.00088
0.00 0.00088
0.00 0.00087
0.00 0.00086
0.00 0.00085
0.00 0.00085
0.00 0.00084
0.00 0.00083
0.00 0.00083
0.00 0.00083
0.00 0.00083
0.00 0.00082
0.00 0.00082
0.00 0.00081
0.00 0.00081
0.00 0.00080
0.00 0.00080
0.00 0.00080
0.00 0.00079
0.00 0.00079
0.00 0.00078
0.00 0.00078
0.00 0.00077
0.00 0.00076
0.00 0.00076
