300.00 0.49740
293.88 0.47593
287.76 0.47071
281.63 0.46279
275.51 0.45613
269.39 0.45070
263.27 0.45283
257.14 0.44805
251.02 0.44386
244.90 0.43981
238.78 0.43574
232.65 0.43158
226.53 0.42785
220.41 0.42452
214.29 0.42116
208.16 0.41763
202.04 0.41437
195.92 0.41128
189.80 0.40748
183.67 0.40398
177.55 0.40087
171.43 0.39725
165.31 0.39385
159.18 0.39023
153.06 0.38679
146.94 0.38339
140.82 0.37972
134.69 0.37628
128.57 0.37260
122.45 0.36906
116.33 0.36543
110.20 0.36169
104.08 0.35796
97.96 0.35425
91.84 0.35016
85.71 0.34604
79.59 0.34192
73.47 0.33786
67.35 0.33378
61.22 0.32965
55.10 0.32549
48.98 0.32134
42.86 0.31704
36.73 0.31260
30.61 0.30831
24.49 0.30372
18.37 0.29918
12.24 0.29442
6.12 0.28954
0.00 0.28379
120.00 0.25912
117.78 0.26034
115.56 0.25969
113.33 0.25712
111.11 0.25619
108.89 0.25417
106.67 0.25244
104.44 0.24986
102.22 0.24832
100.00 0.24682
97.78 0.24548
95.56 0.24359
93.33 0.24198
91.11 0.24028
88.89 0.23859
86.67 0.23666
84.44 0.23460
82.22 0.23253
80.00 0.23067
77.78 0.22904
75.56 0.22730
73.33 0.22526
71.11 0.22313
68.89 0.22108
66.67 0.21932
64.44 0.21760
62.22 0.21595
60.00 0.21384
57.78 0.21196
55.56 0.21014
53.33 0.20817
51.11 0.20602
48.89 0.20383
46.67 0.20162
44.44 0.19967
42.22 0.19758
40.00 0.19569
37.78 0.19378
35.56 0.19185
33.33 0.18998
31.11 0.18803
28.89 0.18606
26.67 0.18409
24.44 0.18207
22.22 0.17996
20.00 0.17775
17.78 0.17572
15.56 0.17361
13.33 0.17139
11.11 0.16910
8.89 0.16671
6.67 0.16427
4.44 0.16178
2.22 0.15922
0.00 0.15635
48.00 0.13962
47.19 0.14010
46.37 0.13963
45.56 0.13892
44.75 0.13791
43.93 0.13787
43.12 0.13653
42.31 0.13545
41.49 0.13467
40.68 0.13292
39.86 0.13182
39.05 0.13079
38.24 0.12954
37.42 0.12882
36.61 0.12814
35.80 0.12769
34.98 0.12682
34.17 0.12568
33.36 0.12472
32.54 0.12409
31.73 0.12347
30.92 0.12261
30.10 0.12183
29.29 0.12101
28.47 0.12016
27.66 0.11927
26.85 0.11843
26.03 0.11746
25.22 0.11631
24.41 0.11535
23.59 0.11439
22.78 0.11347
21.97 0.11260
21.15 0.11189
20.34 0.11130
19.53 0.11063
18.71 0.10990
17.90 0.10913
17.08 0.10841
16.27 0.10760
15.46 0.10681
14.64 0.10578
13.83 0.10475
13.02 0.10375
12.20 0.10277
11.39 0.10183
10.58 0.10085
9.76 0.09985
8.95 0.09888
8.14 0.09796
7.32 0.09700
6.51 0.09602
5.69 0.09501
4.88 0.09404
4.07 0.09298
3.25 0.09189
2.44 0.09076
1.63 0.08958
0.81 0.08833
0.00 0.08687
19.20 0.08072
18.90 0.07891
18.60 0.07850
18.30 0.07696
18.00 0.07658
17.70 0.07622
17.40 0.07577
17.10 0.07526
16.80 0.07506
16.50 0.07433
16.20 0.07428
15.90 0.07440
15.60 0.07431
15.30 0.07384
15.00 0.07354
14.70 0.07355
14.40 0.07306
14.10 0.07283
13.80 0.07283
13.50 0.07276
13.20 0.07254
12.90 0.07238
12.60 0.07216
12.30 0.07197
12.00 0.07169
11.70 0.07148
11.40 0.07130
11.10 0.07087
10.80 0.07047
10.50 0.06998
10.20 0.06949
9.90 0.06910
9.60 0.06875
9.30 0.06843
9.00 0.06816
8.70 0.06797
8.40 0.06776
8.10 0.06743
7.80 0.06710
7.50 0.06668
7.20 0.06633
6.90 0.06600
6.60 0.06568
6.30 0.06531
6.00 0.06493
5.70 0.06460
5.40 0.06423
5.10 0.06389
4.80 0.06353
4.50 0.06318
4.20 0.06280
3.90 0.06236
3.60 0.06189
3.30 0.06144
3.00 0.06096
2.70 0.06046
2.40 0.05995
2.10 0.05947
1.80 0.05893
1.50 0.05838
1.20 0.05783
0.90 0.05725
0.60 0.05664
0.30 0.05595
0.00 0.05510
7.68 0.06212
7.57 0.06053
7.46 0.06013
7.35 0.06071
7.23 0.06048
7.12 0.05996
7.01 0.05970
6.90 0.05894
6.79 0.05809
6.68 0.05737
6.57 0.05715
6.46 0.05675
6.34 0.05645
6.23 0.05615
6.12 0.05584
6.01 0.05538
5.90 0.05480
5.79 0.05436
5.68 0.05391
5.57 0.05349
5.45 0.05308
5.34 0.05260
5.23 0.05208
5.12 0.05170
5.01 0.05128
4.90 0.05092
4.79 0.05057
4.67 0.05017
4.56 0.04983
4.45 0.04945
4.34 0.04907
4.23 0.04867
4.12 0.04832
4.01 0.04796
3.90 0.04756
3.78 0.04720
3.67 0.04683
3.56 0.04651
3.45 0.04619
3.34 0.04586
3.23 0.04554
3.12 0.04525
3.01 0.04496
2.89 0.04467
2.78 0.04439
2.67 0.04409
2.56 0.04380
2.45 0.04351
2.34 0.04323
2.23 0.04292
2.11 0.04262
2.00 0.04233
1.89 0.04203
1.78 0.04171
1.67 0.04140
1.56 0.04109
1.45 0.04077
1.34 0.04042
1.22 0.04008
1.11 0.03976
1.00 0.03941
0.89 0.03905
0.78 0.03868
0.67 0.03830
0.56 0.03793
0.45 0.03753
0.33 0.03713
0.22 0.03671
0.11 0.03627
0.00 0.03576
3.07 0.03240
3.03 0.03147
2.99 0.03098
2.95 0.03067
2.91 0.03056
2.86 0.03049
2.82 0.03058
2.78 0.03061
2.74 0.03060
2.70 0.03068
2.66 0.03071
2.62 0.03055
2.57 0.03041
2.53 0.03038
2.49 0.03031
2.45 0.03019
2.41 0.03002
2.37 0.02987
2.32 0.02970
2.28 0.02950
2.24 0.02940
2.20 0.02929
2.16 0.02912
2.12 0.02896
2.08 0.02886
2.03 0.02875
1.99 0.02859
1.95 0.02843
1.91 0.02828
1.87 0.02814
1.83 0.02798
1.79 0.02785
1.74 0.02772
1.70 0.02760
1.66 0.02746
1.62 0.02736
1.58 0.02725
1.54 0.02713
1.49 0.02701
1.45 0.02690
1.41 0.02682
1.37 0.02672
1.33 0.02662
1.29 0.02655
1.25 0.02644
1.20 0.02635
1.16 0.02626
1.12 0.02619
1.08 0.02611
1.04 0.02601
1.00 0.02589
0.95 0.02578
0.91 0.02566
0.87 0.02554
0.83 0.02542
0.79 0.02530
0.75 0.02516
0.71 0.02502
0.66 0.02490
0.62 0.02475
0.58 0.02462
0.54 0.02446
0.50 0.02431
0.46 0.02415
0.42 0.02399
0.37 0.02382
0.33 0.02365
0.29 0.02347
0.25 0.02327
0.21 0.02306
0.17 0.02285
0.12 0.02263
0.08 0.02240
0.04 0.02215
0.00 0.02186
1.23 0.02208
1.21 0.02220
1.20 0.02228
1.18 0.02229
1.17 0.02203
1.15 0.02194
1.14 0.02190
1.12 0.02181
1.10 0.02171
1.09 0.02164
1.07 0.02151
1.06 0.02133
1.04 0.02122
1.03 0.02114
1.01 0.02107
1.00 0.02093
0.98 0.02080
0.96 0.02076
0.95 0.02068
0.93 0.02060
0.92 0.02049
0.90 0.02041
0.89 0.02033
0.87 0.02025
0.86 0.02013
0.84 0.02003
0.82 0.01992
0.81 0.01986
0.79 0.01973
0.78 0.01964
0.76 0.01952
0.75 0.01944
0.73 0.01934
0.72 0.01922
0.70 0.01911
0.68 0.01903
0.67 0.01894
0.65 0.01885
0.64 0.01876
0.62 0.01867
0.61 0.01858
0.59 0.01850
0.58 0.01841
0.56 0.01832
0.54 0.01824
0.53 0.01815
0.51 0.01804
0.50 0.01794
0.48 0.01787
0.47 0.01776
0.45 0.01765
0.44 0.01755
0.42 0.01745
0.40 0.01735
0.39 0.01726
0.37 0.01717
0.36 0.01707
0.34 0.01695
0.33 0.01686
0.31 0.01675
0.30 0.01665
0.28 0.01654
0.26 0.01643
0.25 0.01633
0.23 0.01622
0.22 0.01611
0.20 0.01600
0.19 0.01588
0.17 0.01576
0.16 0.01564
0.14 0.01552
0.12 0.01540
0.11 0.01527
0.09 0.01513
0.08 0.01500
0.06 0.01486
0.05 0.01472
0.03 0.01457
0.02 0.01442
0.00 0.01424
0.49 0.01369
0.49 0.01344
0.48 0.01338
0.47 0.01321
0.47 0.01319
0.46 0.01307
0.46 0.01302
0.45 0.01304
0.44 0.01294
0.44 0.01287
0.43 0.01279
0.43 0.01277
0.42 0.01272
0.42 0.01266
0.41 0.01260
0.40 0.01255
0.40 0.01247
0.39 0.01242
0.39 0.01238
0.38 0.01235
0.37 0.01229
0.37 0.01227
0.36 0.01222
0.36 0.01217
0.35 0.01214
0.35 0.01210
0.34 0.01208
0.33 0.01204
0.33 0.01200
0.32 0.01196
0.32 0.01191
0.31 0.01188
0.30 0.01184
0.30 0.01181
0.29 0.01176
0.29 0.01172
0.28 0.01168
0.28 0.01166
0.27 0.01163
0.26 0.01158
0.26 0.01153
0.25 0.01150
0.25 0.01146
0.24 0.01142
0.23 0.01137
0.23 0.01132
0.22 0.01128
0.22 0.01123
0.21 0.01118
0.20 0.01112
0.20 0.01107
0.19 0.01102
0.19 0.01097
0.18 0.01092
0.18 0.01088
0.17 0.01083
0.16 0.01078
0.16 0.01073
0.15 0.01068
0.15 0.01063
0.14 0.01057
0.13 0.01051
0.13 0.01046
0.12 0.01040
0.12 0.01035
0.11 0.01030
0.11 0.01023
0.10 0.01017
0.09 0.01010
0.09 0.01004
0.08 0.00997
0.08 0.00990
0.07 0.00984
0.06 0.00977
0.06 0.00971
0.05 0.00964
0.05 0.00956
0.04 0.00949
0.04 0.00942
0.03 0.00934
0.02 0.00926
0.02 0.00918
0.01 0.00909
0.01 0.00900
0.00 0.00890
0.20 0.00913
0.19 0.00886
0.19 0.00880
0.19 0.00865
0.19 0.00861
0.19 0.00849
0.18 0.00849
0.18 0.00848
0.18 0.00844
0.18 0.00839
0.17 0.00833
0.17 0.00827
0.17 0.00824
0.17 0.00821
0.17 0.00818
0.16 0.00818
0.16 0.00815
0.16 0.00813
0.16 0.00808
0.15 0.00805
0.15 0.00801
0.15 0.00797
0.15 0.00794
0.15 0.00791
0.14 0.00787
0.14 0.00785
0.14 0.00781
0.14 0.00779
0.13 0.00775
0.13 0.00771
0.13 0.00769
0.13 0.00766
0.13 0.00762
0.12 0.00759
0.12 0.00756
0.12 0.00754
0.12 0.00751
0.11 0.00747
0.11 0.00744
0.11 0.00741
0.11 0.00739
0.11 0.00736
0.10 0.00734
0.10 0.00730
0.10 0.00727
0.10 0.00724
0.09 0.00720
0.09 0.00717
0.09 0.00715
0.09 0.00712
0.09 0.00709
0.08 0.00706
0.08 0.00703
0.08 0.00699
0.08 0.00696
0.08 0.00693
0.07 0.00689
0.07 0.00686
0.07 0.00682
0.07 0.00679
0.06 0.00676
0.06 0.00674
0.06 0.00670
0.06 0.00667
0.06 0.00664
0.05 0.00660
0.05 0.00657
0.05 0.00653
0.05 0.00650
0.04 0.00647
0.04 0.00643
0.04 0.00640
0.04 0.00637
0.04 0.00633
0.03 0.00629
0.03 0.00625
0.03 0.00621
0.03 0.00617
0.02 0.00613
0.02 0.00609
0.02 0.00604
0.02 0.00600
0.02 0.00596
0.01 0.00591
0.01 0.00587
0.01 0.00582
0.01 0.00577
0.00 0.00572
0.00 0.00567
0.00 0.00561
0.08 0.00541
0.08 0.00530
0.08 0.00517
0.08 0.00515
0.08 0.00511
0.07 0.00513
0.07 0.00515
0.07 0.00515
0.07 0.00514
0.07 0.00514
0.07 0.00512
0.07 0.00511
0.07 0.00508
0.07 0.00509
0.07 0.00510
0.07 0.00509
0.07 0.00510
0.06 0.00508
0.06 0.00507
0.06 0.00507
0.06 0.00504
0.06 0.00503
0.06 0.00500
0.06 0.00498
0.06 0.00496
0.06 0.00495
0.06 0.00492
0.06 0.00489
0.06 0.00486
0.05 0.00484
0.05 0.00482
0.05 0.00481
0.05 0.00478
0.05 0.00476
0.05 0.00475
0.05 0.00473
0.05 0.00472
0.05 0.00470
0.05 0.00469
0.05 0.00468
0.05 0.00467
0.04 0.00465
0.04 0.00464
0.04 0.00463
0.04 0.00461
0.04 0.00459
0.04 0.00457
0.04 0.00456
0.04 0.00454
0.04 0.00452
0.04 0.00450
0.04 0.00448
0.04 0.00447
0.03 0.00445
0.03 0.00443
0.03 0.00440
0.03 0.00439
0.03 0.00437
0.03 0.00435
0.03 0.00433
0.03 0.00432
0.03 0.00430
0.03 0.00427
0.03 0.00426
0.03 0.00424
0.02 0.00421
0.02 0.00420
0.02 0.00418
0.02 0.00416
0.02 0.00414
0.02 0.00412
0.02 0.00410
0.02 0.00408
0.02 0.00405
0.02 0.00404
0.02 0.00401
0.02 0.00399
0.01 0.00397
0.01 0.00394
0.01 0.00392
0.01 0.00390
0.01 0.00388
0.01 0.00385
0.01 0.00383
0.01 0.00380
0.01 0.00378
0.01 0.00375
0.01 0.00373
0.01 0.00370
0.00 0.00367
0.00 0.00364
0.00 0.00361
0.00 0.00358
0.00 0.00355
0.00 0.00351
0.00 0.01271
0.00 0.00864
0.00 0.00697
0.00 0.00588
0.00 0.00531
0.00 0.00487
0.00 0.00454
0.00 0.00431
0.00 0.00407
0.00 0.00388
0.00 0.00370
0.00 0.00360
0.00 0.00342
0.00 0.00329
0.00 0.00317
0.00 0.00308
0.00 0.00300
0.00 0.00291
0.00 0.00281
0.00 0.00272
0.00 0.00262
0.00 0.00252
0.00 0.00248
0.00 0.00242
0.00 0.00234
0.00 0.00230
0.00 0.00227
0.00 0.00223
0.00 0.00220
0.00 0.00215
0.00 0.00210
0.00 0.00207
0.00 0.00206
0.00 0.00204
0.00 0.00201
0.00 0.00198
0.00 0.00194
0.00 0.00190
0.00 0.00187
0.00 0.00186
0.00 0.00185
0.00 0.00182
0.00 0.00179
0.00 0.00177
0.00 0.00175
0.00 0.00173
0.00 0.00171
0.00 0.00170
0.00 0.00168
0.00 0.00166
0.00 0.00165
0.00 0.00164
0.00 0.00162
0.00 0.00160
0.00 0.00158
0.00 0.00157
0.00 0.00156
0.00 0.00155
0.00 0.00153
0.00 0.00152
0.00 0.00150
0.00 0.00149
0.00 0.00148
0.00 0.00146
0.00 0.00145
0.00 0.00143
0.00 0.00142
0.00 0.00141
0.00 0.00140
0.00 0.00139
0.00 0.00137
0.00 0.00136
0.00 0.00135
0.00 0.00134
0.00 0.00134
0.00 0.00133
0.00 0.00132
0.00 0.00131
0.00 0.00130
0.00 0.00130
0.00 0.00129
0.00 0.00128
0.00 0.00127
0.00 0.00127
0.00 0.00126
0.00 0.00126
0.00 0.00125
0.00 0.00125
0.00 0.00124
0.00 0.00123
0.00 0.00122
0.00 0.00121
0.00 0.00121
0.00 0.00120
0.00 0.00119
0.00 0.00119
0.00 0.00118
0.00 0.00118
0.00 0.00118
0.00 0.00117
