150.00 0.92900
133.33 0.91660
116.67 0.92230
100.00 0.91454
83.33 0.87759
66.67 0.84437
50.00 0.80838
33.33 0.76879
16.67 0.72193
0.00 0.64991
120.00 0.88770
106.67 0.88313
93.33 0.87350
80.00 0.84409
66.67 0.81094
53.33 0.77739
40.00 0.74273
26.67 0.70583
13.33 0.66108
0.00 0.59513
96.00 0.84510
85.33 0.83152
74.67 0.81032
64.00 0.77185
53.33 0.73982
42.67 0.70888
32.00 0.67759
21.33 0.64104
10.67 0.59651
0.00 0.53695
76.80 0.69480
68.27 0.67758
59.73 0.65600
51.20 0.64030
42.67 0.62059
34.13 0.59971
25.60 0.57494
17.07 0.54427
8.53 0.50520
0.00 0.45478
