25.00 0.12550
22.22 0.10975
19.44 0.10325
16.67 0.09821
13.89 0.09466
11.11 0.09030
8.33 0.08560
5.56 0.08073
2.78 0.07539
0.00 0.06823
20.00 0.09690
17.78 0.09442
15.56 0.08962
13.33 0.08309
11.11 0.07875
8.89 0.07418
6.67 0.07023
4.44 0.06571
2.22 0.06094
0.00 0.05502
16.00 0.07800
14.22 0.07412
12.44 0.06975
10.67 0.06709
8.89 0.06432
7.11 0.06182
5.33 0.05913
3.56 0.05589
1.78 0.05238
0.00 0.04739
12.80 0.07300
11.38 0.06900
9.96 0.06428
8.53 0.06190
7.11 0.05956
5.69 0.05705
4.27 0.05400
2.84 0.05103
1.42 0.04759
0.00 0.04306
