150.00 0.91810
133.33 0.91900
116.67 0.90560
100.00 0.89894
83.33 0.87618
66.67 0.85433
50.00 0.82521
33.33 0.79164
16.67 0.74968
0.00 0.67482
120.00 0.88170
106.67 0.88362
93.33 0.86992
80.00 0.85630
66.67 0.83544
53.33 0.80722
40.00 0.77757
26.67 0.74429
13.33 0.70138
0.00 0.63131
96.00 0.83820
85.33 0.83883
74.67 0.84108
64.00 0.81827
53.33 0.78732
42.67 0.76262
32.00 0.73163
21.33 0.69930
10.67 0.65707
0.00 0.59144
76.80 0.78205
68.27 0.78640
59.73 0.77075
51.20 0.74714
42.67 0.71885
34.13 0.69373
25.60 0.66774
17.07 0.63679
8.53 0.59716
0.00 0.53751
