300.00 0.49241
293.88 0.49029
287.76 0.47639
281.63 0.46905
275.51 0.46070
269.39 0.45621
263.27 0.45081
257.14 0.44582
251.02 0.44210
244.90 0.43817
238.78 0.43482
232.65 0.43066
226.53 0.42715
220.41 0.42374
214.29 0.42033
208.16 0.41705
202.04 0.41376
195.92 0.41036
189.80 0.40697
183.67 0.40372
177.55 0.40031
171.43 0.39709
165.31 0.39368
159.18 0.39011
153.06 0.38655
146.94 0.38323
140.82 0.37980
134.69 0.37646
128.57 0.37294
122.45 0.36913
116.33 0.36541
110.20 0.36166
104.08 0.35784
97.96 0.35399
91.84 0.35012
85.71 0.34605
79.59 0.34220
73.47 0.33819
67.35 0.33421
61.22 0.32985
55.10 0.32551
48.98 0.32123
42.86 0.31689
36.73 0.31235
30.61 0.30767
24.49 0.30296
18.37 0.29804
12.24 0.29306
6.12 0.28789
0.00 0.28216
120.00 0.25333
117.78 0.25659
115.56 0.25533
113.33 0.25487
111.11 0.25404
108.89 0.25309
106.67 0.25100
104.44 0.24922
102.22 0.24786
100.00 0.24644
97.78 0.24491
95.56 0.24327
93.33 0.24163
91.11 0.23973
88.89 0.23798
86.67 0.23647
84.44 0.23467
82.22 0.23330
80.00 0.23152
77.78 0.22992
75.56 0.22812
73.33 0.22646
71.11 0.22450
68.89 0.22250
66.67 0.22053
64.44 0.21873
62.22 0.21671
60.00 0.21477
57.78 0.21272
55.56 0.21060
53.33 0.20856
51.11 0.20654
48.89 0.20448
46.67 0.20268
44.44 0.20062
42.22 0.19852
40.00 0.19641
37.78 0.19435
35.56 0.19246
33.33 0.19052
31.11 0.18844
28.89 0.18659
26.67 0.18456
24.44 0.18249
22.22 0.18024
20.00 0.17804
17.78 0.17579
15.56 0.17363
13.33 0.17138
11.11 0.16906
8.89 0.16671
6.67 0.16426
4.44 0.16178
2.22 0.15922
0.00 0.15634
48.00 0.14236
47.19 0.14146
46.37 0.14019
45.56 0.13971
44.75 0.13905
43.93 0.13867
43.12 0.13730
42.31 0.13681
41.49 0.13582
40.68 0.13599
39.86 0.13568
39.05 0.13482
38.24 0.13375
37.42 0.13280
36.61 0.13137
35.80 0.13006
34.98 0.12898
34.17 0.12823
33.36 0.12739
32.54 0.12603
31.73 0.12475
30.92 0.12384
30.10 0.12298
29.29 0.12198
28.47 0.12083
27.66 0.11985
26.85 0.11907
26.03 0.11829
25.22 0.11762
24.41 0.11678
23.59 0.11580
22.78 0.11503
21.97 0.11429
21.15 0.11351
20.34 0.11266
19.53 0.11192
18.71 0.11111
17.90 0.11014
17.08 0.10937
16.27 0.10835
15.46 0.10727
14.64 0.10637
13.83 0.10543
13.02 0.10453
12.20 0.10372
11.39 0.10286
10.58 0.10187
9.76 0.10096
8.95 0.09995
8.14 0.09893
7.32 0.09780
6.51 0.09666
5.69 0.09553
4.88 0.09441
4.07 0.09324
3.25 0.09211
2.44 0.09094
1.63 0.08972
0.81 0.08845
0.00 0.08699
19.20 0.07763
18.90 0.07870
18.60 0.07835
18.30 0.07809
18.00 0.07735
17.70 0.07795
17.40 0.07825
17.10 0.07777
16.80 0.07630
16.50 0.07596
16.20 0.07607
15.90 0.07581
15.60 0.07535
15.30 0.07568
15.00 0.07586
14.70 0.07619
14.40 0.07611
14.10 0.07543
13.80 0.07471
13.50 0.07418
13.20 0.07366
12.90 0.07316
12.60 0.07263
12.30 0.07209
12.00 0.07159
11.70 0.07103
11.40 0.07051
11.10 0.06989
10.80 0.06918
10.50 0.06854
10.20 0.06799
9.90 0.06744
9.60 0.06688
9.30 0.06637
9.00 0.06594
8.70 0.06557
8.40 0.06509
8.10 0.06458
7.80 0.06412
7.50 0.06369
7.20 0.06325
6.90 0.06276
6.60 0.06224
6.30 0.06180
6.00 0.06136
5.70 0.06087
5.40 0.06037
5.10 0.05985
4.80 0.05937
4.50 0.05886
4.20 0.05838
3.90 0.05789
3.60 0.05737
3.30 0.05686
3.00 0.05632
2.70 0.05578
2.40 0.05523
2.10 0.05465
1.80 0.05407
1.50 0.05348
1.20 0.05287
0.90 0.05225
0.60 0.05160
0.30 0.05093
0.00 0.05015
7.68 0.04318
7.57 0.04392
7.46 0.04395
7.35 0.04400
7.23 0.04373
7.12 0.04362
7.01 0.04357
6.90 0.04334
6.79 0.04315
6.68 0.04345
6.57 0.04343
6.46 0.04331
6.34 0.04311
6.23 0.04278
6.12 0.04236
6.01 0.04212
5.90 0.04195
5.79 0.04168
5.68 0.04139
5.57 0.04123
5.45 0.04114
5.34 0.04111
5.23 0.04095
5.12 0.04073
5.01 0.04052
4.90 0.04030
4.79 0.04006
4.67 0.03992
4.56 0.03980
4.45 0.03976
4.34 0.03964
4.23 0.03950
4.12 0.03939
4.01 0.03928
3.90 0.03914
3.78 0.03896
3.67 0.03877
3.56 0.03862
3.45 0.03844
3.34 0.03825
3.23 0.03812
3.12 0.03795
3.01 0.03773
2.89 0.03748
2.78 0.03726
2.67 0.03704
2.56 0.03681
2.45 0.03657
2.34 0.03633
2.23 0.03612
2.11 0.03587
2.00 0.03561
1.89 0.03535
1.78 0.03511
1.67 0.03487
1.56 0.03464
1.45 0.03439
1.34 0.03415
1.22 0.03390
1.11 0.03366
1.00 0.03339
0.89 0.03310
0.78 0.03282
0.67 0.03251
0.56 0.03220
0.45 0.03188
0.33 0.03154
0.22 0.03119
0.11 0.03082
0.00 0.03039
3.07 0.02912
3.03 0.02838
2.99 0.02866
2.95 0.02878
2.91 0.02854
2.86 0.02843
2.82 0.02862
2.78 0.02841
2.74 0.02834
2.70 0.02816
2.66 0.02805
2.62 0.02802
2.57 0.02803
2.53 0.02805
2.49 0.02815
2.45 0.02824
2.41 0.02829
2.37 0.02837
2.32 0.02843
2.28 0.02843
2.24 0.02839
2.20 0.02831
2.16 0.02812
2.12 0.02805
2.08 0.02794
2.03 0.02789
1.99 0.02782
1.95 0.02773
1.91 0.02763
1.87 0.02752
1.83 0.02746
1.79 0.02737
1.74 0.02730
1.70 0.02723
1.66 0.02714
1.62 0.02706
1.58 0.02692
1.54 0.02681
1.49 0.02672
1.45 0.02661
1.41 0.02649
1.37 0.02637
1.33 0.02622
1.29 0.02609
1.25 0.02597
1.20 0.02583
1.16 0.02570
1.12 0.02556
1.08 0.02542
1.04 0.02527
1.00 0.02512
0.95 0.02498
0.91 0.02484
0.87 0.02469
0.83 0.02454
0.79 0.02438
0.75 0.02422
0.71 0.02406
0.66 0.02390
0.62 0.02374
0.58 0.02357
0.54 0.02340
0.50 0.02323
0.46 0.02306
0.42 0.02288
0.37 0.02271
0.33 0.02254
0.29 0.02235
0.25 0.02216
0.21 0.02196
0.17 0.02175
0.12 0.02152
0.08 0.02130
0.04 0.02106
0.00 0.02078
1.23 0.01975
1.21 0.02020
1.20 0.02015
1.18 0.01995
1.17 0.01974
1.15 0.01981
1.14 0.01976
1.12 0.01960
1.10 0.01952
1.09 0.01935
1.07 0.01913
1.06 0.01894
1.04 0.01876
1.03 0.01859
1.01 0.01846
1.00 0.01834
0.98 0.01822
0.96 0.01807
0.95 0.01794
0.93 0.01783
0.92 0.01771
0.90 0.01762
0.89 0.01752
0.87 0.01742
0.86 0.01734
0.84 0.01725
0.82 0.01719
0.81 0.01712
0.79 0.01705
0.78 0.01701
0.76 0.01696
0.75 0.01689
0.73 0.01684
0.72 0.01676
0.70 0.01672
0.68 0.01665
0.67 0.01658
0.65 0.01652
0.64 0.01646
0.62 0.01638
0.61 0.01632
0.59 0.01625
0.58 0.01618
0.56 0.01610
0.54 0.01605
0.53 0.01598
0.51 0.01590
0.50 0.01584
0.48 0.01577
0.47 0.01569
0.45 0.01560
0.44 0.01550
0.42 0.01542
0.40 0.01533
0.39 0.01525
0.37 0.01518
0.36 0.01510
0.34 0.01502
0.33 0.01492
0.31 0.01483
0.30 0.01474
0.28 0.01464
0.26 0.01454
0.25 0.01445
0.23 0.01436
0.22 0.01426
0.20 0.01417
0.19 0.01406
0.17 0.01396
0.16 0.01386
0.14 0.01376
0.12 0.01366
0.11 0.01355
0.09 0.01343
0.08 0.01332
0.06 0.01320
0.05 0.01308
0.03 0.01294
0.02 0.01281
0.00 0.01266
0.49 0.01269
0.49 0.01252
0.48 0.01229
0.47 0.01215
0.47 0.01193
0.46 0.01194
0.46 0.01195
0.45 0.01194
0.44 0.01186
0.44 0.01181
0.43 0.01181
0.43 0.01173
0.42 0.01167
0.42 0.01158
0.41 0.01158
0.40 0.01156
0.40 0.01153
0.39 0.01146
0.39 0.01138
0.38 0.01135
0.37 0.01132
0.37 0.01130
0.36 0.01127
0.36 0.01125
0.35 0.01122
0.35 0.01119
0.34 0.01114
0.33 0.01108
0.33 0.01104
0.32 0.01101
0.32 0.01095
0.31 0.01090
0.30 0.01086
0.30 0.01081
0.29 0.01076
0.29 0.01071
0.28 0.01067
0.28 0.01061
0.27 0.01055
0.26 0.01050
0.26 0.01046
0.25 0.01042
0.25 0.01038
0.24 0.01032
0.23 0.01027
0.23 0.01022
0.22 0.01017
0.22 0.01013
0.21 0.01007
0.20 0.01002
0.20 0.00997
0.19 0.00994
0.19 0.00989
0.18 0.00985
0.18 0.00980
0.17 0.00976
0.16 0.00971
0.16 0.00966
0.15 0.00961
0.15 0.00957
0.14 0.00952
0.13 0.00947
0.13 0.00942
0.12 0.00937
0.12 0.00931
0.11 0.00927
0.11 0.00922
0.10 0.00916
0.09 0.00911
0.09 0.00905
0.08 0.00899
0.08 0.00894
0.07 0.00888
0.06 0.00882
0.06 0.00875
0.05 0.00869
0.05 0.00863
0.04 0.00856
0.04 0.00849
0.03 0.00842
0.02 0.00835
0.02 0.00828
0.01 0.00820
0.01 0.00812
0.00 0.00803
0.20 0.00772
0.19 0.00782
0.19 0.00763
0.19 0.00766
0.19 0.00757
0.19 0.00756
0.18 0.00753
0.18 0.00754
0.18 0.00747
0.18 0.00737
0.17 0.00735
0.17 0.00734
0.17 0.00731
0.17 0.00732
0.17 0.00732
0.16 0.00728
0.16 0.00726
0.16 0.00722
0.16 0.00717
0.15 0.00714
0.15 0.00712
0.15 0.00711
0.15 0.00708
0.15 0.00706
0.14 0.00705
0.14 0.00702
0.14 0.00700
0.14 0.00697
0.13 0.00693
0.13 0.00690
0.13 0.00688
0.13 0.00685
0.13 0.00682
0.12 0.00680
0.12 0.00677
0.12 0.00675
0.12 0.00672
0.11 0.00670
0.11 0.00668
0.11 0.00665
0.11 0.00662
0.11 0.00660
0.10 0.00657
0.10 0.00656
0.10 0.00653
0.10 0.00649
0.09 0.00647
0.09 0.00645
0.09 0.00642
0.09 0.00639
0.09 0.00637
0.08 0.00634
0.08 0.00632
0.08 0.00629
0.08 0.00627
0.08 0.00624
0.07 0.00622
0.07 0.00619
0.07 0.00616
0.07 0.00614
0.06 0.00611
0.06 0.00608
0.06 0.00606
0.06 0.00602
0.06 0.00599
0.05 0.00597
0.05 0.00593
0.05 0.00590
0.05 0.00586
0.04 0.00583
0.04 0.00580
0.04 0.00576
0.04 0.00573
0.04 0.00569
0.03 0.00566
0.03 0.00563
0.03 0.00559
0.03 0.00556
0.02 0.00552
0.02 0.00548
0.02 0.00544
0.02 0.00540
0.02 0.00537
0.01 0.00533
0.01 0.00529
0.01 0.00524
0.01 0.00520
0.00 0.00515
0.00 0.00510
0.00 0.00505
0.08 0.00465
0.08 0.00474
0.08 0.00473
0.08 0.00467
0.08 0.00473
0.07 0.00470
0.07 0.00474
0.07 0.00471
0.07 0.00470
0.07 0.00469
0.07 0.00467
0.07 0.00468
0.07 0.00468
0.07 0.00466
0.07 0.00465
0.07 0.00461
0.07 0.00461
0.06 0.00460
0.06 0.00458
0.06 0.00458
0.06 0.00459
0.06 0.00458
0.06 0.00456
0.06 0.00455
0.06 0.00455
0.06 0.00455
0.06 0.00452
0.06 0.00450
0.06 0.00449
0.05 0.00448
0.05 0.00445
0.05 0.00443
0.05 0.00442
0.05 0.00440
0.05 0.00438
0.05 0.00437
0.05 0.00435
0.05 0.00433
0.05 0.00431
0.05 0.00430
0.05 0.00428
0.04 0.00427
0.04 0.00426
0.04 0.00423
0.04 0.00421
0.04 0.00419
0.04 0.00418
0.04 0.00417
0.04 0.00415
0.04 0.00414
0.04 0.00412
0.04 0.00411
0.04 0.00409
0.03 0.00407
0.03 0.00405
0.03 0.00404
0.03 0.00402
0.03 0.00401
0.03 0.00399
0.03 0.00397
0.03 0.00395
0.03 0.00393
0.03 0.00391
0.03 0.00389
0.03 0.00387
0.02 0.00386
0.02 0.00384
0.02 0.00383
0.02 0.00381
0.02 0.00379
0.02 0.00377
0.02 0.00376
0.02 0.00374
0.02 0.00372
0.02 0.00370
0.02 0.00367
0.02 0.00365
0.01 0.00364
0.01 0.00361
0.01 0.00359
0.01 0.00357
0.01 0.00355
0.01 0.00353
0.01 0.00351
0.01 0.00348
0.01 0.00346
0.01 0.00343
0.01 0.00341
0.01 0.00338
0.00 0.00336
0.00 0.00333
0.00 0.00330
0.00 0.00327
0.00 0.00325
0.00 0.00321
0.00 0.00932
0.00 0.00688
0.00 0.00511
0.00 0.00467
0.00 0.00419
0.00 0.00381
0.00 0.00346
0.00 0.00319
0.00 0.00303
0.00 0.00284
0.00 0.00270
0.00 0.00255
0.00 0.00239
0.00 0.00226
0.00 0.00216
0.00 0.00209
0.00 0.00204
0.00 0.00201
0.00 0.00195
0.00 0.00188
0.00 0.00182
0.00 0.00178
0.00 0.00174
0.00 0.00167
0.00 0.00164
0.00 0.00160
0.00 0.00155
0.00 0.00150
0.00 0.00145
0.00 0.00141
0.00 0.00137
0.00 0.00133
0.00 0.00129
0.00 0.00126
0.00 0.00123
0.00 0.00120
0.00 0.00118
0.00 0.00116
0.00 0.00114
0.00 0.00112
0.00 0.00109
0.00 0.00108
0.00 0.00107
0.00 0.00107
0.00 0.00105
0.00 0.00103
0.00 0.00102
0.00 0.00101
0.00 0.00100
0.00 0.00099
0.00 0.00098
0.00 0.00097
0.00 0.00096
0.00 0.00095
0.00 0.00094
0.00 0.00093
0.00 0.00092
0.00 0.00091
0.00 0.00089
0.00 0.00088
0.00 0.00088
0.00 0.00087
0.00 0.00086
0.00 0.00085
0.00 0.00084
0.00 0.00084
0.00 0.00083
0.00 0.00082
0.00 0.00081
0.00 0.00080
0.00 0.00080
0.00 0.00079
0.00 0.00078
0.00 0.00078
0.00 0.00077
0.00 0.00076
0.00 0.00075
0.00 0.00075
0.00 0.00074
0.00 0.00074
0.00 0.00073
0.00 0.00073
0.00 0.00072
0.00 0.00072
0.00 0.00071
0.00 0.00072
0.00 0.00071
0.00 0.00071
0.00 0.00070
0.00 0.00069
0.00 0.00069
0.00 0.00068
0.00 0.00068
0.00 0.00068
0.00 0.00067
0.00 0.00067
0.00 0.00066
0.00 0.00065
0.00 0.00065
0.00 0.00065
