150.00 0.94760
133.33 0.94703
116.67 0.94652
100.00 0.94321
83.33 0.94335
66.67 0.94128
50.00 0.93550
33.33 0.92643
16.67 0.90450
0.00 0.81411
120.00 0.93930
106.67 0.94125
93.33 0.93922
80.00 0.94130
66.67 0.93862
53.33 0.93437
40.00 0.92525
26.67 0.91524
13.33 0.88764
0.00 0.79894
96.00 0.94325
85.33 0.93895
74.67 0.93777
64.00 0.93378
53.33 0.92766
42.67 0.92445
32.00 0.91253
21.33 0.89111
10.67 0.86211
0.00 0.77595
76.80 0.93470
68.27 0.93447
59.73 0.92817
51.20 0.92460
42.67 0.91802
34.13 0.90712
25.60 0.89246
17.07 0.86979
8.53 0.83884
0.00 0.75499
