300.00 0.52010
293.88 0.49392
287.76 0.47949
281.63 0.46707
275.51 0.45956
269.39 0.45343
263.27 0.44894
257.14 0.44413
251.02 0.44032
244.90 0.43730
238.78 0.43323
232.65 0.43015
226.53 0.42702
220.41 0.42350
214.29 0.41999
208.16 0.41634
202.04 0.41301
195.92 0.40968
189.80 0.40625
183.67 0.40281
177.55 0.39962
171.43 0.39616
165.31 0.39301
159.18 0.38983
153.06 0.38654
146.94 0.38306
140.82 0.37947
134.69 0.37579
128.57 0.37224
122.45 0.36854
116.33 0.36490
110.20 0.36101
104.08 0.35706
97.96 0.35295
91.84 0.34884
85.71 0.34477
79.59 0.34073
73.47 0.33656
67.35 0.33244
61.22 0.32816
55.10 0.32371
48.98 0.31924
42.86 0.31461
36.73 0.31003
30.61 0.30538
24.49 0.30066
18.37 0.29584
12.24 0.29092
6.12 0.28582
0.00 0.28016
120.00 0.25631
117.78 0.25460
115.56 0.25600
113.33 0.25541
111.11 0.25327
108.89 0.25089
106.67 0.24972
104.44 0.24812
102.22 0.24564
100.00 0.24433
97.78 0.24300
95.56 0.24106
93.33 0.23940
91.11 0.23743
88.89 0.23566
86.67 0.23437
84.44 0.23263
82.22 0.23079
80.00 0.22894
77.78 0.22693
75.56 0.22492
73.33 0.22309
71.11 0.22112
68.89 0.21944
66.67 0.21771
64.44 0.21585
62.22 0.21370
60.00 0.21168
57.78 0.20951
55.56 0.20764
53.33 0.20570
51.11 0.20379
48.89 0.20168
46.67 0.19965
44.44 0.19760
42.22 0.19552
40.00 0.19350
37.78 0.19148
35.56 0.18936
33.33 0.18725
31.11 0.18525
28.89 0.18316
26.67 0.18097
24.44 0.17877
22.22 0.17659
20.00 0.17433
17.78 0.17207
15.56 0.16983
13.33 0.16758
11.11 0.16528
8.89 0.16297
6.67 0.16059
4.44 0.15817
2.22 0.15567
0.00 0.15286
48.00 0.13456
47.19 0.13359
46.37 0.13518
45.56 0.13560
44.75 0.13453
43.93 0.13425
43.12 0.13419
42.31 0.13340
41.49 0.13342
40.68 0.13299
39.86 0.13270
39.05 0.13182
38.24 0.13086
37.42 0.12990
36.61 0.12909
35.80 0.12859
34.98 0.12765
34.17 0.12665
33.36 0.12576
32.54 0.12481
31.73 0.12385
30.92 0.12307
30.10 0.12218
29.29 0.12144
28.47 0.12077
27.66 0.11998
26.85 0.11926
26.03 0.11859
25.22 0.11775
24.41 0.11694
23.59 0.11603
22.78 0.11522
21.97 0.11441
21.15 0.11369
20.34 0.11278
19.53 0.11207
18.71 0.11117
17.90 0.11033
17.08 0.10944
16.27 0.10848
15.46 0.10752
14.64 0.10658
13.83 0.10560
13.02 0.10464
12.20 0.10372
11.39 0.10275
10.58 0.10177
9.76 0.10078
8.95 0.09981
8.14 0.09878
7.32 0.09778
6.51 0.09675
5.69 0.09570
4.88 0.09464
4.07 0.09355
3.25 0.09246
2.44 0.09131
1.63 0.09012
0.81 0.08886
0.00 0.08740
19.20 0.07910
18.90 0.07971
18.60 0.07840
18.30 0.07711
18.00 0.07618
17.70 0.07560
17.40 0.07518
17.10 0.07527
16.80 0.07532
16.50 0.07506
16.20 0.07461
15.90 0.07437
15.60 0.07404
15.30 0.07385
15.00 0.07353
14.70 0.07322
14.40 0.07297
14.10 0.07264
13.80 0.07231
13.50 0.07200
13.20 0.07166
12.90 0.07123
12.60 0.07084
12.30 0.07047
12.00 0.07014
11.70 0.06968
11.40 0.06923
11.10 0.06879
10.80 0.06833
10.50 0.06786
10.20 0.06744
9.90 0.06703
9.60 0.06667
9.30 0.06622
9.00 0.06578
8.70 0.06538
8.40 0.06492
8.10 0.06447
7.80 0.06403
7.50 0.06358
7.20 0.06314
6.90 0.06269
6.60 0.06221
6.30 0.06179
6.00 0.06137
5.70 0.06097
5.40 0.06052
5.10 0.06007
4.80 0.05965
4.50 0.05919
4.20 0.05874
3.90 0.05827
3.60 0.05778
3.30 0.05731
3.00 0.05682
2.70 0.05630
2.40 0.05580
2.10 0.05525
1.80 0.05469
1.50 0.05414
1.20 0.05355
0.90 0.05295
0.60 0.05232
0.30 0.05165
0.00 0.05088
7.68 0.04760
7.57 0.04888
7.46 0.04875
7.35 0.04877
7.23 0.04871
7.12 0.04862
7.01 0.04858
6.90 0.04838
6.79 0.04812
6.68 0.04778
6.57 0.04753
6.46 0.04731
6.34 0.04728
6.23 0.04722
6.12 0.04709
6.01 0.04685
5.90 0.04679
5.79 0.04671
5.68 0.04662
5.57 0.04645
5.45 0.04636
5.34 0.04628
5.23 0.04611
5.12 0.04589
5.01 0.04578
4.90 0.04567
4.79 0.04552
4.67 0.04533
4.56 0.04521
4.45 0.04498
4.34 0.04481
4.23 0.04462
4.12 0.04439
4.01 0.04409
3.90 0.04390
3.78 0.04371
3.67 0.04353
3.56 0.04336
3.45 0.04319
3.34 0.04302
3.23 0.04283
3.12 0.04269
3.01 0.04248
2.89 0.04231
2.78 0.04211
2.67 0.04190
2.56 0.04168
2.45 0.04145
2.34 0.04117
2.23 0.04087
2.11 0.04062
2.00 0.04038
1.89 0.04016
1.78 0.03995
1.67 0.03973
1.56 0.03949
1.45 0.03925
1.34 0.03901
1.22 0.03877
1.11 0.03853
1.00 0.03824
0.89 0.03795
0.78 0.03768
0.67 0.03739
0.56 0.03705
0.45 0.03670
0.33 0.03635
0.22 0.03597
0.11 0.03558
0.00 0.03509
3.07 0.03479
3.03 0.03488
2.99 0.03475
2.95 0.03402
2.91 0.03366
2.86 0.03349
2.82 0.03314
2.78 0.03301
2.74 0.03278
2.70 0.03235
2.66 0.03213
2.62 0.03198
2.57 0.03189
2.53 0.03168
2.49 0.03153
2.45 0.03149
2.41 0.03147
2.37 0.03137
2.32 0.03128
2.28 0.03119
2.24 0.03111
2.20 0.03101
2.16 0.03092
2.12 0.03076
2.08 0.03063
2.03 0.03053
1.99 0.03041
1.95 0.03027
1.91 0.03017
1.87 0.03005
1.83 0.02994
1.79 0.02982
1.74 0.02974
1.70 0.02960
1.66 0.02947
1.62 0.02930
1.58 0.02915
1.54 0.02897
1.49 0.02881
1.45 0.02866
1.41 0.02851
1.37 0.02839
1.33 0.02825
1.29 0.02811
1.25 0.02796
1.20 0.02781
1.16 0.02764
1.12 0.02750
1.08 0.02736
1.04 0.02718
1.00 0.02701
0.95 0.02685
0.91 0.02670
0.87 0.02653
0.83 0.02637
0.79 0.02620
0.75 0.02602
0.71 0.02585
0.66 0.02567
0.62 0.02550
0.58 0.02532
0.54 0.02514
0.50 0.02495
0.46 0.02477
0.42 0.02458
0.37 0.02439
0.33 0.02419
0.29 0.02399
0.25 0.02378
0.21 0.02356
0.17 0.02333
0.12 0.02310
0.08 0.02286
0.04 0.02261
0.00 0.02232
1.23 0.02108
1.21 0.02101
1.20 0.02083
1.18 0.02079
1.17 0.02073
1.15 0.02084
1.14 0.02079
1.12 0.02078
1.10 0.02060
1.09 0.02063
1.07 0.02063
1.06 0.02059
1.04 0.02061
1.03 0.02050
1.01 0.02048
1.00 0.02045
0.98 0.02042
0.96 0.02034
0.95 0.02029
0.93 0.02020
0.92 0.02009
0.90 0.01996
0.89 0.01993
0.87 0.01988
0.86 0.01979
0.84 0.01970
0.82 0.01964
0.81 0.01961
0.79 0.01957
0.78 0.01951
0.76 0.01947
0.75 0.01941
0.73 0.01938
0.72 0.01934
0.70 0.01929
0.68 0.01924
0.67 0.01918
0.65 0.01911
0.64 0.01904
0.62 0.01899
0.61 0.01892
0.59 0.01885
0.58 0.01881
0.56 0.01876
0.54 0.01870
0.53 0.01864
0.51 0.01859
0.50 0.01851
0.48 0.01843
0.47 0.01834
0.45 0.01825
0.44 0.01818
0.42 0.01810
0.40 0.01802
0.39 0.01795
0.37 0.01788
0.36 0.01781
0.34 0.01772
0.33 0.01763
0.31 0.01755
0.30 0.01745
0.28 0.01736
0.26 0.01726
0.25 0.01716
0.23 0.01706
0.22 0.01696
0.20 0.01686
0.19 0.01676
0.17 0.01666
0.16 0.01655
0.14 0.01643
0.12 0.01632
0.11 0.01621
0.09 0.01608
0.08 0.01595
0.06 0.01581
0.05 0.01567
0.03 0.01551
0.02 0.01536
0.00 0.01517
0.49 0.01502
0.49 0.01503
0.48 0.01492
0.47 0.01490
0.47 0.01500
0.46 0.01494
0.46 0.01495
0.45 0.01490
0.44 0.01482
0.44 0.01471
0.43 0.01467
0.43 0.01460
0.42 0.01456
0.42 0.01455
0.41 0.01451
0.40 0.01446
0.40 0.01442
0.39 0.01438
0.39 0.01433
0.38 0.01428
0.37 0.01420
0.37 0.01416
0.36 0.01410
0.36 0.01407
0.35 0.01402
0.35 0.01397
0.34 0.01389
0.33 0.01386
0.33 0.01379
0.32 0.01376
0.32 0.01372
0.31 0.01368
0.30 0.01364
0.30 0.01356
0.29 0.01350
0.29 0.01345
0.28 0.01339
0.28 0.01334
0.27 0.01329
0.26 0.01324
0.26 0.01320
0.25 0.01315
0.25 0.01309
0.24 0.01302
0.23 0.01296
0.23 0.01290
0.22 0.01285
0.22 0.01279
0.21 0.01273
0.20 0.01266
0.20 0.01260
0.19 0.01253
0.19 0.01246
0.18 0.01240
0.18 0.01232
0.17 0.01226
0.16 0.01221
0.16 0.01214
0.15 0.01208
0.15 0.01201
0.14 0.01194
0.13 0.01187
0.13 0.01181
0.12 0.01174
0.12 0.01167
0.11 0.01161
0.11 0.01154
0.10 0.01148
0.09 0.01141
0.09 0.01134
0.08 0.01126
0.08 0.01119
0.07 0.01111
0.06 0.01104
0.06 0.01096
0.05 0.01087
0.05 0.01079
0.04 0.01071
0.04 0.01062
0.03 0.01054
0.02 0.01045
0.02 0.01035
0.01 0.01026
0.01 0.01016
0.00 0.01004
0.20 0.00941
0.19 0.00918
0.19 0.00946
0.19 0.00944
0.19 0.00931
0.19 0.00925
0.18 0.00921
0.18 0.00919
0.18 0.00910
0.18 0.00915
0.17 0.00909
0.17 0.00907
0.17 0.00907
0.17 0.00906
0.17 0.00903
0.16 0.00898
0.16 0.00895
0.16 0.00891
0.16 0.00891
0.15 0.00888
0.15 0.00888
0.15 0.00885
0.15 0.00883
0.15 0.00882
0.14 0.00879
0.14 0.00874
0.14 0.00871
0.14 0.00867
0.13 0.00864
0.13 0.00864
0.13 0.00861
0.13 0.00859
0.13 0.00855
0.12 0.00853
0.12 0.00850
0.12 0.00847
0.12 0.00842
0.11 0.00839
0.11 0.00834
0.11 0.00831
0.11 0.00828
0.11 0.00824
0.10 0.00822
0.10 0.00817
0.10 0.00814
0.10 0.00811
0.09 0.00808
0.09 0.00804
0.09 0.00801
0.09 0.00797
0.09 0.00793
0.08 0.00789
0.08 0.00786
0.08 0.00781
0.08 0.00777
0.08 0.00774
0.07 0.00770
0.07 0.00767
0.07 0.00763
0.07 0.00759
0.06 0.00756
0.06 0.00752
0.06 0.00748
0.06 0.00745
0.06 0.00741
0.05 0.00737
0.05 0.00733
0.05 0.00729
0.05 0.00725
0.04 0.00721
0.04 0.00717
0.04 0.00713
0.04 0.00708
0.04 0.00704
0.03 0.00700
0.03 0.00696
0.03 0.00691
0.03 0.00686
0.02 0.00682
0.02 0.00677
0.02 0.00672
0.02 0.00668
0.02 0.00662
0.01 0.00657
0.01 0.00652
0.01 0.00646
0.01 0.00641
0.00 0.00636
0.00 0.00630
0.00 0.00623
0.08 0.00544
0.08 0.00581
0.08 0.00572
0.08 0.00567
0.08 0.00566
0.07 0.00571
0.07 0.00567
0.07 0.00565
0.07 0.00567
0.07 0.00563
0.07 0.00559
0.07 0.00559
0.07 0.00558
0.07 0.00556
0.07 0.00556
0.07 0.00554
0.07 0.00552
0.06 0.00549
0.06 0.00548
0.06 0.00548
0.06 0.00548
0.06 0.00547
0.06 0.00546
0.06 0.00545
0.06 0.00543
0.06 0.00542
0.06 0.00541
0.06 0.00540
0.06 0.00537
0.05 0.00535
0.05 0.00534
0.05 0.00531
0.05 0.00528
0.05 0.00527
0.05 0.00526
0.05 0.00525
0.05 0.00523
0.05 0.00522
0.05 0.00521
0.05 0.00519
0.05 0.00517
0.04 0.00516
0.04 0.00514
0.04 0.00513
0.04 0.00511
0.04 0.00509
0.04 0.00507
0.04 0.00505
0.04 0.00503
0.04 0.00502
0.04 0.00499
0.04 0.00497
0.04 0.00495
0.03 0.00493
0.03 0.00491
0.03 0.00489
0.03 0.00487
0.03 0.00484
0.03 0.00482
0.03 0.00481
0.03 0.00479
0.03 0.00476
0.03 0.00475
0.03 0.00473
0.03 0.00470
0.02 0.00468
0.02 0.00466
0.02 0.00464
0.02 0.00462
0.02 0.00459
0.02 0.00457
0.02 0.00454
0.02 0.00453
0.02 0.00450
0.02 0.00448
0.02 0.00445
0.02 0.00442
0.01 0.00440
0.01 0.00438
0.01 0.00435
0.01 0.00433
0.01 0.00430
0.01 0.00427
0.01 0.00425
0.01 0.00422
0.01 0.00419
0.01 0.00416
0.01 0.00414
0.01 0.00411
0.00 0.00408
0.00 0.00405
0.00 0.00401
0.00 0.00398
0.00 0.00395
0.00 0.00391
0.00 0.02084
0.00 0.01436
0.00 0.01151
0.00 0.00989
0.00 0.00868
0.00 0.00775
0.00 0.00710
0.00 0.00651
0.00 0.00600
0.00 0.00566
0.00 0.00525
0.00 0.00498
0.00 0.00477
0.00 0.00458
0.00 0.00444
0.00 0.00428
0.00 0.00415
0.00 0.00403
0.00 0.00387
0.00 0.00372
0.00 0.00360
0.00 0.00350
0.00 0.00340
0.00 0.00331
0.00 0.00326
0.00 0.00320
0.00 0.00312
0.00 0.00307
0.00 0.00300
0.00 0.00291
0.00 0.00285
0.00 0.00278
0.00 0.00272
0.00 0.00267
0.00 0.00262
0.00 0.00257
0.00 0.00252
0.00 0.00247
0.00 0.00241
0.00 0.00236
0.00 0.00233
0.00 0.00231
0.00 0.00227
0.00 0.00223
0.00 0.00221
0.00 0.00218
0.00 0.00215
0.00 0.00212
0.00 0.00209
0.00 0.00205
0.00 0.00201
0.00 0.00198
0.00 0.00196
0.00 0.00193
0.00 0.00191
0.00 0.00188
0.00 0.00186
0.00 0.00184
0.00 0.00182
0.00 0.00179
0.00 0.00177
0.00 0.00175
0.00 0.00173
0.00 0.00172
0.00 0.00170
0.00 0.00168
0.00 0.00166
0.00 0.00165
0.00 0.00163
0.00 0.00161
0.00 0.00160
0.00 0.00158
0.00 0.00156
0.00 0.00155
0.00 0.00153
0.00 0.00152
0.00 0.00151
0.00 0.00149
0.00 0.00148
0.00 0.00147
0.00 0.00145
0.00 0.00144
0.00 0.00143
0.00 0.00143
0.00 0.00142
0.00 0.00141
0.00 0.00141
0.00 0.00140
0.00 0.00138
0.00 0.00137
0.00 0.00136
0.00 0.00135
0.00 0.00134
0.00 0.00133
0.00 0.00131
0.00 0.00131
0.00 0.00129
0.00 0.00129
0.00 0.00128
0.00 0.00127
