25.00 0.07070
22.22 0.06107
19.44 0.06023
16.67 0.05663
13.89 0.05119
11.11 0.04777
8.33 0.04426
5.56 0.04083
2.78 0.03726
0.00 0.03359
20.00 0.04820
17.78 0.04625
15.56 0.04487
13.33 0.04445
11.11 0.04259
8.89 0.04024
6.67 0.03800
4.44 0.03505
2.22 0.03217
0.00 0.02899
16.00 0.05420
14.22 0.06075
12.44 0.05975
10.67 0.05546
8.89 0.05451
7.11 0.05402
5.33 0.05066
3.56 0.04706
1.78 0.04330
0.00 0.03902
12.80 0.07645
11.38 0.07548
9.96 0.07405
8.53 0.07325
7.11 0.07042
5.69 0.06696
4.27 0.06262
2.84 0.05885
1.42 0.05328
0.00 0.04800
