300.00 0.46557
293.88 0.45508
287.76 0.45400
281.63 0.45259
275.51 0.46004
269.39 0.45390
263.27 0.44864
257.14 0.44290
251.02 0.43838
244.90 0.43404
238.78 0.43035
232.65 0.42673
226.53 0.42281
220.41 0.41913
214.29 0.41565
208.16 0.41224
202.04 0.40891
195.92 0.40536
189.80 0.40180
183.67 0.39844
177.55 0.39514
171.43 0.39179
165.31 0.38827
159.18 0.38477
153.06 0.38126
146.94 0.37764
140.82 0.37392
134.69 0.37021
128.57 0.36666
122.45 0.36307
116.33 0.35937
110.20 0.35561
104.08 0.35179
97.96 0.34810
91.84 0.34418
85.71 0.34039
79.59 0.33636
73.47 0.33247
67.35 0.32849
61.22 0.32436
55.10 0.32017
48.98 0.31596
42.86 0.31159
36.73 0.30718
30.61 0.30270
24.49 0.29801
18.37 0.29325
12.24 0.28829
6.12 0.28315
0.00 0.27750
120.00 0.25391
117.78 0.25595
115.56 0.25399
113.33 0.25215
111.11 0.25098
108.89 0.24899
106.67 0.24703
104.44 0.24466
102.22 0.24309
100.00 0.24149
97.78 0.23993
95.56 0.23832
93.33 0.23680
91.11 0.23535
88.89 0.23357
86.67 0.23206
84.44 0.23009
82.22 0.22872
80.00 0.22694
77.78 0.22502
75.56 0.22308
73.33 0.22154
71.11 0.21980
68.89 0.21795
66.67 0.21628
64.44 0.21447
62.22 0.21247
60.00 0.21067
57.78 0.20886
55.56 0.20697
53.33 0.20509
51.11 0.20303
48.89 0.20128
46.67 0.19947
44.44 0.19773
42.22 0.19574
40.00 0.19390
37.78 0.19194
35.56 0.18973
33.33 0.18761
31.11 0.18563
28.89 0.18362
26.67 0.18155
24.44 0.17936
22.22 0.17722
20.00 0.17514
17.78 0.17293
15.56 0.17082
13.33 0.16879
11.11 0.16676
8.89 0.16466
6.67 0.16244
4.44 0.16014
2.22 0.15773
0.00 0.15488
48.00 0.13774
47.19 0.13462
46.37 0.13351
45.56 0.13343
44.75 0.13182
43.93 0.13150
43.12 0.13123
42.31 0.13052
41.49 0.13114
40.68 0.13094
39.86 0.13026
39.05 0.12925
38.24 0.12847
37.42 0.12777
36.61 0.12740
35.80 0.12661
34.98 0.12592
34.17 0.12495
33.36 0.12396
32.54 0.12296
31.73 0.12204
30.92 0.12119
30.10 0.12051
29.29 0.11986
28.47 0.11896
27.66 0.11856
26.85 0.11779
26.03 0.11691
25.22 0.11601
24.41 0.11543
23.59 0.11451
22.78 0.11359
21.97 0.11263
21.15 0.11206
20.34 0.11152
19.53 0.11100
18.71 0.11037
17.90 0.10953
17.08 0.10854
16.27 0.10747
15.46 0.10659
14.64 0.10592
13.83 0.10518
13.02 0.10430
12.20 0.10335
11.39 0.10236
10.58 0.10135
9.76 0.10033
8.95 0.09949
8.14 0.09870
7.32 0.09770
6.51 0.09679
5.69 0.09583
4.88 0.09486
4.07 0.09387
3.25 0.09277
2.44 0.09161
1.63 0.09040
0.81 0.08915
0.00 0.08767
19.20 0.08428
18.90 0.08512
18.60 0.08307
18.30 0.08250
18.00 0.08119
17.70 0.08142
17.40 0.08069
17.10 0.07953
16.80 0.07840
16.50 0.07780
16.20 0.07705
15.90 0.07666
15.60 0.07598
15.30 0.07519
15.00 0.07415
14.70 0.07354
14.40 0.07269
14.10 0.07209
13.80 0.07168
13.50 0.07126
13.20 0.07070
12.90 0.06996
12.60 0.06950
12.30 0.06889
12.00 0.06851
11.70 0.06832
11.40 0.06773
11.10 0.06722
10.80 0.06665
10.50 0.06613
10.20 0.06565
9.90 0.06519
9.60 0.06465
9.30 0.06414
9.00 0.06368
8.70 0.06319
8.40 0.06275
8.10 0.06236
7.80 0.06193
7.50 0.06143
7.20 0.06100
6.90 0.06062
6.60 0.06019
6.30 0.05976
6.00 0.05929
5.70 0.05889
5.40 0.05854
5.10 0.05828
4.80 0.05797
4.50 0.05770
4.20 0.05753
3.90 0.05716
3.60 0.05679
3.30 0.05638
3.00 0.05593
2.70 0.05548
2.40 0.05499
2.10 0.05450
1.80 0.05398
1.50 0.05342
1.20 0.05285
0.90 0.05227
0.60 0.05164
0.30 0.05098
0.00 0.05020
7.68 0.04671
7.57 0.04786
7.46 0.04823
7.35 0.04734
7.23 0.04610
7.12 0.04524
7.01 0.04520
6.90 0.04488
6.79 0.04409
6.68 0.04393
6.57 0.04397
6.46 0.04344
6.34 0.04299
6.23 0.04263
6.12 0.04227
6.01 0.04195
5.90 0.04201
5.79 0.04223
5.68 0.04261
5.57 0.04294
5.45 0.04330
5.34 0.04339
5.23 0.04375
5.12 0.04412
5.01 0.04393
4.90 0.04368
4.79 0.04353
4.67 0.04329
4.56 0.04316
4.45 0.04319
4.34 0.04352
4.23 0.04339
4.12 0.04333
4.01 0.04327
3.90 0.04322
3.78 0.04300
3.67 0.04276
3.56 0.04253
3.45 0.04230
3.34 0.04210
3.23 0.04185
3.12 0.04160
3.01 0.04143
2.89 0.04125
2.78 0.04102
2.67 0.04082
2.56 0.04063
2.45 0.04049
2.34 0.04035
2.23 0.04024
2.11 0.04013
2.00 0.04006
1.89 0.03998
1.78 0.03986
1.67 0.03976
1.56 0.03966
1.45 0.03948
1.34 0.03927
1.22 0.03906
1.11 0.03879
1.00 0.03851
0.89 0.03824
0.78 0.03796
0.67 0.03764
0.56 0.03731
0.45 0.03695
0.33 0.03659
0.22 0.03619
0.11 0.03577
0.00 0.03526
3.07 0.03090
3.03 0.03389
2.99 0.03593
2.95 0.03724
2.91 0.03798
2.86 0.03838
2.82 0.03839
2.78 0.03808
2.74 0.03777
2.70 0.03765
2.66 0.03763
2.62 0.03729
2.57 0.03724
2.53 0.03728
2.49 0.03729
2.45 0.03724
2.41 0.03688
2.37 0.03686
2.32 0.03676
2.28 0.03662
2.24 0.03646
2.20 0.03621
2.16 0.03600
2.12 0.03583
2.08 0.03560
2.03 0.03536
1.99 0.03513
1.95 0.03489
1.91 0.03467
1.87 0.03446
1.83 0.03424
1.79 0.03405
1.74 0.03395
1.70 0.03381
1.66 0.03368
1.62 0.03355
1.58 0.03339
1.54 0.03322
1.49 0.03308
1.45 0.03294
1.41 0.03278
1.37 0.03261
1.33 0.03247
1.29 0.03232
1.25 0.03216
1.20 0.03201
1.16 0.03186
1.12 0.03170
1.08 0.03153
1.04 0.03135
1.00 0.03119
0.95 0.03102
0.91 0.03082
0.87 0.03066
0.83 0.03049
0.79 0.03030
0.75 0.03012
0.71 0.02992
0.66 0.02971
0.62 0.02951
0.58 0.02931
0.54 0.02912
0.50 0.02890
0.46 0.02869
0.42 0.02847
0.37 0.02825
0.33 0.02802
0.29 0.02779
0.25 0.02754
0.21 0.02730
0.17 0.02705
0.12 0.02678
0.08 0.02650
0.04 0.02621
0.00 0.02586
1.23 0.02431
1.21 0.02431
1.20 0.02435
1.18 0.02438
1.17 0.02417
1.15 0.02405
1.14 0.02402
1.12 0.02404
1.10 0.02400
1.09 0.02391
1.07 0.02387
1.06 0.02371
1.04 0.02356
1.03 0.02338
1.01 0.02317
1.00 0.02300
0.98 0.02275
0.96 0.02264
0.95 0.02249
0.93 0.02235
0.92 0.02219
0.90 0.02200
0.89 0.02185
0.87 0.02168
0.86 0.02153
0.84 0.02147
0.82 0.02136
0.81 0.02129
0.79 0.02120
0.78 0.02113
0.76 0.02102
0.75 0.02093
0.73 0.02084
0.72 0.02075
0.70 0.02067
0.68 0.02059
0.67 0.02050
0.65 0.02041
0.64 0.02032
0.62 0.02022
0.61 0.02013
0.59 0.02004
0.58 0.01996
0.56 0.01984
0.54 0.01975
0.53 0.01963
0.51 0.01953
0.50 0.01944
0.48 0.01933
0.47 0.01926
0.45 0.01916
0.44 0.01906
0.42 0.01898
0.40 0.01888
0.39 0.01878
0.37 0.01869
0.36 0.01860
0.34 0.01851
0.33 0.01842
0.31 0.01833
0.30 0.01823
0.28 0.01812
0.26 0.01800
0.25 0.01790
0.23 0.01779
0.22 0.01768
0.20 0.01757
0.19 0.01745
0.17 0.01734
0.16 0.01722
0.14 0.01709
0.12 0.01697
0.11 0.01683
0.09 0.01669
0.08 0.01655
0.06 0.01641
0.05 0.01626
0.03 0.01610
0.02 0.01593
0.00 0.01574
0.49 0.01602
0.49 0.01599
0.48 0.01586
0.47 0.01558
0.47 0.01539
0.46 0.01526
0.46 0.01524
0.45 0.01509
0.44 0.01506
0.44 0.01506
0.43 0.01496
0.43 0.01484
0.42 0.01477
0.42 0.01469
0.41 0.01461
0.40 0.01452
0.40 0.01444
0.39 0.01437
0.39 0.01432
0.38 0.01424
0.37 0.01417
0.37 0.01413
0.36 0.01405
0.36 0.01397
0.35 0.01388
0.35 0.01382
0.34 0.01376
0.33 0.01374
0.33 0.01369
0.32 0.01362
0.32 0.01354
0.31 0.01347
0.30 0.01341
0.30 0.01335
0.29 0.01328
0.29 0.01323
0.28 0.01318
0.28 0.01312
0.27 0.01306
0.26 0.01300
0.26 0.01294
0.25 0.01289
0.25 0.01283
0.24 0.01277
0.23 0.01270
0.23 0.01265
0.22 0.01259
0.22 0.01252
0.21 0.01246
0.20 0.01238
0.20 0.01232
0.19 0.01226
0.19 0.01219
0.18 0.01213
0.18 0.01207
0.17 0.01200
0.16 0.01193
0.16 0.01188
0.15 0.01181
0.15 0.01176
0.14 0.01169
0.13 0.01162
0.13 0.01155
0.12 0.01148
0.12 0.01141
0.11 0.01135
0.11 0.01128
0.10 0.01120
0.09 0.01114
0.09 0.01107
0.08 0.01100
0.08 0.01093
0.07 0.01085
0.06 0.01078
0.06 0.01070
0.05 0.01062
0.05 0.01054
0.04 0.01047
0.04 0.01038
0.03 0.01030
0.02 0.01021
0.02 0.01012
0.01 0.01003
0.01 0.00993
0.00 0.00981
0.20 0.00873
0.19 0.00885
0.19 0.00893
0.19 0.00901
0.19 0.00903
0.19 0.00907
0.18 0.00907
0.18 0.00908
0.18 0.00908
0.18 0.00906
0.17 0.00906
0.17 0.00909
0.17 0.00908
0.17 0.00909
0.17 0.00904
0.16 0.00900
0.16 0.00899
0.16 0.00898
0.16 0.00893
0.15 0.00890
0.15 0.00888
0.15 0.00886
0.15 0.00883
0.15 0.00880
0.14 0.00878
0.14 0.00874
0.14 0.00872
0.14 0.00871
0.13 0.00870
0.13 0.00866
0.13 0.00864
0.13 0.00860
0.13 0.00858
0.12 0.00856
0.12 0.00854
0.12 0.00852
0.12 0.00849
0.11 0.00845
0.11 0.00843
0.11 0.00840
0.11 0.00837
0.11 0.00835
0.10 0.00831
0.10 0.00827
0.10 0.00823
0.10 0.00820
0.09 0.00817
0.09 0.00813
0.09 0.00810
0.09 0.00807
0.09 0.00805
0.08 0.00802
0.08 0.00798
0.08 0.00796
0.08 0.00793
0.08 0.00790
0.07 0.00786
0.07 0.00782
0.07 0.00779
0.07 0.00775
0.06 0.00772
0.06 0.00768
0.06 0.00764
0.06 0.00761
0.06 0.00757
0.05 0.00753
0.05 0.00749
0.05 0.00746
0.05 0.00741
0.04 0.00737
0.04 0.00733
0.04 0.00729
0.04 0.00725
0.04 0.00721
0.03 0.00717
0.03 0.00713
0.03 0.00708
0.03 0.00704
0.02 0.00699
0.02 0.00694
0.02 0.00689
0.02 0.00684
0.02 0.00679
0.01 0.00674
0.01 0.00669
0.01 0.00663
0.01 0.00658
0.00 0.00652
0.00 0.00646
0.00 0.00639
0.08 0.00635
0.08 0.00636
0.08 0.00634
0.08 0.00618
0.08 0.00622
0.07 0.00623
0.07 0.00618
0.07 0.00611
0.07 0.00604
0.07 0.00605
0.07 0.00607
0.07 0.00606
0.07 0.00602
0.07 0.00599
0.07 0.00598
0.07 0.00595
0.07 0.00595
0.06 0.00592
0.06 0.00589
0.06 0.00589
0.06 0.00586
0.06 0.00584
0.06 0.00581
0.06 0.00579
0.06 0.00578
0.06 0.00576
0.06 0.00574
0.06 0.00573
0.06 0.00571
0.05 0.00570
0.05 0.00569
0.05 0.00567
0.05 0.00564
0.05 0.00562
0.05 0.00560
0.05 0.00558
0.05 0.00557
0.05 0.00555
0.05 0.00553
0.05 0.00550
0.05 0.00549
0.04 0.00547
0.04 0.00545
0.04 0.00542
0.04 0.00539
0.04 0.00537
0.04 0.00535
0.04 0.00533
0.04 0.00531
0.04 0.00529
0.04 0.00527
0.04 0.00524
0.04 0.00522
0.03 0.00520
0.03 0.00517
0.03 0.00515
0.03 0.00513
0.03 0.00512
0.03 0.00509
0.03 0.00507
0.03 0.00505
0.03 0.00503
0.03 0.00501
0.03 0.00498
0.03 0.00496
0.02 0.00494
0.02 0.00491
0.02 0.00489
0.02 0.00487
0.02 0.00484
0.02 0.00481
0.02 0.00479
0.02 0.00477
0.02 0.00474
0.02 0.00472
0.02 0.00469
0.02 0.00467
0.01 0.00464
0.01 0.00462
0.01 0.00459
0.01 0.00456
0.01 0.00453
0.01 0.00450
0.01 0.00448
0.01 0.00445
0.01 0.00442
0.01 0.00439
0.01 0.00436
0.01 0.00433
0.00 0.00430
0.00 0.00427
0.00 0.00423
0.00 0.00419
0.00 0.00416
0.00 0.00411
0.00 0.00526
0.00 0.00349
0.00 0.00278
0.00 0.00229
0.00 0.00199
0.00 0.00172
0.00 0.00159
0.00 0.00145
0.00 0.00131
0.00 0.00121
0.00 0.00115
0.00 0.00111
0.00 0.00107
0.00 0.00103
0.00 0.00097
0.00 0.00093
0.00 0.00088
0.00 0.00083
0.00 0.00079
0.00 0.00075
0.00 0.00072
0.00 0.00070
0.00 0.00068
0.00 0.00066
0.00 0.00065
0.00 0.00063
0.00 0.00062
0.00 0.00061
0.00 0.00059
0.00 0.00059
0.00 0.00058
0.00 0.00057
0.00 0.00056
0.00 0.00055
0.00 0.00054
0.00 0.00052
0.00 0.00051
0.00 0.00050
0.00 0.00050
0.00 0.00049
0.00 0.00049
0.00 0.00048
0.00 0.00047
0.00 0.00046
0.00 0.00045
0.00 0.00044
0.00 0.00043
0.00 0.00043
0.00 0.00042
0.00 0.00041
0.00 0.00041
0.00 0.00040
0.00 0.00039
0.00 0.00039
0.00 0.00038
0.00 0.00038
0.00 0.00037
0.00 0.00036
0.00 0.00036
0.00 0.00036
0.00 0.00036
0.00 0.00035
0.00 0.00035
0.00 0.00034
0.00 0.00034
0.00 0.00034
0.00 0.00034
0.00 0.00034
0.00 0.00033
0.00 0.00033
0.00 0.00032
0.00 0.00032
0.00 0.00032
0.00 0.00031
0.00 0.00031
0.00 0.00031
0.00 0.00030
0.00 0.00030
0.00 0.00030
0.00 0.00030
0.00 0.00029
0.00 0.00029
0.00 0.00029
0.00 0.00029
0.00 0.00029
0.00 0.00028
0.00 0.00028
0.00 0.00028
0.00 0.00028
0.00 0.00028
0.00 0.00028
0.00 0.00027
0.00 0.00027
0.00 0.00027
0.00 0.00027
0.00 0.00028
0.00 0.00028
0.00 0.00027
0.00 0.00027
0.00 0.00027
