150.00 0.92240
133.33 0.91943
116.67 0.91247
100.00 0.90886
83.33 0.90130
66.67 0.88707
50.00 0.86650
33.33 0.83529
16.67 0.79233
0.00 0.71323
120.00 0.91000
106.67 0.90045
93.33 0.89425
80.00 0.88418
66.67 0.87683
53.33 0.85533
40.00 0.82837
26.67 0.79316
13.33 0.74873
0.00 0.67393
96.00 0.88375
85.33 0.87865
74.67 0.86740
64.00 0.84728
53.33 0.82152
42.67 0.79559
32.00 0.76903
21.33 0.73670
10.67 0.69445
0.00 0.62511
76.80 0.84380
68.27 0.84475
59.73 0.82033
51.20 0.79722
42.67 0.76832
34.13 0.74309
25.60 0.71423
17.07 0.68158
8.53 0.64042
0.00 0.57645
