300.00 0.45531
293.88 0.45115
287.76 0.44819
281.63 0.45221
275.51 0.44793
269.39 0.44401
263.27 0.44157
257.14 0.43832
251.02 0.43457
244.90 0.43116
238.78 0.42784
232.65 0.42516
226.53 0.42197
220.41 0.41868
214.29 0.41595
208.16 0.41273
202.04 0.40965
195.92 0.40630
189.80 0.40323
183.67 0.39976
177.55 0.39652
171.43 0.39333
165.31 0.38998
159.18 0.38653
153.06 0.38338
146.94 0.38012
140.82 0.37679
134.69 0.37340
128.57 0.36998
122.45 0.36644
116.33 0.36288
110.20 0.35924
104.08 0.35555
97.96 0.35179
91.84 0.34796
85.71 0.34397
79.59 0.34000
73.47 0.33609
67.35 0.33205
61.22 0.32786
55.10 0.32365
48.98 0.31935
42.86 0.31492
36.73 0.31029
30.61 0.30584
24.49 0.30143
18.37 0.29676
12.24 0.29208
6.12 0.28715
0.00 0.28145
120.00 0.26295
117.78 0.26016
115.56 0.25863
113.33 0.25696
111.11 0.25422
108.89 0.25201
106.67 0.25048
104.44 0.24899
102.22 0.24690
100.00 0.24563
97.78 0.24373
95.56 0.24237
93.33 0.24084
91.11 0.23931
88.89 0.23807
86.67 0.23637
84.44 0.23471
82.22 0.23299
80.00 0.23130
77.78 0.22963
75.56 0.22753
73.33 0.22572
71.11 0.22392
68.89 0.22217
66.67 0.22042
64.44 0.21861
62.22 0.21654
60.00 0.21471
57.78 0.21259
55.56 0.21057
53.33 0.20862
51.11 0.20666
48.89 0.20492
46.67 0.20278
44.44 0.20075
42.22 0.19889
40.00 0.19688
37.78 0.19489
35.56 0.19274
33.33 0.19057
31.11 0.18846
28.89 0.18636
26.67 0.18427
24.44 0.18219
22.22 0.17992
20.00 0.17775
17.78 0.17543
15.56 0.17309
13.33 0.17077
11.11 0.16842
8.89 0.16612
6.67 0.16376
4.44 0.16129
2.22 0.15873
0.00 0.15587
48.00 0.13730
47.19 0.13917
46.37 0.13653
45.56 0.13725
44.75 0.13672
43.93 0.13547
43.12 0.13602
42.31 0.13536
41.49 0.13392
40.68 0.13261
39.86 0.13148
39.05 0.13065
38.24 0.12951
37.42 0.12881
36.61 0.12758
35.80 0.12649
34.98 0.12542
34.17 0.12474
33.36 0.12387
32.54 0.12333
31.73 0.12249
30.92 0.12151
30.10 0.12058
29.29 0.11953
28.47 0.11881
27.66 0.11822
26.85 0.11747
26.03 0.11681
25.22 0.11624
24.41 0.11528
23.59 0.11435
22.78 0.11369
21.97 0.11316
21.15 0.11261
20.34 0.11185
19.53 0.11098
18.71 0.11012
17.90 0.10936
17.08 0.10852
16.27 0.10778
15.46 0.10708
14.64 0.10613
13.83 0.10527
13.02 0.10451
12.20 0.10379
11.39 0.10303
10.58 0.10216
9.76 0.10129
8.95 0.10033
8.14 0.09934
7.32 0.09836
6.51 0.09736
5.69 0.09631
4.88 0.09528
4.07 0.09421
3.25 0.09310
2.44 0.09194
1.63 0.09074
0.81 0.08946
0.00 0.08798
19.20 0.08325
18.90 0.07991
18.60 0.07844
18.30 0.07765
18.00 0.07721
17.70 0.07624
17.40 0.07585
17.10 0.07532
16.80 0.07446
16.50 0.07393
16.20 0.07348
15.90 0.07281
15.60 0.07216
15.30 0.07161
15.00 0.07143
14.70 0.07107
14.40 0.07084
14.10 0.07080
13.80 0.07058
13.50 0.07029
13.20 0.07003
12.90 0.06964
12.60 0.06950
12.30 0.06910
12.00 0.06868
11.70 0.06832
11.40 0.06787
11.10 0.06753
10.80 0.06723
10.50 0.06697
10.20 0.06680
9.90 0.06640
9.60 0.06595
9.30 0.06551
9.00 0.06519
8.70 0.06478
8.40 0.06440
8.10 0.06392
7.80 0.06348
7.50 0.06297
7.20 0.06251
6.90 0.06211
6.60 0.06171
6.30 0.06136
6.00 0.06099
5.70 0.06057
5.40 0.06009
5.10 0.05968
4.80 0.05924
4.50 0.05873
4.20 0.05822
3.90 0.05769
3.60 0.05716
3.30 0.05664
3.00 0.05608
2.70 0.05553
2.40 0.05498
2.10 0.05443
1.80 0.05387
1.50 0.05331
1.20 0.05273
0.90 0.05212
0.60 0.05148
0.30 0.05081
0.00 0.05004
7.68 0.04530
7.57 0.04526
7.46 0.04626
7.35 0.04562
7.23 0.04561
7.12 0.04566
7.01 0.04622
6.90 0.04658
6.79 0.04662
6.68 0.04662
6.57 0.04645
6.46 0.04602
6.34 0.04565
6.23 0.04569
6.12 0.04548
6.01 0.04526
5.90 0.04501
5.79 0.04475
5.68 0.04462
5.57 0.04436
5.45 0.04401
5.34 0.04371
5.23 0.04338
5.12 0.04301
5.01 0.04267
4.90 0.04243
4.79 0.04219
4.67 0.04203
4.56 0.04182
4.45 0.04159
4.34 0.04134
4.23 0.04109
4.12 0.04085
4.01 0.04059
3.90 0.04035
3.78 0.04013
3.67 0.03997
3.56 0.03982
3.45 0.03960
3.34 0.03932
3.23 0.03905
3.12 0.03874
3.01 0.03847
2.89 0.03824
2.78 0.03804
2.67 0.03783
2.56 0.03762
2.45 0.03743
2.34 0.03724
2.23 0.03706
2.11 0.03683
2.00 0.03662
1.89 0.03638
1.78 0.03613
1.67 0.03588
1.56 0.03563
1.45 0.03537
1.34 0.03510
1.22 0.03483
1.11 0.03456
1.00 0.03428
0.89 0.03399
0.78 0.03370
0.67 0.03340
0.56 0.03309
0.45 0.03277
0.33 0.03242
0.22 0.03206
0.11 0.03168
0.00 0.03124
3.07 0.03042
3.03 0.03008
2.99 0.02986
2.95 0.02991
2.91 0.02982
2.86 0.03007
2.82 0.03031
2.78 0.03040
2.74 0.03038
2.70 0.03058
2.66 0.03054
2.62 0.03056
2.57 0.03054
2.53 0.03050
2.49 0.03048
2.45 0.03043
2.41 0.03035
2.37 0.03013
2.32 0.02997
2.28 0.02978
2.24 0.02958
2.20 0.02939
2.16 0.02921
2.12 0.02912
2.08 0.02902
2.03 0.02890
1.99 0.02881
1.95 0.02868
1.91 0.02855
1.87 0.02837
1.83 0.02820
1.79 0.02803
1.74 0.02787
1.70 0.02772
1.66 0.02754
1.62 0.02736
1.58 0.02722
1.54 0.02705
1.49 0.02687
1.45 0.02669
1.41 0.02649
1.37 0.02630
1.33 0.02612
1.29 0.02594
1.25 0.02575
1.20 0.02558
1.16 0.02541
1.12 0.02524
1.08 0.02506
1.04 0.02490
1.00 0.02473
0.95 0.02456
0.91 0.02440
0.87 0.02421
0.83 0.02404
0.79 0.02387
0.75 0.02369
0.71 0.02352
0.66 0.02335
0.62 0.02318
0.58 0.02300
0.54 0.02282
0.50 0.02265
0.46 0.02246
0.42 0.02227
0.37 0.02208
0.33 0.02189
0.29 0.02169
0.25 0.02149
0.21 0.02129
0.17 0.02108
0.12 0.02086
0.08 0.02065
0.04 0.02041
0.00 0.02015
1.23 0.01808
1.21 0.01787
1.20 0.01800
1.18 0.01809
1.17 0.01821
1.15 0.01812
1.14 0.01816
1.12 0.01811
1.10 0.01808
1.09 0.01800
1.07 0.01792
1.06 0.01788
1.04 0.01773
1.03 0.01760
1.01 0.01757
1.00 0.01752
0.98 0.01741
0.96 0.01733
0.95 0.01723
0.93 0.01717
0.92 0.01705
0.90 0.01693
0.89 0.01684
0.87 0.01678
0.86 0.01668
0.84 0.01662
0.82 0.01653
0.81 0.01646
0.79 0.01637
0.78 0.01631
0.76 0.01625
0.75 0.01618
0.73 0.01610
0.72 0.01601
0.70 0.01593
0.68 0.01585
0.67 0.01577
0.65 0.01571
0.64 0.01563
0.62 0.01555
0.61 0.01547
0.59 0.01540
0.58 0.01533
0.56 0.01526
0.54 0.01520
0.53 0.01512
0.51 0.01505
0.50 0.01497
0.48 0.01488
0.47 0.01481
0.45 0.01473
0.44 0.01465
0.42 0.01458
0.40 0.01450
0.39 0.01441
0.37 0.01433
0.36 0.01424
0.34 0.01417
0.33 0.01408
0.31 0.01400
0.30 0.01392
0.28 0.01383
0.26 0.01375
0.25 0.01366
0.23 0.01357
0.22 0.01348
0.20 0.01339
0.19 0.01329
0.17 0.01320
0.16 0.01311
0.14 0.01301
0.12 0.01291
0.11 0.01281
0.09 0.01270
0.08 0.01259
0.06 0.01249
0.05 0.01237
0.03 0.01225
0.02 0.01212
0.00 0.01197
0.49 0.01094
0.49 0.01109
0.48 0.01110
0.47 0.01120
0.47 0.01108
0.46 0.01111
0.46 0.01110
0.45 0.01106
0.44 0.01105
0.44 0.01102
0.43 0.01098
0.43 0.01101
0.42 0.01098
0.42 0.01097
0.41 0.01091
0.40 0.01086
0.40 0.01083
0.39 0.01078
0.39 0.01072
0.38 0.01070
0.37 0.01069
0.37 0.01065
0.36 0.01063
0.36 0.01058
0.35 0.01055
0.35 0.01053
0.34 0.01050
0.33 0.01044
0.33 0.01039
0.32 0.01035
0.32 0.01031
0.31 0.01027
0.30 0.01022
0.30 0.01018
0.29 0.01014
0.29 0.01012
0.28 0.01009
0.28 0.01004
0.27 0.00999
0.26 0.00996
0.26 0.00993
0.25 0.00989
0.25 0.00984
0.24 0.00980
0.23 0.00976
0.23 0.00973
0.22 0.00969
0.22 0.00964
0.21 0.00960
0.20 0.00956
0.20 0.00951
0.19 0.00946
0.19 0.00942
0.18 0.00936
0.18 0.00931
0.17 0.00927
0.16 0.00922
0.16 0.00916
0.15 0.00911
0.15 0.00906
0.14 0.00901
0.13 0.00896
0.13 0.00891
0.12 0.00886
0.12 0.00881
0.11 0.00876
0.11 0.00872
0.10 0.00866
0.09 0.00861
0.09 0.00855
0.08 0.00850
0.08 0.00844
0.07 0.00839
0.06 0.00833
0.06 0.00828
0.05 0.00822
0.05 0.00816
0.04 0.00810
0.04 0.00803
0.03 0.00796
0.02 0.00789
0.02 0.00783
0.01 0.00775
0.01 0.00767
0.00 0.00759
0.20 0.00724
0.19 0.00728
0.19 0.00710
0.19 0.00708
0.19 0.00702
0.19 0.00703
0.18 0.00698
0.18 0.00694
0.18 0.00690
0.18 0.00690
0.17 0.00687
0.17 0.00690
0.17 0.00685
0.17 0.00684
0.17 0.00682
0.16 0.00680
0.16 0.00679
0.16 0.00676
0.16 0.00672
0.15 0.00670
0.15 0.00668
0.15 0.00668
0.15 0.00667
0.15 0.00665
0.14 0.00664
0.14 0.00663
0.14 0.00661
0.14 0.00658
0.13 0.00655
0.13 0.00654
0.13 0.00651
0.13 0.00651
0.13 0.00648
0.12 0.00645
0.12 0.00643
0.12 0.00641
0.12 0.00638
0.11 0.00637
0.11 0.00634
0.11 0.00632
0.11 0.00629
0.11 0.00626
0.10 0.00624
0.10 0.00621
0.10 0.00619
0.10 0.00617
0.09 0.00615
0.09 0.00613
0.09 0.00612
0.09 0.00609
0.09 0.00607
0.08 0.00605
0.08 0.00602
0.08 0.00600
0.08 0.00597
0.08 0.00595
0.07 0.00591
0.07 0.00589
0.07 0.00587
0.07 0.00584
0.06 0.00580
0.06 0.00578
0.06 0.00575
0.06 0.00572
0.06 0.00570
0.05 0.00567
0.05 0.00564
0.05 0.00561
0.05 0.00558
0.04 0.00555
0.04 0.00552
0.04 0.00548
0.04 0.00545
0.04 0.00542
0.03 0.00539
0.03 0.00535
0.03 0.00532
0.03 0.00529
0.02 0.00525
0.02 0.00522
0.02 0.00519
0.02 0.00515
0.02 0.00511
0.01 0.00508
0.01 0.00504
0.01 0.00500
0.01 0.00496
0.00 0.00491
0.00 0.00487
0.00 0.00482
0.08 0.00460
0.08 0.00455
0.08 0.00461
0.08 0.00455
0.08 0.00451
0.07 0.00448
0.07 0.00444
0.07 0.00440
0.07 0.00441
0.07 0.00441
0.07 0.00440
0.07 0.00438
0.07 0.00435
0.07 0.00433
0.07 0.00431
0.07 0.00431
0.07 0.00430
0.06 0.00428
0.06 0.00426
0.06 0.00425
0.06 0.00424
0.06 0.00423
0.06 0.00422
0.06 0.00420
0.06 0.00418
0.06 0.00416
0.06 0.00416
0.06 0.00415
0.06 0.00412
0.05 0.00411
0.05 0.00410
0.05 0.00410
0.05 0.00409
0.05 0.00407
0.05 0.00406
0.05 0.00406
0.05 0.00405
0.05 0.00404
0.05 0.00402
0.05 0.00401
0.05 0.00399
0.04 0.00398
0.04 0.00397
0.04 0.00395
0.04 0.00393
0.04 0.00393
0.04 0.00392
0.04 0.00390
0.04 0.00388
0.04 0.00386
0.04 0.00385
0.04 0.00383
0.04 0.00381
0.03 0.00380
0.03 0.00378
0.03 0.00377
0.03 0.00376
0.03 0.00374
0.03 0.00372
0.03 0.00371
0.03 0.00369
0.03 0.00367
0.03 0.00366
0.03 0.00364
0.03 0.00363
0.02 0.00361
0.02 0.00359
0.02 0.00358
0.02 0.00356
0.02 0.00354
0.02 0.00352
0.02 0.00351
0.02 0.00349
0.02 0.00348
0.02 0.00346
0.02 0.00344
0.02 0.00342
0.01 0.00340
0.01 0.00338
0.01 0.00336
0.01 0.00334
0.01 0.00332
0.01 0.00330
0.01 0.00328
0.01 0.00326
0.01 0.00323
0.01 0.00321
0.01 0.00319
0.01 0.00316
0.00 0.00314
0.00 0.00312
0.00 0.00309
0.00 0.00307
0.00 0.00304
0.00 0.00301
0.00 0.00930
0.00 0.00645
0.00 0.00525
0.00 0.00444
0.00 0.00388
0.00 0.00353
0.00 0.00330
0.00 0.00303
0.00 0.00286
0.00 0.00267
0.00 0.00249
0.00 0.00234
0.00 0.00225
0.00 0.00214
0.00 0.00204
0.00 0.00196
0.00 0.00188
0.00 0.00181
0.00 0.00176
0.00 0.00168
0.00 0.00163
0.00 0.00160
0.00 0.00155
0.00 0.00150
0.00 0.00146
0.00 0.00144
0.00 0.00140
0.00 0.00138
0.00 0.00135
0.00 0.00132
0.00 0.00131
0.00 0.00128
0.00 0.00125
0.00 0.00122
0.00 0.00119
0.00 0.00115
0.00 0.00113
0.00 0.00111
0.00 0.00109
0.00 0.00107
0.00 0.00106
0.00 0.00104
0.00 0.00103
0.00 0.00102
0.00 0.00100
0.00 0.00100
0.00 0.00098
0.00 0.00098
0.00 0.00096
0.00 0.00095
0.00 0.00094
0.00 0.00093
0.00 0.00092
0.00 0.00090
0.00 0.00089
0.00 0.00088
0.00 0.00087
0.00 0.00086
0.00 0.00085
0.00 0.00085
0.00 0.00084
0.00 0.00083
0.00 0.00084
0.00 0.00083
0.00 0.00083
0.00 0.00082
0.00 0.00082
0.00 0.00081
0.00 0.00080
0.00 0.00079
0.00 0.00079
0.00 0.00079
0.00 0.00078
0.00 0.00078
0.00 0.00077
0.00 0.00076
0.00 0.00076
0.00 0.00075
0.00 0.00075
0.00 0.00074
0.00 0.00073
0.00 0.00073
0.00 0.00073
0.00 0.00072
0.00 0.00072
0.00 0.00071
0.00 0.00070
0.00 0.00070
0.00 0.00069
0.00 0.00069
0.00 0.00069
0.00 0.00068
0.00 0.00068
0.00 0.00067
0.00 0.00066
0.00 0.00066
0.00 0.00065
0.00 0.00065
0.00 0.00065
0.00 0.00064
