150.00 0.93105
133.33 0.92978
116.67 0.92533
100.00 0.92237
83.33 0.91826
66.67 0.91527
50.00 0.90393
33.33 0.86772
16.67 0.82228
0.00 0.74018
120.00 0.92280
106.67 0.92407
93.33 0.91262
80.00 0.90849
66.67 0.90414
53.33 0.89204
40.00 0.86632
26.67 0.82875
13.33 0.78241
0.00 0.70424
96.00 0.90700
85.33 0.90358
74.67 0.89535
64.00 0.89033
53.33 0.87945
42.67 0.85833
32.00 0.82490
21.33 0.78434
10.67 0.73653
0.00 0.66295
76.80 0.89410
68.27 0.88667
59.73 0.87082
51.20 0.86503
42.67 0.84493
34.13 0.81183
25.60 0.77822
17.07 0.73734
8.53 0.68902
0.00 0.62021
