300.00 0.51299
293.88 0.48951
287.76 0.47629
281.63 0.46687
275.51 0.46006
269.39 0.45460
263.27 0.44932
257.14 0.44486
251.02 0.44105
244.90 0.43736
238.78 0.43496
232.65 0.43133
226.53 0.42741
220.41 0.42390
214.29 0.42034
208.16 0.41710
202.04 0.41371
195.92 0.41026
189.80 0.40724
183.67 0.40386
177.55 0.40064
171.43 0.39743
165.31 0.39396
159.18 0.39072
153.06 0.38710
146.94 0.38350
140.82 0.38007
134.69 0.37637
128.57 0.37265
122.45 0.36886
116.33 0.36502
110.20 0.36122
104.08 0.35728
97.96 0.35336
91.84 0.34921
85.71 0.34511
79.59 0.34094
73.47 0.33668
67.35 0.33251
61.22 0.32809
55.10 0.32364
48.98 0.31910
42.86 0.31449
36.73 0.30982
30.61 0.30515
24.49 0.30044
18.37 0.29563
12.24 0.29077
6.12 0.28576
0.00 0.28009
120.00 0.24832
117.78 0.25055
115.56 0.25115
113.33 0.24906
111.11 0.24858
108.89 0.24775
106.67 0.24670
104.44 0.24558
102.22 0.24375
100.00 0.24199
97.78 0.24033
95.56 0.23826
93.33 0.23656
91.11 0.23547
88.89 0.23376
86.67 0.23195
84.44 0.23007
82.22 0.22845
80.00 0.22691
77.78 0.22531
75.56 0.22347
73.33 0.22162
71.11 0.21975
68.89 0.21804
66.67 0.21615
64.44 0.21398
62.22 0.21202
60.00 0.21020
57.78 0.20828
55.56 0.20627
53.33 0.20442
51.11 0.20248
48.89 0.20049
46.67 0.19852
44.44 0.19663
42.22 0.19456
40.00 0.19255
37.78 0.19050
35.56 0.18845
33.33 0.18653
31.11 0.18452
28.89 0.18246
26.67 0.18042
24.44 0.17837
22.22 0.17620
20.00 0.17395
17.78 0.17185
15.56 0.16971
13.33 0.16747
11.11 0.16520
8.89 0.16292
6.67 0.16060
4.44 0.15819
2.22 0.15572
0.00 0.15292
48.00 0.13568
47.19 0.13500
46.37 0.13472
45.56 0.13410
44.75 0.13313
43.93 0.13195
43.12 0.13184
42.31 0.13159
41.49 0.13109
40.68 0.13075
39.86 0.13036
39.05 0.12941
38.24 0.12835
37.42 0.12737
36.61 0.12635
35.80 0.12522
34.98 0.12403
34.17 0.12300
33.36 0.12202
32.54 0.12116
31.73 0.12017
30.92 0.11918
30.10 0.11823
29.29 0.11729
28.47 0.11627
27.66 0.11536
26.85 0.11442
26.03 0.11347
25.22 0.11249
24.41 0.11158
23.59 0.11063
22.78 0.10976
21.97 0.10891
21.15 0.10801
20.34 0.10706
19.53 0.10611
18.71 0.10526
17.90 0.10430
17.08 0.10348
16.27 0.10265
15.46 0.10168
14.64 0.10075
13.83 0.09985
13.02 0.09896
12.20 0.09806
11.39 0.09717
10.58 0.09632
9.76 0.09540
8.95 0.09447
8.14 0.09352
7.32 0.09255
6.51 0.09157
5.69 0.09058
4.88 0.08958
4.07 0.08854
3.25 0.08746
2.44 0.08637
1.63 0.08522
0.81 0.08400
0.00 0.08263
19.20 0.07570
18.90 0.07528
18.60 0.07429
18.30 0.07334
18.00 0.07307
17.70 0.07267
17.40 0.07257
17.10 0.07233
16.80 0.07182
16.50 0.07137
16.20 0.07105
15.90 0.07055
15.60 0.07003
15.30 0.06961
15.00 0.06931
14.70 0.06881
14.40 0.06832
14.10 0.06792
13.80 0.06749
13.50 0.06710
13.20 0.06668
12.90 0.06621
12.60 0.06576
12.30 0.06526
12.00 0.06481
11.70 0.06440
11.40 0.06403
11.10 0.06361
10.80 0.06316
10.50 0.06271
10.20 0.06229
9.90 0.06185
9.60 0.06144
9.30 0.06103
9.00 0.06058
8.70 0.06012
8.40 0.05968
8.10 0.05926
7.80 0.05882
7.50 0.05838
7.20 0.05797
6.90 0.05752
6.60 0.05708
6.30 0.05664
6.00 0.05621
5.70 0.05580
5.40 0.05534
5.10 0.05491
4.80 0.05448
4.50 0.05403
4.20 0.05356
3.90 0.05308
3.60 0.05263
3.30 0.05215
3.00 0.05166
2.70 0.05115
2.40 0.05066
2.10 0.05016
1.80 0.04964
1.50 0.04912
1.20 0.04858
0.90 0.04802
0.60 0.04743
0.30 0.04683
0.00 0.04613
7.68 0.04390
7.57 0.04279
7.46 0.04271
7.35 0.04261
7.23 0.04210
7.12 0.04193
7.01 0.04186
6.90 0.04179
6.79 0.04155
6.68 0.04136
6.57 0.04122
6.46 0.04088
6.34 0.04065
6.23 0.04042
6.12 0.04024
6.01 0.04007
5.90 0.03987
5.79 0.03963
5.68 0.03945
5.57 0.03927
5.45 0.03908
5.34 0.03893
5.23 0.03879
5.12 0.03859
5.01 0.03843
4.90 0.03823
4.79 0.03801
4.67 0.03779
4.56 0.03760
4.45 0.03745
4.34 0.03726
4.23 0.03709
4.12 0.03688
4.01 0.03669
3.90 0.03649
3.78 0.03632
3.67 0.03613
3.56 0.03590
3.45 0.03569
3.34 0.03546
3.23 0.03524
3.12 0.03503
3.01 0.03481
2.89 0.03458
2.78 0.03437
2.67 0.03415
2.56 0.03395
2.45 0.03374
2.34 0.03352
2.23 0.03327
2.11 0.03304
2.00 0.03279
1.89 0.03255
1.78 0.03231
1.67 0.03206
1.56 0.03183
1.45 0.03158
1.34 0.03132
1.22 0.03106
1.11 0.03081
1.00 0.03054
0.89 0.03028
0.78 0.03000
0.67 0.02971
0.56 0.02942
0.45 0.02913
0.33 0.02882
0.22 0.02850
0.11 0.02816
0.00 0.02777
3.07 0.02588
3.03 0.02543
2.99 0.02568
2.95 0.02542
2.91 0.02555
2.86 0.02558
2.82 0.02548
2.78 0.02536
2.74 0.02524
2.70 0.02517
2.66 0.02515
2.62 0.02497
2.57 0.02484
2.53 0.02479
2.49 0.02466
2.45 0.02454
2.41 0.02443
2.37 0.02435
2.32 0.02427
2.28 0.02419
2.24 0.02410
2.20 0.02404
2.16 0.02397
2.12 0.02390
2.08 0.02380
2.03 0.02371
1.99 0.02361
1.95 0.02350
1.91 0.02339
1.87 0.02328
1.83 0.02320
1.79 0.02310
1.74 0.02298
1.70 0.02286
1.66 0.02274
1.62 0.02265
1.58 0.02253
1.54 0.02240
1.49 0.02230
1.45 0.02218
1.41 0.02207
1.37 0.02196
1.33 0.02186
1.29 0.02174
1.25 0.02163
1.20 0.02151
1.16 0.02138
1.12 0.02127
1.08 0.02114
1.04 0.02102
1.00 0.02089
0.95 0.02077
0.91 0.02064
0.87 0.02052
0.83 0.02038
0.79 0.02026
0.75 0.02011
0.71 0.01997
0.66 0.01984
0.62 0.01971
0.58 0.01957
0.54 0.01942
0.50 0.01928
0.46 0.01914
0.42 0.01899
0.37 0.01884
0.33 0.01867
0.29 0.01852
0.25 0.01835
0.21 0.01819
0.17 0.01802
0.12 0.01784
0.08 0.01765
0.04 0.01745
0.00 0.01723
1.23 0.01591
1.21 0.01640
1.20 0.01629
1.18 0.01613
1.17 0.01604
1.15 0.01600
1.14 0.01596
1.12 0.01596
1.10 0.01590
1.09 0.01588
1.07 0.01585
1.06 0.01587
1.04 0.01578
1.03 0.01574
1.01 0.01566
1.00 0.01559
0.98 0.01557
0.96 0.01549
0.95 0.01539
0.93 0.01532
0.92 0.01528
0.90 0.01520
0.89 0.01510
0.87 0.01501
0.86 0.01495
0.84 0.01492
0.82 0.01483
0.81 0.01478
0.79 0.01471
0.78 0.01464
0.76 0.01458
0.75 0.01452
0.73 0.01446
0.72 0.01440
0.70 0.01433
0.68 0.01426
0.67 0.01419
0.65 0.01414
0.64 0.01409
0.62 0.01400
0.61 0.01394
0.59 0.01389
0.58 0.01383
0.56 0.01376
0.54 0.01369
0.53 0.01362
0.51 0.01355
0.50 0.01348
0.48 0.01342
0.47 0.01335
0.45 0.01329
0.44 0.01321
0.42 0.01314
0.40 0.01305
0.39 0.01297
0.37 0.01291
0.36 0.01284
0.34 0.01276
0.33 0.01269
0.31 0.01261
0.30 0.01254
0.28 0.01247
0.26 0.01238
0.25 0.01230
0.23 0.01222
0.22 0.01214
0.20 0.01206
0.19 0.01198
0.17 0.01189
0.16 0.01181
0.14 0.01172
0.12 0.01162
0.11 0.01152
0.09 0.01143
0.08 0.01133
0.06 0.01123
0.05 0.01112
0.03 0.01101
0.02 0.01090
0.00 0.01077
0.49 0.00965
0.49 0.01008
0.48 0.01031
0.47 0.01032
0.47 0.01023
0.46 0.01013
0.46 0.01009
0.45 0.01011
0.44 0.01005
0.44 0.01002
0.43 0.00997
0.43 0.00991
0.42 0.00987
0.42 0.00987
0.41 0.00985
0.40 0.00982
0.40 0.00978
0.39 0.00977
0.39 0.00974
0.38 0.00971
0.37 0.00970
0.37 0.00967
0.36 0.00966
0.36 0.00961
0.35 0.00955
0.35 0.00949
0.34 0.00946
0.33 0.00942
0.33 0.00938
0.32 0.00933
0.32 0.00930
0.31 0.00926
0.30 0.00923
0.30 0.00919
0.29 0.00918
0.29 0.00912
0.28 0.00908
0.28 0.00905
0.27 0.00902
0.26 0.00899
0.26 0.00897
0.25 0.00893
0.25 0.00891
0.24 0.00887
0.23 0.00883
0.23 0.00878
0.22 0.00873
0.22 0.00870
0.21 0.00867
0.20 0.00862
0.20 0.00857
0.19 0.00854
0.19 0.00850
0.18 0.00846
0.18 0.00842
0.17 0.00838
0.16 0.00833
0.16 0.00829
0.15 0.00825
0.15 0.00819
0.14 0.00816
0.13 0.00811
0.13 0.00806
0.12 0.00802
0.12 0.00798
0.11 0.00792
0.11 0.00788
0.10 0.00783
0.09 0.00779
0.09 0.00773
0.08 0.00768
0.08 0.00763
0.07 0.00757
0.06 0.00752
0.06 0.00747
0.05 0.00741
0.05 0.00736
0.04 0.00731
0.04 0.00725
0.03 0.00719
0.02 0.00713
0.02 0.00706
0.01 0.00700
0.01 0.00692
0.00 0.00685
0.20 0.00646
0.19 0.00660
0.19 0.00660
0.19 0.00649
0.19 0.00647
0.19 0.00640
0.18 0.00643
0.18 0.00641
0.18 0.00636
0.18 0.00639
0.17 0.00633
0.17 0.00629
0.17 0.00629
0.17 0.00625
0.17 0.00625
0.16 0.00622
0.16 0.00622
0.16 0.00621
0.16 0.00618
0.15 0.00617
0.15 0.00615
0.15 0.00613
0.15 0.00612
0.15 0.00611
0.14 0.00607
0.14 0.00604
0.14 0.00601
0.14 0.00600
0.13 0.00598
0.13 0.00595
0.13 0.00593
0.13 0.00590
0.13 0.00589
0.12 0.00587
0.12 0.00584
0.12 0.00581
0.12 0.00579
0.11 0.00576
0.11 0.00573
0.11 0.00570
0.11 0.00568
0.11 0.00566
0.10 0.00564
0.10 0.00562
0.10 0.00560
0.10 0.00557
0.09 0.00555
0.09 0.00552
0.09 0.00550
0.09 0.00547
0.09 0.00545
0.08 0.00542
0.08 0.00540
0.08 0.00538
0.08 0.00535
0.08 0.00533
0.07 0.00531
0.07 0.00528
0.07 0.00525
0.07 0.00523
0.06 0.00520
0.06 0.00517
0.06 0.00514
0.06 0.00512
0.06 0.00509
0.05 0.00506
0.05 0.00503
0.05 0.00501
0.05 0.00498
0.04 0.00496
0.04 0.00493
0.04 0.00490
0.04 0.00487
0.04 0.00484
0.03 0.00481
0.03 0.00478
0.03 0.00475
0.03 0.00472
0.02 0.00469
0.02 0.00466
0.02 0.00462
0.02 0.00459
0.02 0.00456
0.01 0.00452
0.01 0.00449
0.01 0.00445
0.01 0.00442
0.00 0.00438
0.00 0.00434
0.00 0.00429
0.08 0.00420
0.08 0.00400
0.08 0.00419
0.08 0.00414
0.08 0.00424
0.07 0.00424
0.07 0.00422
0.07 0.00424
0.07 0.00420
0.07 0.00415
0.07 0.00413
0.07 0.00411
0.07 0.00408
0.07 0.00405
0.07 0.00402
0.07 0.00400
0.07 0.00399
0.06 0.00398
0.06 0.00397
0.06 0.00395
0.06 0.00395
0.06 0.00393
0.06 0.00392
0.06 0.00391
0.06 0.00391
0.06 0.00390
0.06 0.00389
0.06 0.00389
0.06 0.00387
0.05 0.00386
0.05 0.00385
0.05 0.00383
0.05 0.00380
0.05 0.00379
0.05 0.00377
0.05 0.00375
0.05 0.00374
0.05 0.00373
0.05 0.00371
0.05 0.00369
0.05 0.00367
0.04 0.00365
0.04 0.00364
0.04 0.00362
0.04 0.00360
0.04 0.00360
0.04 0.00358
0.04 0.00357
0.04 0.00356
0.04 0.00354
0.04 0.00353
0.04 0.00352
0.04 0.00351
0.03 0.00349
0.03 0.00348
0.03 0.00346
0.03 0.00345
0.03 0.00343
0.03 0.00342
0.03 0.00341
0.03 0.00339
0.03 0.00338
0.03 0.00336
0.03 0.00335
0.03 0.00333
0.02 0.00332
0.02 0.00330
0.02 0.00329
0.02 0.00327
0.02 0.00325
0.02 0.00324
0.02 0.00322
0.02 0.00320
0.02 0.00318
0.02 0.00316
0.02 0.00314
0.02 0.00313
0.01 0.00311
0.01 0.00309
0.01 0.00307
0.01 0.00305
0.01 0.00303
0.01 0.00302
0.01 0.00300
0.01 0.00298
0.01 0.00296
0.01 0.00294
0.01 0.00292
0.01 0.00289
0.00 0.00287
0.00 0.00285
0.00 0.00283
0.00 0.00280
0.00 0.00278
0.00 0.00275
0.00 0.01539
0.00 0.01266
0.00 0.01234
0.00 0.01232
0.00 0.01313
0.00 0.01406
0.00 0.01416
0.00 0.01411
0.00 0.01368
0.00 0.01312
0.00 0.01260
0.00 0.01206
0.00 0.01158
0.00 0.01112
0.00 0.01065
0.00 0.01022
0.00 0.00993
0.00 0.00963
0.00 0.00932
0.00 0.00903
0.00 0.00875
0.00 0.00853
0.00 0.00830
0.00 0.00809
0.00 0.00789
0.00 0.00769
0.00 0.00748
0.00 0.00729
0.00 0.00715
0.00 0.00701
0.00 0.00688
0.00 0.00673
0.00 0.00658
0.00 0.00645
0.00 0.00633
0.00 0.00622
0.00 0.00609
0.00 0.00599
0.00 0.00587
0.00 0.00578
0.00 0.00568
0.00 0.00559
0.00 0.00549
0.00 0.00541
0.00 0.00532
0.00 0.00524
0.00 0.00516
0.00 0.00510
0.00 0.00503
0.00 0.00497
0.00 0.00491
0.00 0.00485
0.00 0.00479
0.00 0.00474
0.00 0.00467
0.00 0.00462
0.00 0.00457
0.00 0.00453
0.00 0.00449
0.00 0.00444
0.00 0.00439
0.00 0.00433
0.00 0.00428
0.00 0.00423
0.00 0.00418
0.00 0.00414
0.00 0.00410
0.00 0.00405
0.00 0.00401
0.00 0.00397
0.00 0.00393
0.00 0.00389
0.00 0.00385
0.00 0.00381
0.00 0.00378
0.00 0.00375
0.00 0.00372
0.00 0.00369
0.00 0.00366
0.00 0.00362
0.00 0.00358
0.00 0.00355
0.00 0.00352
0.00 0.00349
0.00 0.00346
0.00 0.00343
0.00 0.00340
0.00 0.00338
0.00 0.00335
0.00 0.00332
0.00 0.00330
0.00 0.00328
0.00 0.00325
0.00 0.00323
0.00 0.00321
0.00 0.00319
0.00 0.00317
0.00 0.00315
0.00 0.00313
0.00 0.00310
