150.00 0.91520
133.33 0.92158
116.67 0.92280
100.00 0.91890
83.33 0.91494
66.67 0.90522
50.00 0.88805
33.33 0.86396
16.67 0.82630
0.00 0.74374
120.00 0.92170
106.67 0.91395
93.33 0.90930
80.00 0.90069
66.67 0.88987
53.33 0.88187
40.00 0.86044
26.67 0.83152
13.33 0.79423
0.00 0.71486
96.00 0.90440
85.33 0.89860
74.67 0.89695
64.00 0.88838
53.33 0.87672
42.67 0.85113
32.00 0.82529
21.33 0.79512
10.67 0.75642
0.00 0.68085
76.80 0.87245
68.27 0.87482
59.73 0.87045
51.20 0.85346
42.67 0.83755
34.13 0.81549
25.60 0.78496
17.07 0.75360
8.53 0.71624
0.00 0.64469
