150.00 0.94670
133.33 0.94412
116.67 0.94168
100.00 0.94190
83.33 0.94236
66.67 0.94228
50.00 0.94323
33.33 0.94264
16.67 0.94108
0.00 0.84745
120.00 0.93390
106.67 0.93753
93.33 0.93798
80.00 0.93732
66.67 0.93897
53.33 0.93976
40.00 0.93936
26.67 0.93901
13.33 0.93751
0.00 0.84529
96.00 0.94535
85.33 0.93837
74.67 0.93742
64.00 0.94140
53.33 0.94285
42.67 0.94281
32.00 0.94272
21.33 0.94175
10.67 0.93959
0.00 0.84708
76.80 0.94730
68.27 0.94365
59.73 0.94210
51.20 0.94155
42.67 0.94120
34.13 0.94079
25.60 0.93909
17.07 0.93799
8.53 0.93566
0.00 0.84345
