25.00 0.94515
22.22 0.94358
19.44 0.94430
16.67 0.94400
13.89 0.94283
11.11 0.94207
8.33 0.94007
5.56 0.93336
2.78 0.90562
0.00 0.81524
20.00 0.94780
17.78 0.94265
15.56 0.94133
13.33 0.94001
11.11 0.93910
8.89 0.93817
6.67 0.93365
4.44 0.92381
2.22 0.89121
0.00 0.80229
16.00 0.94765
14.22 0.94525
12.44 0.94207
10.67 0.93978
8.89 0.93820
7.11 0.93098
5.33 0.92487
3.56 0.91246
1.78 0.86648
0.00 0.77990
12.80 0.93375
11.38 0.93755
9.96 0.93277
8.53 0.93242
7.11 0.92675
5.69 0.92486
4.27 0.91537
2.84 0.88143
1.42 0.82768
0.00 0.74498
