150.00 0.94445
133.33 0.94503
116.67 0.94697
100.00 0.94778
83.33 0.94581
66.67 0.94526
50.00 0.94352
33.33 0.94263
16.67 0.93943
0.00 0.84588
120.00 0.94140
106.67 0.94317
93.33 0.94330
80.00 0.94385
66.67 0.94432
53.33 0.94378
40.00 0.94449
26.67 0.94309
13.33 0.93335
0.00 0.84027
96.00 0.93735
85.33 0.94330
74.67 0.94395
64.00 0.94505
53.33 0.94493
42.67 0.94409
32.00 0.94219
21.33 0.93942
10.67 0.92870
0.00 0.83609
76.80 0.94870
68.27 0.94583
59.73 0.94502
51.20 0.94376
42.67 0.94240
34.13 0.94069
25.60 0.93894
17.07 0.93505
8.53 0.90818
0.00 0.81784
