300.00 0.48161
293.88 0.46488
287.76 0.45757
281.63 0.45275
275.51 0.44891
269.39 0.44572
263.27 0.44224
257.14 0.43842
251.02 0.43536
244.90 0.43207
238.78 0.42895
232.65 0.42579
226.53 0.42260
220.41 0.41933
214.29 0.41663
208.16 0.41357
202.04 0.41037
195.92 0.40727
189.80 0.40429
183.67 0.40088
177.55 0.39776
171.43 0.39476
165.31 0.39138
159.18 0.38802
153.06 0.38451
146.94 0.38139
140.82 0.37809
134.69 0.37469
128.57 0.37124
122.45 0.36749
116.33 0.36384
110.20 0.36000
104.08 0.35625
97.96 0.35242
91.84 0.34853
85.71 0.34463
79.59 0.34053
73.47 0.33653
67.35 0.33244
61.22 0.32813
55.10 0.32384
48.98 0.31952
42.86 0.31514
36.73 0.31082
30.61 0.30635
24.49 0.30176
18.37 0.29696
12.24 0.29203
6.12 0.28693
0.00 0.28123
120.00 0.25673
117.78 0.25700
115.56 0.25636
113.33 0.25302
111.11 0.25042
108.89 0.24873
106.67 0.24813
104.44 0.24632
102.22 0.24516
100.00 0.24411
97.78 0.24261
95.56 0.24070
93.33 0.23912
91.11 0.23710
88.89 0.23562
86.67 0.23381
84.44 0.23190
82.22 0.22999
80.00 0.22794
77.78 0.22629
75.56 0.22472
73.33 0.22292
71.11 0.22121
68.89 0.21948
66.67 0.21778
64.44 0.21607
62.22 0.21422
60.00 0.21237
57.78 0.21073
55.56 0.20889
53.33 0.20700
51.11 0.20506
48.89 0.20318
46.67 0.20123
44.44 0.19932
42.22 0.19732
40.00 0.19527
37.78 0.19318
35.56 0.19113
33.33 0.18901
31.11 0.18683
28.89 0.18472
26.67 0.18266
24.44 0.18046
22.22 0.17823
20.00 0.17603
17.78 0.17397
15.56 0.17183
13.33 0.16964
11.11 0.16742
8.89 0.16509
6.67 0.16271
4.44 0.16024
2.22 0.15770
0.00 0.15487
48.00 0.13881
47.19 0.13751
46.37 0.13545
45.56 0.13491
44.75 0.13413
43.93 0.13368
43.12 0.13325
42.31 0.13243
41.49 0.13193
40.68 0.13129
39.86 0.13048
39.05 0.12989
38.24 0.12862
37.42 0.12778
36.61 0.12704
35.80 0.12653
34.98 0.12604
34.17 0.12531
33.36 0.12432
32.54 0.12344
31.73 0.12266
30.92 0.12200
30.10 0.12124
29.29 0.12046
28.47 0.11978
27.66 0.11900
26.85 0.11842
26.03 0.11771
25.22 0.11728
24.41 0.11664
23.59 0.11583
22.78 0.11509
21.97 0.11423
21.15 0.11350
20.34 0.11282
19.53 0.11200
18.71 0.11107
17.90 0.11009
17.08 0.10927
16.27 0.10837
15.46 0.10751
14.64 0.10656
13.83 0.10565
13.02 0.10472
12.20 0.10382
11.39 0.10292
10.58 0.10193
9.76 0.10093
8.95 0.09989
8.14 0.09886
7.32 0.09782
6.51 0.09676
5.69 0.09568
4.88 0.09456
4.07 0.09344
3.25 0.09230
2.44 0.09111
1.63 0.08989
0.81 0.08861
0.00 0.08716
19.20 0.07575
18.90 0.07581
18.60 0.07523
18.30 0.07445
18.00 0.07401
17.70 0.07341
17.40 0.07298
17.10 0.07224
16.80 0.07173
16.50 0.07136
16.20 0.07098
15.90 0.07040
15.60 0.07003
15.30 0.06993
15.00 0.06963
14.70 0.06922
14.40 0.06867
14.10 0.06828
13.80 0.06780
13.50 0.06739
13.20 0.06698
12.90 0.06655
12.60 0.06615
12.30 0.06574
12.00 0.06537
11.70 0.06505
11.40 0.06473
11.10 0.06444
10.80 0.06426
10.50 0.06401
10.20 0.06374
9.90 0.06350
9.60 0.06322
9.30 0.06306
9.00 0.06288
8.70 0.06258
8.40 0.06224
8.10 0.06188
7.80 0.06156
7.50 0.06118
7.20 0.06085
6.90 0.06053
6.60 0.06017
6.30 0.05981
6.00 0.05941
5.70 0.05901
5.40 0.05862
5.10 0.05825
4.80 0.05789
4.50 0.05754
4.20 0.05716
3.90 0.05668
3.60 0.05621
3.30 0.05574
3.00 0.05523
2.70 0.05471
2.40 0.05421
2.10 0.05368
1.80 0.05315
1.50 0.05260
1.20 0.05203
0.90 0.05142
0.60 0.05081
0.30 0.05016
0.00 0.04940
7.68 0.04744
7.57 0.04756
7.46 0.04686
7.35 0.04636
7.23 0.04605
7.12 0.04608
7.01 0.04605
6.90 0.04557
6.79 0.04514
6.68 0.04494
6.57 0.04488
6.46 0.04485
6.34 0.04458
6.23 0.04435
6.12 0.04415
6.01 0.04399
5.90 0.04392
5.79 0.04385
5.68 0.04371
5.57 0.04360
5.45 0.04342
5.34 0.04324
5.23 0.04310
5.12 0.04294
5.01 0.04281
4.90 0.04257
4.79 0.04235
4.67 0.04217
4.56 0.04202
4.45 0.04193
4.34 0.04170
4.23 0.04144
4.12 0.04117
4.01 0.04095
3.90 0.04072
3.78 0.04047
3.67 0.04026
3.56 0.04012
3.45 0.04004
3.34 0.03993
3.23 0.03978
3.12 0.03958
3.01 0.03935
2.89 0.03912
2.78 0.03890
2.67 0.03864
2.56 0.03839
2.45 0.03810
2.34 0.03783
2.23 0.03757
2.11 0.03729
2.00 0.03700
1.89 0.03671
1.78 0.03643
1.67 0.03614
1.56 0.03583
1.45 0.03554
1.34 0.03524
1.22 0.03494
1.11 0.03463
1.00 0.03432
0.89 0.03402
0.78 0.03370
0.67 0.03338
0.56 0.03305
0.45 0.03272
0.33 0.03238
0.22 0.03201
0.11 0.03163
0.00 0.03119
3.07 0.02899
3.03 0.02942
2.99 0.03044
2.95 0.03094
2.91 0.03153
2.86 0.03139
2.82 0.03132
2.78 0.03122
2.74 0.03119
2.70 0.03128
2.66 0.03112
2.62 0.03107
2.57 0.03108
2.53 0.03096
2.49 0.03082
2.45 0.03066
2.41 0.03058
2.37 0.03048
2.32 0.03050
2.28 0.03044
2.24 0.03034
2.20 0.03024
2.16 0.03016
2.12 0.03011
2.08 0.03001
2.03 0.02991
1.99 0.02977
1.95 0.02964
1.91 0.02960
1.87 0.02955
1.83 0.02948
1.79 0.02940
1.74 0.02930
1.70 0.02913
1.66 0.02894
1.62 0.02871
1.58 0.02849
1.54 0.02829
1.49 0.02809
1.45 0.02795
1.41 0.02785
1.37 0.02773
1.33 0.02761
1.29 0.02750
1.25 0.02739
1.20 0.02728
1.16 0.02713
1.12 0.02698
1.08 0.02684
1.04 0.02670
1.00 0.02654
0.95 0.02637
0.91 0.02620
0.87 0.02604
0.83 0.02586
0.79 0.02569
0.75 0.02551
0.71 0.02534
0.66 0.02517
0.62 0.02499
0.58 0.02481
0.54 0.02464
0.50 0.02445
0.46 0.02426
0.42 0.02407
0.37 0.02389
0.33 0.02369
0.29 0.02349
0.25 0.02328
0.21 0.02307
0.17 0.02285
0.12 0.02263
0.08 0.02240
0.04 0.02214
0.00 0.02186
1.23 0.02117
1.21 0.02059
1.20 0.02041
1.18 0.02023
1.17 0.02021
1.15 0.02021
1.14 0.02000
1.12 0.01974
1.10 0.01977
1.09 0.01982
1.07 0.01980
1.06 0.01982
1.04 0.01976
1.03 0.01971
1.01 0.01962
1.00 0.01957
0.98 0.01959
0.96 0.01956
0.95 0.01951
0.93 0.01942
0.92 0.01931
0.90 0.01921
0.89 0.01909
0.87 0.01901
0.86 0.01893
0.84 0.01884
0.82 0.01876
0.81 0.01870
0.79 0.01866
0.78 0.01857
0.76 0.01849
0.75 0.01840
0.73 0.01830
0.72 0.01821
0.70 0.01814
0.68 0.01806
0.67 0.01797
0.65 0.01787
0.64 0.01779
0.62 0.01770
0.61 0.01759
0.59 0.01748
0.58 0.01739
0.56 0.01730
0.54 0.01720
0.53 0.01709
0.51 0.01699
0.50 0.01688
0.48 0.01677
0.47 0.01667
0.45 0.01658
0.44 0.01648
0.42 0.01637
0.40 0.01627
0.39 0.01616
0.37 0.01606
0.36 0.01596
0.34 0.01586
0.33 0.01577
0.31 0.01567
0.30 0.01557
0.28 0.01547
0.26 0.01535
0.25 0.01525
0.23 0.01514
0.22 0.01503
0.20 0.01493
0.19 0.01481
0.17 0.01470
0.16 0.01459
0.14 0.01448
0.12 0.01436
0.11 0.01424
0.09 0.01412
0.08 0.01399
0.06 0.01386
0.05 0.01373
0.03 0.01359
0.02 0.01345
0.00 0.01329
0.49 0.01164
0.49 0.01191
0.48 0.01170
0.47 0.01167
0.47 0.01163
0.46 0.01157
0.46 0.01148
0.45 0.01148
0.44 0.01153
0.44 0.01148
0.43 0.01147
0.43 0.01141
0.42 0.01136
0.42 0.01135
0.41 0.01136
0.40 0.01132
0.40 0.01129
0.39 0.01125
0.39 0.01123
0.38 0.01123
0.37 0.01119
0.37 0.01121
0.36 0.01118
0.36 0.01113
0.35 0.01109
0.35 0.01105
0.34 0.01102
0.33 0.01098
0.33 0.01092
0.32 0.01090
0.32 0.01085
0.31 0.01080
0.30 0.01076
0.30 0.01075
0.29 0.01070
0.29 0.01065
0.28 0.01061
0.28 0.01058
0.27 0.01054
0.26 0.01049
0.26 0.01045
0.25 0.01041
0.25 0.01037
0.24 0.01033
0.23 0.01030
0.23 0.01027
0.22 0.01022
0.22 0.01018
0.21 0.01013
0.20 0.01008
0.20 0.01004
0.19 0.00998
0.19 0.00993
0.18 0.00988
0.18 0.00984
0.17 0.00979
0.16 0.00975
0.16 0.00969
0.15 0.00964
0.15 0.00960
0.14 0.00954
0.13 0.00949
0.13 0.00944
0.12 0.00938
0.12 0.00932
0.11 0.00927
0.11 0.00921
0.10 0.00916
0.09 0.00910
0.09 0.00905
0.08 0.00899
0.08 0.00893
0.07 0.00888
0.06 0.00882
0.06 0.00876
0.05 0.00870
0.05 0.00864
0.04 0.00857
0.04 0.00851
0.03 0.00844
0.02 0.00837
0.02 0.00829
0.01 0.00822
0.01 0.00814
0.00 0.00805
0.20 0.00813
0.19 0.00800
0.19 0.00796
0.19 0.00796
0.19 0.00785
0.19 0.00775
0.18 0.00773
0.18 0.00773
0.18 0.00763
0.18 0.00760
0.17 0.00759
0.17 0.00754
0.17 0.00748
0.17 0.00749
0.17 0.00745
0.16 0.00741
0.16 0.00739
0.16 0.00735
0.16 0.00732
0.15 0.00729
0.15 0.00727
0.15 0.00726
0.15 0.00722
0.15 0.00719
0.14 0.00716
0.14 0.00712
0.14 0.00709
0.14 0.00705
0.13 0.00702
0.13 0.00700
0.13 0.00698
0.13 0.00695
0.13 0.00694
0.12 0.00691
0.12 0.00687
0.12 0.00684
0.12 0.00681
0.11 0.00680
0.11 0.00678
0.11 0.00676
0.11 0.00673
0.11 0.00670
0.10 0.00667
0.10 0.00664
0.10 0.00661
0.10 0.00658
0.09 0.00656
0.09 0.00654
0.09 0.00650
0.09 0.00648
0.09 0.00644
0.08 0.00642
0.08 0.00640
0.08 0.00637
0.08 0.00634
0.08 0.00631
0.07 0.00628
0.07 0.00625
0.07 0.00622
0.07 0.00618
0.06 0.00616
0.06 0.00613
0.06 0.00610
0.06 0.00607
0.06 0.00603
0.05 0.00600
0.05 0.00596
0.05 0.00593
0.05 0.00590
0.04 0.00587
0.04 0.00584
0.04 0.00581
0.04 0.00578
0.04 0.00574
0.03 0.00570
0.03 0.00567
0.03 0.00564
0.03 0.00560
0.02 0.00556
0.02 0.00553
0.02 0.00549
0.02 0.00545
0.02 0.00541
0.01 0.00537
0.01 0.00533
0.01 0.00529
0.01 0.00524
0.00 0.00520
0.00 0.00515
0.00 0.00510
0.08 0.00494
0.08 0.00475
0.08 0.00475
0.08 0.00470
0.08 0.00462
0.07 0.00466
0.07 0.00464
0.07 0.00466
0.07 0.00465
0.07 0.00463
0.07 0.00462
0.07 0.00463
0.07 0.00462
0.07 0.00460
0.07 0.00460
0.07 0.00458
0.07 0.00457
0.06 0.00457
0.06 0.00456
0.06 0.00455
0.06 0.00454
0.06 0.00453
0.06 0.00453
0.06 0.00451
0.06 0.00451
0.06 0.00450
0.06 0.00450
0.06 0.00448
0.06 0.00446
0.05 0.00443
0.05 0.00442
0.05 0.00440
0.05 0.00439
0.05 0.00438
0.05 0.00437
0.05 0.00436
0.05 0.00436
0.05 0.00434
0.05 0.00433
0.05 0.00431
0.05 0.00430
0.04 0.00430
0.04 0.00428
0.04 0.00426
0.04 0.00424
0.04 0.00423
0.04 0.00421
0.04 0.00420
0.04 0.00418
0.04 0.00416
0.04 0.00414
0.04 0.00412
0.04 0.00411
0.03 0.00409
0.03 0.00407
0.03 0.00405
0.03 0.00403
0.03 0.00401
0.03 0.00399
0.03 0.00397
0.03 0.00396
0.03 0.00395
0.03 0.00393
0.03 0.00391
0.03 0.00389
0.02 0.00388
0.02 0.00386
0.02 0.00384
0.02 0.00382
0.02 0.00380
0.02 0.00378
0.02 0.00377
0.02 0.00374
0.02 0.00372
0.02 0.00370
0.02 0.00368
0.02 0.00366
0.01 0.00364
0.01 0.00362
0.01 0.00360
0.01 0.00358
0.01 0.00355
0.01 0.00353
0.01 0.00351
0.01 0.00349
0.01 0.00346
0.01 0.00344
0.01 0.00341
0.01 0.00339
0.00 0.00336
0.00 0.00333
0.00 0.00331
0.00 0.00328
0.00 0.00325
0.00 0.00322
0.00 0.02121
0.00 0.01595
0.00 0.01280
0.00 0.01123
0.00 0.01006
0.00 0.00923
0.00 0.00842
0.00 0.00760
0.00 0.00713
0.00 0.00666
0.00 0.00636
0.00 0.00607
0.00 0.00579
0.00 0.00555
0.00 0.00535
0.00 0.00518
0.00 0.00501
0.00 0.00485
0.00 0.00468
0.00 0.00453
0.00 0.00442
0.00 0.00430
0.00 0.00423
0.00 0.00413
0.00 0.00403
0.00 0.00394
0.00 0.00383
0.00 0.00377
0.00 0.00370
0.00 0.00365
0.00 0.00358
0.00 0.00351
0.00 0.00345
0.00 0.00338
0.00 0.00330
0.00 0.00325
0.00 0.00320
0.00 0.00314
0.00 0.00311
0.00 0.00306
0.00 0.00302
0.00 0.00298
0.00 0.00294
0.00 0.00290
0.00 0.00285
0.00 0.00281
0.00 0.00277
0.00 0.00274
0.00 0.00270
0.00 0.00267
0.00 0.00263
0.00 0.00260
0.00 0.00256
0.00 0.00254
0.00 0.00251
0.00 0.00248
0.00 0.00246
0.00 0.00244
0.00 0.00242
0.00 0.00240
0.00 0.00238
0.00 0.00237
0.00 0.00235
0.00 0.00234
0.00 0.00232
0.00 0.00231
0.00 0.00229
0.00 0.00227
0.00 0.00225
0.00 0.00222
0.00 0.00221
0.00 0.00218
0.00 0.00217
0.00 0.00214
0.00 0.00212
0.00 0.00210
0.00 0.00209
0.00 0.00207
0.00 0.00205
0.00 0.00204
0.00 0.00202
0.00 0.00201
0.00 0.00200
0.00 0.00198
0.00 0.00196
0.00 0.00195
0.00 0.00193
0.00 0.00192
0.00 0.00192
0.00 0.00190
0.00 0.00190
0.00 0.00188
0.00 0.00187
0.00 0.00185
0.00 0.00183
0.00 0.00182
0.00 0.00181
0.00 0.00179
0.00 0.00179
0.00 0.00178
