300.00 0.49051
293.88 0.47257
287.76 0.46338
281.63 0.45546
275.51 0.45040
269.39 0.44606
263.27 0.44246
257.14 0.43956
251.02 0.43581
244.90 0.43285
238.78 0.42992
232.65 0.42725
226.53 0.42342
220.41 0.42005
214.29 0.41700
208.16 0.41390
202.04 0.41057
195.92 0.40746
189.80 0.40420
183.67 0.40092
177.55 0.39759
171.43 0.39425
165.31 0.39118
159.18 0.38811
153.06 0.38491
146.94 0.38171
140.82 0.37831
134.69 0.37486
128.57 0.37126
122.45 0.36762
116.33 0.36416
110.20 0.36044
104.08 0.35677
97.96 0.35305
91.84 0.34939
85.71 0.34551
79.59 0.34160
73.47 0.33753
67.35 0.33320
61.22 0.32888
55.10 0.32471
48.98 0.32032
42.86 0.31561
36.73 0.31099
30.61 0.30625
24.49 0.30154
18.37 0.29666
12.24 0.29162
6.12 0.28644
0.00 0.28076
120.00 0.25172
117.78 0.25377
115.56 0.25468
113.33 0.25216
111.11 0.25071
108.89 0.24904
106.67 0.24762
104.44 0.24638
102.22 0.24531
100.00 0.24372
97.78 0.24184
95.56 0.24058
93.33 0.23903
91.11 0.23717
88.89 0.23528
86.67 0.23304
84.44 0.23132
82.22 0.22977
80.00 0.22814
77.78 0.22648
75.56 0.22485
73.33 0.22282
71.11 0.22121
68.89 0.21955
66.67 0.21798
64.44 0.21622
62.22 0.21423
60.00 0.21256
57.78 0.21057
55.56 0.20865
53.33 0.20677
51.11 0.20496
48.89 0.20280
46.67 0.20060
44.44 0.19855
42.22 0.19669
40.00 0.19467
37.78 0.19272
35.56 0.19074
33.33 0.18877
31.11 0.18687
28.89 0.18498
26.67 0.18312
24.44 0.18125
22.22 0.17932
20.00 0.17736
17.78 0.17538
15.56 0.17341
13.33 0.17131
11.11 0.16917
8.89 0.16702
6.67 0.16485
4.44 0.16249
2.22 0.16001
0.00 0.15714
48.00 0.14757
47.19 0.14295
46.37 0.14002
45.56 0.13817
44.75 0.13566
43.93 0.13479
43.12 0.13432
42.31 0.13374
41.49 0.13319
40.68 0.13292
39.86 0.13261
39.05 0.13209
38.24 0.13167
37.42 0.13073
36.61 0.13009
35.80 0.12980
34.98 0.12882
34.17 0.12795
33.36 0.12759
32.54 0.12712
31.73 0.12656
30.92 0.12607
30.10 0.12527
29.29 0.12448
28.47 0.12366
27.66 0.12280
26.85 0.12183
26.03 0.12086
25.22 0.11989
24.41 0.11885
23.59 0.11789
22.78 0.11695
21.97 0.11594
21.15 0.11495
20.34 0.11410
19.53 0.11315
18.71 0.11224
17.90 0.11130
17.08 0.11033
16.27 0.10938
15.46 0.10843
14.64 0.10751
13.83 0.10655
13.02 0.10556
12.20 0.10452
11.39 0.10349
10.58 0.10242
9.76 0.10133
8.95 0.10028
8.14 0.09920
7.32 0.09811
6.51 0.09702
5.69 0.09588
4.88 0.09475
4.07 0.09360
3.25 0.09243
2.44 0.09123
1.63 0.09001
0.81 0.08872
0.00 0.08726
19.20 0.07526
18.90 0.07511
18.60 0.07466
18.30 0.07434
18.00 0.07352
17.70 0.07291
17.40 0.07214
17.10 0.07169
16.80 0.07121
16.50 0.07089
16.20 0.07038
15.90 0.06995
15.60 0.06937
15.30 0.06882
15.00 0.06819
14.70 0.06771
14.40 0.06722
14.10 0.06679
13.80 0.06641
13.50 0.06600
13.20 0.06567
12.90 0.06522
12.60 0.06480
12.30 0.06430
12.00 0.06378
11.70 0.06334
11.40 0.06283
11.10 0.06238
10.80 0.06201
10.50 0.06159
10.20 0.06123
9.90 0.06086
9.60 0.06043
9.30 0.06005
9.00 0.05960
8.70 0.05917
8.40 0.05874
8.10 0.05829
7.80 0.05789
7.50 0.05745
7.20 0.05702
6.90 0.05658
6.60 0.05616
6.30 0.05574
6.00 0.05529
5.70 0.05489
5.40 0.05442
5.10 0.05397
4.80 0.05351
4.50 0.05305
4.20 0.05257
3.90 0.05210
3.60 0.05163
3.30 0.05115
3.00 0.05068
2.70 0.05019
2.40 0.04970
2.10 0.04920
1.80 0.04869
1.50 0.04817
1.20 0.04763
0.90 0.04708
0.60 0.04650
0.30 0.04589
0.00 0.04520
7.68 0.03982
7.57 0.03976
7.46 0.03935
7.35 0.03950
7.23 0.03940
7.12 0.03952
7.01 0.03929
6.90 0.03935
6.79 0.03912
6.68 0.03891
6.57 0.03867
6.46 0.03851
6.34 0.03838
6.23 0.03842
6.12 0.03830
6.01 0.03817
5.90 0.03804
5.79 0.03790
5.68 0.03772
5.57 0.03755
5.45 0.03742
5.34 0.03724
5.23 0.03706
5.12 0.03694
5.01 0.03677
4.90 0.03663
4.79 0.03651
4.67 0.03631
4.56 0.03614
4.45 0.03592
4.34 0.03571
4.23 0.03549
4.12 0.03528
4.01 0.03508
3.90 0.03488
3.78 0.03464
3.67 0.03444
3.56 0.03424
3.45 0.03404
3.34 0.03383
3.23 0.03362
3.12 0.03341
3.01 0.03321
2.89 0.03302
2.78 0.03277
2.67 0.03256
2.56 0.03235
2.45 0.03214
2.34 0.03193
2.23 0.03173
2.11 0.03152
2.00 0.03129
1.89 0.03107
1.78 0.03087
1.67 0.03064
1.56 0.03041
1.45 0.03017
1.34 0.02992
1.22 0.02967
1.11 0.02944
1.00 0.02919
0.89 0.02893
0.78 0.02867
0.67 0.02839
0.56 0.02812
0.45 0.02783
0.33 0.02754
0.22 0.02723
0.11 0.02691
0.00 0.02653
3.07 0.02410
3.03 0.02442
2.99 0.02439
2.95 0.02428
2.91 0.02418
2.86 0.02415
2.82 0.02399
2.78 0.02393
2.74 0.02385
2.70 0.02382
2.66 0.02379
2.62 0.02372
2.57 0.02363
2.53 0.02356
2.49 0.02347
2.45 0.02335
2.41 0.02326
2.37 0.02323
2.32 0.02313
2.28 0.02301
2.24 0.02296
2.20 0.02287
2.16 0.02281
2.12 0.02270
2.08 0.02262
2.03 0.02253
1.99 0.02243
1.95 0.02231
1.91 0.02222
1.87 0.02212
1.83 0.02201
1.79 0.02191
1.74 0.02180
1.70 0.02170
1.66 0.02158
1.62 0.02148
1.58 0.02138
1.54 0.02126
1.49 0.02115
1.45 0.02102
1.41 0.02093
1.37 0.02082
1.33 0.02071
1.29 0.02060
1.25 0.02048
1.20 0.02037
1.16 0.02026
1.12 0.02015
1.08 0.02002
1.04 0.01991
1.00 0.01980
0.95 0.01968
0.91 0.01955
0.87 0.01944
0.83 0.01932
0.79 0.01920
0.75 0.01908
0.71 0.01896
0.66 0.01883
0.62 0.01870
0.58 0.01856
0.54 0.01842
0.50 0.01829
0.46 0.01816
0.42 0.01801
0.37 0.01787
0.33 0.01772
0.29 0.01758
0.25 0.01742
0.21 0.01726
0.17 0.01710
0.12 0.01693
0.08 0.01675
0.04 0.01656
0.00 0.01634
1.23 0.01517
1.21 0.01546
1.20 0.01542
1.18 0.01529
1.17 0.01523
1.15 0.01505
1.14 0.01508
1.12 0.01505
1.10 0.01506
1.09 0.01507
1.07 0.01498
1.06 0.01493
1.04 0.01491
1.03 0.01480
1.01 0.01474
1.00 0.01471
0.98 0.01461
0.96 0.01452
0.95 0.01449
0.93 0.01444
0.92 0.01440
0.90 0.01433
0.89 0.01428
0.87 0.01421
0.86 0.01415
0.84 0.01413
0.82 0.01407
0.81 0.01401
0.79 0.01392
0.78 0.01386
0.76 0.01380
0.75 0.01374
0.73 0.01370
0.72 0.01362
0.70 0.01357
0.68 0.01351
0.67 0.01345
0.65 0.01340
0.64 0.01334
0.62 0.01328
0.61 0.01323
0.59 0.01317
0.58 0.01311
0.56 0.01304
0.54 0.01298
0.53 0.01292
0.51 0.01286
0.50 0.01278
0.48 0.01271
0.47 0.01265
0.45 0.01257
0.44 0.01251
0.42 0.01244
0.40 0.01238
0.39 0.01231
0.37 0.01224
0.36 0.01217
0.34 0.01210
0.33 0.01203
0.31 0.01197
0.30 0.01189
0.28 0.01181
0.26 0.01173
0.25 0.01165
0.23 0.01158
0.22 0.01149
0.20 0.01141
0.19 0.01133
0.17 0.01126
0.16 0.01117
0.14 0.01109
0.12 0.01101
0.11 0.01092
0.09 0.01083
0.08 0.01073
0.06 0.01063
0.05 0.01053
0.03 0.01043
0.02 0.01032
0.00 0.01019
0.49 0.00959
0.49 0.00955
0.48 0.00970
0.47 0.00965
0.47 0.00960
0.46 0.00949
0.46 0.00948
0.45 0.00938
0.44 0.00947
0.44 0.00940
0.43 0.00937
0.43 0.00931
0.42 0.00927
0.42 0.00926
0.41 0.00920
0.40 0.00917
0.40 0.00917
0.39 0.00914
0.39 0.00912
0.38 0.00909
0.37 0.00905
0.37 0.00902
0.36 0.00898
0.36 0.00894
0.35 0.00892
0.35 0.00887
0.34 0.00886
0.33 0.00885
0.33 0.00882
0.32 0.00879
0.32 0.00877
0.31 0.00874
0.30 0.00871
0.30 0.00868
0.29 0.00864
0.29 0.00860
0.28 0.00856
0.28 0.00852
0.27 0.00849
0.26 0.00847
0.26 0.00843
0.25 0.00839
0.25 0.00836
0.24 0.00832
0.23 0.00829
0.23 0.00825
0.22 0.00821
0.22 0.00818
0.21 0.00814
0.20 0.00810
0.20 0.00806
0.19 0.00802
0.19 0.00798
0.18 0.00794
0.18 0.00791
0.17 0.00787
0.16 0.00783
0.16 0.00779
0.15 0.00775
0.15 0.00771
0.14 0.00766
0.13 0.00762
0.13 0.00758
0.12 0.00754
0.12 0.00750
0.11 0.00745
0.11 0.00741
0.10 0.00737
0.09 0.00732
0.09 0.00728
0.08 0.00723
0.08 0.00719
0.07 0.00714
0.06 0.00709
0.06 0.00703
0.05 0.00698
0.05 0.00693
0.04 0.00688
0.04 0.00682
0.03 0.00677
0.02 0.00671
0.02 0.00665
0.01 0.00659
0.01 0.00652
0.00 0.00645
0.20 0.00646
0.19 0.00617
0.19 0.00607
0.19 0.00609
0.19 0.00612
0.19 0.00610
0.18 0.00610
0.18 0.00606
0.18 0.00611
0.18 0.00607
0.17 0.00604
0.17 0.00599
0.17 0.00596
0.17 0.00592
0.17 0.00590
0.16 0.00584
0.16 0.00582
0.16 0.00580
0.16 0.00578
0.15 0.00574
0.15 0.00573
0.15 0.00570
0.15 0.00569
0.15 0.00568
0.14 0.00566
0.14 0.00565
0.14 0.00564
0.14 0.00562
0.13 0.00559
0.13 0.00557
0.13 0.00555
0.13 0.00554
0.13 0.00551
0.12 0.00549
0.12 0.00548
0.12 0.00546
0.12 0.00544
0.11 0.00542
0.11 0.00540
0.11 0.00538
0.11 0.00536
0.11 0.00534
0.10 0.00532
0.10 0.00530
0.10 0.00527
0.10 0.00525
0.09 0.00523
0.09 0.00521
0.09 0.00519
0.09 0.00517
0.09 0.00515
0.08 0.00512
0.08 0.00509
0.08 0.00506
0.08 0.00504
0.08 0.00502
0.07 0.00500
0.07 0.00497
0.07 0.00495
0.07 0.00492
0.06 0.00490
0.06 0.00488
0.06 0.00486
0.06 0.00483
0.06 0.00481
0.05 0.00479
0.05 0.00476
0.05 0.00473
0.05 0.00471
0.04 0.00468
0.04 0.00465
0.04 0.00462
0.04 0.00460
0.04 0.00457
0.03 0.00454
0.03 0.00451
0.03 0.00448
0.03 0.00446
0.02 0.00442
0.02 0.00439
0.02 0.00437
0.02 0.00433
0.02 0.00430
0.01 0.00427
0.01 0.00423
0.01 0.00420
0.01 0.00416
0.00 0.00413
0.00 0.00409
0.00 0.00405
0.08 0.00374
0.08 0.00385
0.08 0.00384
0.08 0.00385
0.08 0.00383
0.07 0.00380
0.07 0.00379
0.07 0.00378
0.07 0.00378
0.07 0.00375
0.07 0.00374
0.07 0.00373
0.07 0.00370
0.07 0.00371
0.07 0.00372
0.07 0.00371
0.07 0.00369
0.06 0.00367
0.06 0.00365
0.06 0.00366
0.06 0.00365
0.06 0.00365
0.06 0.00364
0.06 0.00364
0.06 0.00362
0.06 0.00362
0.06 0.00361
0.06 0.00360
0.06 0.00359
0.05 0.00357
0.05 0.00356
0.05 0.00354
0.05 0.00353
0.05 0.00351
0.05 0.00350
0.05 0.00349
0.05 0.00347
0.05 0.00347
0.05 0.00347
0.05 0.00346
0.05 0.00344
0.04 0.00343
0.04 0.00342
0.04 0.00341
0.04 0.00339
0.04 0.00338
0.04 0.00338
0.04 0.00336
0.04 0.00335
0.04 0.00333
0.04 0.00331
0.04 0.00330
0.04 0.00329
0.03 0.00327
0.03 0.00326
0.03 0.00325
0.03 0.00323
0.03 0.00322
0.03 0.00321
0.03 0.00319
0.03 0.00317
0.03 0.00316
0.03 0.00315
0.03 0.00314
0.03 0.00312
0.02 0.00311
0.02 0.00309
0.02 0.00308
0.02 0.00306
0.02 0.00305
0.02 0.00304
0.02 0.00302
0.02 0.00301
0.02 0.00299
0.02 0.00297
0.02 0.00295
0.02 0.00294
0.01 0.00292
0.01 0.00290
0.01 0.00288
0.01 0.00287
0.01 0.00285
0.01 0.00284
0.01 0.00282
0.01 0.00280
0.01 0.00278
0.01 0.00276
0.01 0.00274
0.01 0.00272
0.00 0.00269
0.00 0.00267
0.00 0.00265
0.00 0.00263
0.00 0.00261
0.00 0.00258
0.00 0.01931
0.00 0.01673
0.00 0.01485
0.00 0.01354
0.00 0.01265
0.00 0.01189
0.00 0.01150
0.00 0.01080
0.00 0.01052
0.00 0.01036
0.00 0.01009
0.00 0.00975
0.00 0.00952
0.00 0.00927
0.00 0.00913
0.00 0.00890
0.00 0.00863
0.00 0.00844
0.00 0.00819
0.00 0.00804
0.00 0.00791
0.00 0.00773
0.00 0.00759
0.00 0.00742
0.00 0.00724
0.00 0.00710
0.00 0.00699
0.00 0.00682
0.00 0.00673
0.00 0.00664
0.00 0.00654
0.00 0.00645
0.00 0.00636
0.00 0.00630
0.00 0.00621
0.00 0.00612
0.00 0.00606
0.00 0.00599
0.00 0.00591
0.00 0.00583
0.00 0.00575
0.00 0.00566
0.00 0.00560
0.00 0.00555
0.00 0.00550
0.00 0.00542
0.00 0.00536
0.00 0.00529
0.00 0.00525
0.00 0.00521
0.00 0.00517
0.00 0.00512
0.00 0.00507
0.00 0.00506
0.00 0.00503
0.00 0.00498
0.00 0.00496
0.00 0.00493
0.00 0.00489
0.00 0.00488
0.00 0.00485
0.00 0.00481
0.00 0.00477
0.00 0.00475
0.00 0.00472
0.00 0.00470
0.00 0.00466
0.00 0.00463
0.00 0.00460
0.00 0.00458
0.00 0.00455
0.00 0.00452
0.00 0.00448
0.00 0.00446
0.00 0.00444
0.00 0.00440
0.00 0.00438
0.00 0.00435
0.00 0.00432
0.00 0.00428
0.00 0.00425
0.00 0.00422
0.00 0.00419
0.00 0.00417
0.00 0.00414
0.00 0.00412
0.00 0.00409
0.00 0.00407
0.00 0.00405
0.00 0.00403
0.00 0.00401
0.00 0.00398
0.00 0.00395
0.00 0.00392
0.00 0.00391
0.00 0.00389
0.00 0.00386
0.00 0.00384
0.00 0.00381
0.00 0.00379
