150.00 0.93585
133.33 0.92602
116.67 0.92515
100.00 0.90555
83.33 0.87388
66.67 0.84742
50.00 0.81440
33.33 0.77766
16.67 0.73255
0.00 0.65946
120.00 0.88930
106.67 0.84950
93.33 0.86210
80.00 0.85740
66.67 0.83026
53.33 0.79518
40.00 0.76177
26.67 0.72523
13.33 0.68068
0.00 0.61265
96.00 0.83160
85.33 0.83798
74.67 0.80497
64.00 0.78759
53.33 0.75731
42.67 0.72668
32.00 0.69563
21.33 0.66091
10.67 0.61859
0.00 0.55683
76.80 0.70495
68.27 0.69312
59.73 0.67540
51.20 0.66163
42.67 0.64495
34.13 0.62597
25.60 0.60193
17.07 0.57319
8.53 0.53477
0.00 0.48142
