150.00 0.95215
133.33 0.94825
116.67 0.94868
100.00 0.94826
83.33 0.94842
66.67 0.94658
50.00 0.94602
33.33 0.94278
16.67 0.92885
0.00 0.83722
120.00 0.94335
106.67 0.94242
93.33 0.94482
80.00 0.94445
66.67 0.94330
53.33 0.94258
40.00 0.94184
26.67 0.94049
13.33 0.92656
0.00 0.83434
96.00 0.94460
85.33 0.94505
74.67 0.94333
64.00 0.94368
53.33 0.94306
42.67 0.94041
32.00 0.93846
21.33 0.93119
10.67 0.89832
0.00 0.80863
76.80 0.93815
68.27 0.93827
59.73 0.93692
51.20 0.93504
42.67 0.93468
34.13 0.93281
25.60 0.92915
17.07 0.92081
8.53 0.87857
0.00 0.79090
