150.00 0.95015
133.33 0.95200
116.67 0.95372
100.00 0.95588
83.33 0.95437
66.67 0.95373
50.00 0.95345
33.33 0.95264
16.67 0.95231
0.00 0.85716
120.00 0.95270
106.67 0.95063
93.33 0.95042
80.00 0.95212
66.67 0.95227
53.33 0.95294
40.00 0.95359
26.67 0.95428
13.33 0.95291
0.00 0.85817
96.00 0.95315
85.33 0.95217
74.67 0.95123
64.00 0.95088
53.33 0.95104
42.67 0.95135
32.00 0.95170
21.33 0.95119
10.67 0.95090
0.00 0.85611
76.80 0.94890
68.27 0.95088
59.73 0.94898
51.20 0.95032
42.67 0.94956
34.13 0.95127
25.60 0.95144
17.07 0.95149
8.53 0.95017
0.00 0.85558
