150.00 0.90865
133.33 0.90580
116.67 0.90472
100.00 0.89753
83.33 0.89082
66.67 0.87990
50.00 0.85999
33.33 0.83047
16.67 0.78756
0.00 0.70891
120.00 0.90690
106.67 0.90350
93.33 0.89140
80.00 0.87657
66.67 0.86571
53.33 0.85088
40.00 0.82258
26.67 0.78711
13.33 0.74387
0.00 0.66954
96.00 0.87970
85.33 0.87375
74.67 0.86212
64.00 0.85084
53.33 0.83417
42.67 0.80838
32.00 0.77889
21.33 0.74245
10.67 0.69929
0.00 0.62949
76.80 0.86435
68.27 0.85742
59.73 0.84117
51.20 0.82652
42.67 0.79983
34.13 0.77053
25.60 0.73909
17.07 0.70326
8.53 0.65877
0.00 0.59301
