150.00 0.94475
133.33 0.94830
116.67 0.94923
100.00 0.94986
83.33 0.95063
66.67 0.95089
50.00 0.95072
33.33 0.95046
16.67 0.94987
0.00 0.85560
120.00 0.95140
106.67 0.95137
93.33 0.95213
80.00 0.95268
66.67 0.95203
53.33 0.95151
40.00 0.95097
26.67 0.95091
13.33 0.95014
0.00 0.85582
96.00 0.94170
85.33 0.94340
74.67 0.94380
64.00 0.94594
53.33 0.94658
42.67 0.94688
32.00 0.94659
21.33 0.94591
10.67 0.94425
0.00 0.85069
76.80 0.94875
68.27 0.94917
59.73 0.94762
51.20 0.94755
42.67 0.94699
34.13 0.94629
25.60 0.94531
17.07 0.94379
8.53 0.94166
0.00 0.84823
