25.00 0.10155
22.22 0.09330
19.44 0.08850
16.67 0.08319
13.89 0.07913
11.11 0.07476
8.33 0.07074
5.56 0.06663
2.78 0.06182
0.00 0.05597
20.00 0.07445
17.78 0.07472
15.56 0.07425
13.33 0.07314
11.11 0.07160
8.89 0.06928
6.67 0.06735
4.44 0.06574
2.22 0.06299
0.00 0.05706
16.00 0.09235
14.22 0.08758
12.44 0.08238
10.67 0.07696
8.89 0.07197
7.11 0.06798
5.33 0.06419
3.56 0.06026
1.78 0.05611
0.00 0.05066
12.80 0.06495
11.38 0.06243
9.96 0.05900
8.53 0.05694
7.11 0.05511
5.69 0.05233
4.27 0.04971
2.84 0.04712
1.42 0.04416
0.00 0.04003
