150.00 0.91140
133.33 0.90710
116.67 0.90297
100.00 0.90136
83.33 0.89202
66.67 0.86300
50.00 0.82696
33.33 0.78861
16.67 0.74237
0.00 0.66829
120.00 0.87820
106.67 0.88892
93.33 0.87640
80.00 0.84323
66.67 0.83669
53.33 0.80591
40.00 0.77076
26.67 0.73419
13.33 0.68909
0.00 0.62028
96.00 0.87540
85.33 0.85420
74.67 0.83790
64.00 0.81710
53.33 0.78490
42.67 0.75025
32.00 0.71714
21.33 0.68126
10.67 0.63609
0.00 0.57258
76.80 0.71435
68.27 0.69895
59.73 0.68788
51.20 0.67165
42.67 0.65365
34.13 0.63078
25.60 0.60591
17.07 0.57657
8.53 0.53894
0.00 0.48518
