25.00 0.11540
22.22 0.09788
19.44 0.09278
16.67 0.08606
13.89 0.08065
11.11 0.07590
8.33 0.07114
5.56 0.06640
2.78 0.06190
0.00 0.05593
20.00 0.07525
17.78 0.07560
15.56 0.07113
13.33 0.06866
11.11 0.06609
8.89 0.06389
6.67 0.06205
4.44 0.05911
2.22 0.05553
0.00 0.05022
16.00 0.07610
14.22 0.07260
12.44 0.07122
10.67 0.06854
8.89 0.06673
7.11 0.06504
5.33 0.06219
3.56 0.05931
1.78 0.05581
0.00 0.05051
12.80 0.06670
11.38 0.06342
9.96 0.06062
8.53 0.05735
7.11 0.05467
5.69 0.05187
4.27 0.04933
2.84 0.04643
1.42 0.04335
0.00 0.03921
