300.00 0.48426
293.88 0.46420
287.76 0.45523
281.63 0.44854
275.51 0.44332
269.39 0.44079
263.27 0.43666
257.14 0.43314
251.02 0.42895
244.90 0.42569
238.78 0.42254
232.65 0.41890
226.53 0.41549
220.41 0.41242
214.29 0.40917
208.16 0.40602
202.04 0.40291
195.92 0.39937
189.80 0.39603
183.67 0.39254
177.55 0.38939
171.43 0.38600
165.31 0.38282
159.18 0.37933
153.06 0.37602
146.94 0.37254
140.82 0.36919
134.69 0.36569
128.57 0.36216
122.45 0.35865
116.33 0.35479
110.20 0.35107
104.08 0.34743
97.96 0.34367
91.84 0.34001
85.71 0.33593
79.59 0.33190
73.47 0.32801
67.35 0.32415
61.22 0.32028
55.10 0.31645
48.98 0.31214
42.86 0.30759
36.73 0.30300
30.61 0.29832
24.49 0.29377
18.37 0.28910
12.24 0.28422
6.12 0.27920
0.00 0.27364
120.00 0.24795
117.78 0.24793
115.56 0.24697
113.33 0.24390
111.11 0.24328
108.89 0.24322
106.67 0.24175
104.44 0.24114
102.22 0.24051
100.00 0.23864
97.78 0.23690
95.56 0.23547
93.33 0.23424
91.11 0.23296
88.89 0.23081
86.67 0.22876
84.44 0.22721
82.22 0.22562
80.00 0.22378
77.78 0.22212
75.56 0.22035
73.33 0.21886
71.11 0.21720
68.89 0.21497
66.67 0.21352
64.44 0.21153
62.22 0.21002
60.00 0.20830
57.78 0.20694
55.56 0.20516
53.33 0.20306
51.11 0.20106
48.89 0.19941
46.67 0.19764
44.44 0.19589
42.22 0.19394
40.00 0.19188
37.78 0.18983
35.56 0.18759
33.33 0.18551
31.11 0.18347
28.89 0.18221
26.67 0.18042
24.44 0.17858
22.22 0.17628
20.00 0.17403
17.78 0.17188
15.56 0.16974
13.33 0.16767
11.11 0.16565
8.89 0.16344
6.67 0.16110
4.44 0.15871
2.22 0.15621
0.00 0.15339
48.00 0.13832
47.19 0.13611
46.37 0.13322
45.56 0.13203
44.75 0.12981
43.93 0.12835
43.12 0.12940
42.31 0.12879
41.49 0.12798
40.68 0.12814
39.86 0.12908
39.05 0.12786
38.24 0.12768
37.42 0.12645
36.61 0.12577
35.80 0.12504
34.98 0.12392
34.17 0.12305
33.36 0.12223
32.54 0.12261
31.73 0.12130
30.92 0.12069
30.10 0.11999
29.29 0.11885
28.47 0.11797
27.66 0.11878
26.85 0.11832
26.03 0.11723
25.22 0.11600
24.41 0.11487
23.59 0.11392
22.78 0.11304
21.97 0.11203
21.15 0.11103
20.34 0.11048
19.53 0.10942
18.71 0.10834
17.90 0.10725
17.08 0.10613
16.27 0.10502
15.46 0.10392
14.64 0.10293
13.83 0.10191
13.02 0.10082
12.20 0.09974
11.39 0.09884
10.58 0.09793
9.76 0.09698
8.95 0.09611
8.14 0.09527
7.32 0.09439
6.51 0.09345
5.69 0.09248
4.88 0.09149
4.07 0.09043
3.25 0.08937
2.44 0.08825
1.63 0.08710
0.81 0.08588
0.00 0.08445
19.20 0.07510
18.90 0.07089
18.60 0.07001
18.30 0.06930
18.00 0.06843
17.70 0.06809
17.40 0.06769
17.10 0.06798
16.80 0.06820
16.50 0.06896
16.20 0.06837
15.90 0.06868
15.60 0.06871
15.30 0.06892
15.00 0.06928
14.70 0.07019
14.40 0.07043
14.10 0.06993
13.80 0.06970
13.50 0.06923
13.20 0.06912
12.90 0.06912
12.60 0.06906
12.30 0.06842
12.00 0.06786
11.70 0.06768
11.40 0.06724
11.10 0.06660
10.80 0.06598
10.50 0.06535
10.20 0.06479
9.90 0.06417
9.60 0.06360
9.30 0.06307
9.00 0.06258
8.70 0.06207
8.40 0.06153
8.10 0.06101
7.80 0.06050
7.50 0.06015
7.20 0.06016
6.90 0.06056
6.60 0.06099
6.30 0.06209
6.00 0.06247
5.70 0.06268
5.40 0.06267
5.10 0.06246
4.80 0.06210
4.50 0.06177
4.20 0.06147
3.90 0.06148
3.60 0.06124
3.30 0.06076
3.00 0.06022
2.70 0.05965
2.40 0.05909
2.10 0.05850
1.80 0.05790
1.50 0.05729
1.20 0.05666
0.90 0.05602
0.60 0.05534
0.30 0.05464
0.00 0.05381
7.68 0.04601
7.57 0.04353
7.46 0.04232
7.35 0.04176
7.23 0.04192
7.12 0.04263
7.01 0.04362
6.90 0.04414
6.79 0.04393
6.68 0.04371
6.57 0.04307
6.46 0.04248
6.34 0.04197
6.23 0.04137
6.12 0.04094
6.01 0.04051
5.90 0.04015
5.79 0.03981
5.68 0.03941
5.57 0.03906
5.45 0.03875
5.34 0.03842
5.23 0.03813
5.12 0.03779
5.01 0.03751
4.90 0.03730
4.79 0.03708
4.67 0.03683
4.56 0.03659
4.45 0.03635
4.34 0.03616
4.23 0.03597
4.12 0.03577
4.01 0.03556
3.90 0.03534
3.78 0.03512
3.67 0.03491
3.56 0.03468
3.45 0.03446
3.34 0.03424
3.23 0.03400
3.12 0.03378
3.01 0.03355
2.89 0.03332
2.78 0.03310
2.67 0.03289
2.56 0.03265
2.45 0.03243
2.34 0.03219
2.23 0.03195
2.11 0.03172
2.00 0.03148
1.89 0.03125
1.78 0.03100
1.67 0.03075
1.56 0.03051
1.45 0.03026
1.34 0.03001
1.22 0.02976
1.11 0.02950
1.00 0.02925
0.89 0.02897
0.78 0.02871
0.67 0.02844
0.56 0.02815
0.45 0.02787
0.33 0.02756
0.22 0.02725
0.11 0.02692
0.00 0.02654
3.07 0.02433
3.03 0.02380
2.99 0.02393
2.95 0.02369
2.91 0.02374
2.86 0.02369
2.82 0.02364
2.78 0.02360
2.74 0.02352
2.70 0.02352
2.66 0.02346
2.62 0.02341
2.57 0.02332
2.53 0.02325
2.49 0.02312
2.45 0.02302
2.41 0.02292
2.37 0.02281
2.32 0.02268
2.28 0.02259
2.24 0.02247
2.20 0.02235
2.16 0.02227
2.12 0.02211
2.08 0.02200
2.03 0.02188
1.99 0.02180
1.95 0.02166
1.91 0.02156
1.87 0.02147
1.83 0.02136
1.79 0.02127
1.74 0.02118
1.70 0.02107
1.66 0.02098
1.62 0.02088
1.58 0.02077
1.54 0.02065
1.49 0.02057
1.45 0.02047
1.41 0.02036
1.37 0.02026
1.33 0.02017
1.29 0.02005
1.25 0.01994
1.20 0.01984
1.16 0.01973
1.12 0.01963
1.08 0.01951
1.04 0.01940
1.00 0.01929
0.95 0.01916
0.91 0.01905
0.87 0.01893
0.83 0.01882
0.79 0.01870
0.75 0.01858
0.71 0.01846
0.66 0.01833
0.62 0.01821
0.58 0.01808
0.54 0.01794
0.50 0.01782
0.46 0.01768
0.42 0.01754
0.37 0.01740
0.33 0.01726
0.29 0.01711
0.25 0.01697
0.21 0.01681
0.17 0.01666
0.12 0.01649
0.08 0.01632
0.04 0.01613
0.00 0.01592
1.23 0.01524
1.21 0.01525
1.20 0.01488
1.18 0.01505
1.17 0.01511
1.15 0.01511
1.14 0.01498
1.12 0.01496
1.10 0.01501
1.09 0.01503
1.07 0.01500
1.06 0.01488
1.04 0.01477
1.03 0.01470
1.01 0.01463
1.00 0.01452
0.98 0.01447
0.96 0.01441
0.95 0.01437
0.93 0.01432
0.92 0.01427
0.90 0.01420
0.89 0.01413
0.87 0.01406
0.86 0.01400
0.84 0.01394
0.82 0.01389
0.81 0.01382
0.79 0.01376
0.78 0.01371
0.76 0.01365
0.75 0.01359
0.73 0.01351
0.72 0.01346
0.70 0.01342
0.68 0.01335
0.67 0.01327
0.65 0.01323
0.64 0.01317
0.62 0.01311
0.61 0.01306
0.59 0.01300
0.58 0.01293
0.56 0.01286
0.54 0.01280
0.53 0.01275
0.51 0.01269
0.50 0.01263
0.48 0.01257
0.47 0.01252
0.45 0.01246
0.44 0.01239
0.42 0.01233
0.40 0.01227
0.39 0.01220
0.37 0.01213
0.36 0.01206
0.34 0.01199
0.33 0.01192
0.31 0.01185
0.30 0.01177
0.28 0.01170
0.26 0.01162
0.25 0.01155
0.23 0.01147
0.22 0.01138
0.20 0.01131
0.19 0.01124
0.17 0.01115
0.16 0.01107
0.14 0.01099
0.12 0.01090
0.11 0.01082
0.09 0.01073
0.08 0.01064
0.06 0.01054
0.05 0.01044
0.03 0.01034
0.02 0.01024
0.00 0.01011
0.49 0.00952
0.49 0.00946
0.48 0.00936
0.47 0.00939
0.47 0.00943
0.46 0.00937
0.46 0.00935
0.45 0.00940
0.44 0.00932
0.44 0.00929
0.43 0.00926
0.43 0.00920
0.42 0.00920
0.42 0.00917
0.41 0.00919
0.40 0.00914
0.40 0.00911
0.39 0.00908
0.39 0.00909
0.38 0.00907
0.37 0.00904
0.37 0.00900
0.36 0.00896
0.36 0.00893
0.35 0.00891
0.35 0.00886
0.34 0.00882
0.33 0.00880
0.33 0.00876
0.32 0.00872
0.32 0.00867
0.31 0.00864
0.30 0.00861
0.30 0.00859
0.29 0.00855
0.29 0.00851
0.28 0.00847
0.28 0.00844
0.27 0.00840
0.26 0.00836
0.26 0.00832
0.25 0.00829
0.25 0.00825
0.24 0.00821
0.23 0.00818
0.23 0.00814
0.22 0.00811
0.22 0.00808
0.21 0.00803
0.20 0.00800
0.20 0.00796
0.19 0.00793
0.19 0.00790
0.18 0.00787
0.18 0.00784
0.17 0.00781
0.16 0.00776
0.16 0.00772
0.15 0.00768
0.15 0.00765
0.14 0.00761
0.13 0.00756
0.13 0.00752
0.12 0.00748
0.12 0.00743
0.11 0.00739
0.11 0.00734
0.10 0.00729
0.09 0.00725
0.09 0.00720
0.08 0.00716
0.08 0.00712
0.07 0.00707
0.06 0.00702
0.06 0.00696
0.05 0.00691
0.05 0.00687
0.04 0.00682
0.04 0.00677
0.03 0.00671
0.02 0.00666
0.02 0.00660
0.01 0.00653
0.01 0.00647
0.00 0.00640
0.20 0.00591
0.19 0.00593
0.19 0.00591
0.19 0.00596
0.19 0.00606
0.19 0.00597
0.18 0.00600
0.18 0.00597
0.18 0.00595
0.18 0.00592
0.17 0.00586
0.17 0.00584
0.17 0.00584
0.17 0.00584
0.17 0.00580
0.16 0.00579
0.16 0.00577
0.16 0.00575
0.16 0.00573
0.15 0.00573
0.15 0.00571
0.15 0.00569
0.15 0.00565
0.15 0.00564
0.14 0.00563
0.14 0.00561
0.14 0.00560
0.14 0.00558
0.13 0.00557
0.13 0.00554
0.13 0.00553
0.13 0.00552
0.13 0.00551
0.12 0.00548
0.12 0.00547
0.12 0.00545
0.12 0.00544
0.11 0.00542
0.11 0.00540
0.11 0.00538
0.11 0.00536
0.11 0.00534
0.10 0.00532
0.10 0.00530
0.10 0.00529
0.10 0.00527
0.09 0.00525
0.09 0.00523
0.09 0.00521
0.09 0.00519
0.09 0.00516
0.08 0.00515
0.08 0.00513
0.08 0.00512
0.08 0.00509
0.08 0.00506
0.07 0.00504
0.07 0.00501
0.07 0.00499
0.07 0.00496
0.06 0.00494
0.06 0.00492
0.06 0.00489
0.06 0.00487
0.06 0.00485
0.05 0.00482
0.05 0.00480
0.05 0.00477
0.05 0.00474
0.04 0.00471
0.04 0.00469
0.04 0.00466
0.04 0.00463
0.04 0.00460
0.03 0.00458
0.03 0.00455
0.03 0.00451
0.03 0.00448
0.02 0.00446
0.02 0.00442
0.02 0.00439
0.02 0.00436
0.02 0.00433
0.01 0.00430
0.01 0.00427
0.01 0.00423
0.01 0.00420
0.00 0.00416
0.00 0.00412
0.00 0.00408
0.08 0.00384
0.08 0.00375
0.08 0.00380
0.08 0.00375
0.08 0.00383
0.07 0.00382
0.07 0.00383
0.07 0.00384
0.07 0.00382
0.07 0.00379
0.07 0.00382
0.07 0.00380
0.07 0.00379
0.07 0.00375
0.07 0.00373
0.07 0.00371
0.07 0.00370
0.06 0.00369
0.06 0.00369
0.06 0.00368
0.06 0.00366
0.06 0.00365
0.06 0.00366
0.06 0.00366
0.06 0.00365
0.06 0.00365
0.06 0.00365
0.06 0.00364
0.06 0.00362
0.05 0.00360
0.05 0.00360
0.05 0.00358
0.05 0.00357
0.05 0.00356
0.05 0.00355
0.05 0.00353
0.05 0.00351
0.05 0.00350
0.05 0.00348
0.05 0.00348
0.05 0.00346
0.04 0.00346
0.04 0.00344
0.04 0.00343
0.04 0.00341
0.04 0.00340
0.04 0.00339
0.04 0.00338
0.04 0.00337
0.04 0.00336
0.04 0.00335
0.04 0.00334
0.04 0.00332
0.03 0.00331
0.03 0.00330
0.03 0.00328
0.03 0.00327
0.03 0.00325
0.03 0.00324
0.03 0.00322
0.03 0.00321
0.03 0.00319
0.03 0.00318
0.03 0.00316
0.03 0.00315
0.02 0.00314
0.02 0.00312
0.02 0.00310
0.02 0.00308
0.02 0.00307
0.02 0.00305
0.02 0.00304
0.02 0.00303
0.02 0.00301
0.02 0.00300
0.02 0.00298
0.02 0.00296
0.01 0.00294
0.01 0.00292
0.01 0.00291
0.01 0.00288
0.01 0.00287
0.01 0.00285
0.01 0.00283
0.01 0.00281
0.01 0.00279
0.01 0.00277
0.01 0.00275
0.01 0.00273
0.00 0.00271
0.00 0.00269
0.00 0.00267
0.00 0.00265
0.00 0.00262
0.00 0.00260
0.00 0.00361
0.00 0.00234
0.00 0.00164
0.00 0.00133
0.00 0.00110
0.00 0.00097
0.00 0.00086
0.00 0.00080
0.00 0.00073
0.00 0.00069
0.00 0.00064
0.00 0.00059
0.00 0.00055
0.00 0.00052
0.00 0.00049
0.00 0.00048
0.00 0.00045
0.00 0.00043
0.00 0.00041
0.00 0.00039
0.00 0.00037
0.00 0.00036
0.00 0.00034
0.00 0.00033
0.00 0.00032
0.00 0.00031
0.00 0.00030
0.00 0.00029
0.00 0.00028
0.00 0.00028
0.00 0.00027
0.00 0.00027
0.00 0.00026
0.00 0.00026
0.00 0.00025
0.00 0.00025
0.00 0.00024
0.00 0.00023
0.00 0.00023
0.00 0.00022
0.00 0.00022
0.00 0.00021
0.00 0.00021
0.00 0.00020
0.00 0.00020
0.00 0.00020
0.00 0.00020
0.00 0.00019
0.00 0.00019
0.00 0.00019
0.00 0.00019
0.00 0.00018
0.00 0.00018
0.00 0.00017
0.00 0.00017
0.00 0.00017
0.00 0.00017
0.00 0.00016
0.00 0.00016
0.00 0.00016
0.00 0.00016
0.00 0.00015
0.00 0.00015
0.00 0.00015
0.00 0.00015
0.00 0.00014
0.00 0.00014
0.00 0.00014
0.00 0.00014
0.00 0.00014
0.00 0.00013
0.00 0.00013
0.00 0.00013
0.00 0.00013
0.00 0.00014
0.00 0.00014
0.00 0.00014
0.00 0.00014
0.00 0.00013
0.00 0.00013
0.00 0.00013
0.00 0.00013
0.00 0.00013
0.00 0.00013
0.00 0.00013
0.00 0.00013
0.00 0.00013
0.00 0.00013
0.00 0.00013
0.00 0.00013
0.00 0.00013
0.00 0.00013
0.00 0.00013
0.00 0.00013
0.00 0.00012
0.00 0.00012
0.00 0.00012
0.00 0.00012
0.00 0.00012
0.00 0.00012
