25.00 0.93785
22.22 0.93883
19.44 0.93735
16.67 0.93540
13.89 0.93311
11.11 0.93084
8.33 0.92706
5.56 0.92124
2.78 0.88034
0.00 0.79287
20.00 0.93645
17.78 0.93150
15.56 0.92938
13.33 0.93085
11.11 0.93077
8.89 0.92602
6.67 0.92264
4.44 0.90881
2.22 0.87356
0.00 0.78673
16.00 0.93475
14.22 0.93248
12.44 0.93112
10.67 0.92978
8.89 0.92364
7.11 0.91931
5.33 0.91502
3.56 0.87711
1.78 0.82140
0.00 0.73938
12.80 0.92185
11.38 0.92488
9.96 0.91530
8.53 0.91336
7.11 0.90963
5.69 0.90504
4.27 0.88306
2.84 0.84075
1.42 0.78169
0.00 0.70373
