150.00 0.94220
133.33 0.94105
116.67 0.93290
100.00 0.93245
83.33 0.93054
66.67 0.92188
50.00 0.90688
33.33 0.87748
16.67 0.83069
0.00 0.74774
120.00 0.92115
106.67 0.93112
93.33 0.92967
80.00 0.92816
66.67 0.92193
53.33 0.91182
40.00 0.88237
26.67 0.84342
13.33 0.79503
0.00 0.71569
96.00 0.91795
85.33 0.92483
74.67 0.91807
64.00 0.90975
53.33 0.89435
42.67 0.87285
32.00 0.83801
21.33 0.79779
10.67 0.74781
0.00 0.67317
76.80 0.91295
68.27 0.89877
59.73 0.89722
51.20 0.89201
42.67 0.85313
34.13 0.81542
25.60 0.77824
17.07 0.73908
8.53 0.69067
0.00 0.62167
