300.00 0.52421
293.88 0.52733
287.76 0.51949
281.63 0.51262
275.51 0.50636
269.39 0.50234
263.27 0.49775
257.14 0.49396
251.02 0.49134
244.90 0.48578
238.78 0.48110
232.65 0.47706
226.53 0.47226
220.41 0.46804
214.29 0.46355
208.16 0.45951
202.04 0.45549
195.92 0.45155
189.80 0.44768
183.67 0.44357
177.55 0.43960
171.43 0.43554
165.31 0.43143
159.18 0.42747
153.06 0.42345
146.94 0.41938
140.82 0.41534
134.69 0.41113
128.57 0.40698
122.45 0.40292
116.33 0.39874
110.20 0.39461
104.08 0.39034
97.96 0.38592
91.84 0.38161
85.71 0.37711
79.59 0.37259
73.47 0.36802
67.35 0.36352
61.22 0.35893
55.10 0.35424
48.98 0.34949
42.86 0.34471
36.73 0.33980
30.61 0.33465
24.49 0.32952
18.37 0.32425
12.24 0.31889
6.12 0.31315
0.00 0.30690
120.00 0.27858
117.78 0.27658
115.56 0.27437
113.33 0.27309
111.11 0.27069
108.89 0.26934
106.67 0.26819
104.44 0.26658
102.22 0.26468
100.00 0.26329
97.78 0.26150
95.56 0.25955
93.33 0.25791
91.11 0.25622
88.89 0.25441
86.67 0.25245
84.44 0.25050
82.22 0.24862
80.00 0.24670
77.78 0.24486
75.56 0.24303
73.33 0.24122
71.11 0.23936
68.89 0.23737
66.67 0.23542
64.44 0.23350
62.22 0.23162
60.00 0.22964
57.78 0.22769
55.56 0.22555
53.33 0.22345
51.11 0.22130
48.89 0.21924
46.67 0.21711
44.44 0.21506
42.22 0.21303
40.00 0.21100
37.78 0.20885
35.56 0.20673
33.33 0.20456
31.11 0.20248
28.89 0.20018
26.67 0.19790
24.44 0.19558
22.22 0.19332
20.00 0.19116
17.78 0.18885
15.56 0.18644
13.33 0.18413
11.11 0.18205
8.89 0.17962
6.67 0.17717
4.44 0.17444
2.22 0.17162
0.00 0.16851
48.00 0.15034
47.19 0.15207
46.37 0.15140
45.56 0.15012
44.75 0.14929
43.93 0.14855
43.12 0.14722
42.31 0.14617
41.49 0.14551
40.68 0.14488
39.86 0.14394
39.05 0.14274
38.24 0.14187
37.42 0.14073
36.61 0.13970
35.80 0.13871
34.98 0.13765
34.17 0.13648
33.36 0.13558
32.54 0.13479
31.73 0.13380
30.92 0.13304
30.10 0.13196
29.29 0.13104
28.47 0.13022
27.66 0.12944
26.85 0.12857
26.03 0.12770
25.22 0.12668
24.41 0.12577
23.59 0.12478
22.78 0.12381
21.97 0.12289
21.15 0.12199
20.34 0.12086
19.53 0.11992
18.71 0.11929
17.90 0.11822
17.08 0.11713
16.27 0.11607
15.46 0.11502
14.64 0.11403
13.83 0.11293
13.02 0.11187
12.20 0.11103
11.39 0.10987
10.58 0.10876
9.76 0.10753
8.95 0.10649
8.14 0.10537
7.32 0.10446
6.51 0.10343
5.69 0.10229
4.88 0.10107
4.07 0.09990
3.25 0.09880
2.44 0.09767
1.63 0.09646
0.81 0.09514
0.00 0.09357
19.20 0.08625
18.90 0.08493
18.60 0.08514
18.30 0.08525
18.00 0.08550
17.70 0.08499
17.40 0.08417
17.10 0.08279
16.80 0.08164
16.50 0.08104
16.20 0.08078
15.90 0.08060
15.60 0.07967
15.30 0.07880
15.00 0.07883
14.70 0.07815
14.40 0.07761
14.10 0.07752
13.80 0.07708
13.50 0.07640
13.20 0.07589
12.90 0.07589
12.60 0.07535
12.30 0.07473
12.00 0.07422
11.70 0.07367
11.40 0.07302
11.10 0.07248
10.80 0.07236
10.50 0.07213
10.20 0.07167
9.90 0.07112
9.60 0.07083
9.30 0.07051
9.00 0.07035
8.70 0.06980
8.40 0.06929
8.10 0.06885
7.80 0.06828
7.50 0.06768
7.20 0.06728
6.90 0.06673
6.60 0.06613
6.30 0.06568
6.00 0.06553
5.70 0.06518
5.40 0.06457
5.10 0.06401
4.80 0.06352
4.50 0.06305
4.20 0.06248
3.90 0.06202
3.60 0.06172
3.30 0.06134
3.00 0.06074
2.70 0.06017
2.40 0.05962
2.10 0.05916
1.80 0.05873
1.50 0.05822
1.20 0.05761
0.90 0.05695
0.60 0.05626
0.30 0.05552
0.00 0.05467
7.68 0.04409
7.57 0.04779
7.46 0.04753
7.35 0.04827
7.23 0.04712
7.12 0.04664
7.01 0.04632
6.90 0.04600
6.79 0.04566
6.68 0.04521
6.57 0.04476
6.46 0.04427
6.34 0.04399
6.23 0.04376
6.12 0.04349
6.01 0.04304
5.90 0.04273
5.79 0.04292
5.68 0.04322
5.57 0.04354
5.45 0.04352
5.34 0.04336
5.23 0.04309
5.12 0.04275
5.01 0.04295
4.90 0.04271
4.79 0.04252
4.67 0.04240
4.56 0.04217
4.45 0.04201
4.34 0.04175
4.23 0.04151
4.12 0.04125
4.01 0.04092
3.90 0.04064
3.78 0.04039
3.67 0.04015
3.56 0.03992
3.45 0.03963
3.34 0.03933
3.23 0.03903
3.12 0.03875
3.01 0.03850
2.89 0.03821
2.78 0.03795
2.67 0.03770
2.56 0.03743
2.45 0.03715
2.34 0.03684
2.23 0.03657
2.11 0.03631
2.00 0.03603
1.89 0.03576
1.78 0.03548
1.67 0.03519
1.56 0.03492
1.45 0.03463
1.34 0.03437
1.22 0.03412
1.11 0.03389
1.00 0.03365
0.89 0.03343
0.78 0.03316
0.67 0.03288
0.56 0.03259
0.45 0.03228
0.33 0.03195
0.22 0.03161
0.11 0.03124
0.00 0.03080
3.07 0.03741
3.03 0.03691
2.99 0.03516
2.95 0.03415
2.91 0.03429
2.86 0.03368
2.82 0.03320
2.78 0.03258
2.74 0.03201
2.70 0.03143
2.66 0.03092
2.62 0.03040
2.57 0.02994
2.53 0.02966
2.49 0.02937
2.45 0.02904
2.41 0.02880
2.37 0.02853
2.32 0.02833
2.28 0.02815
2.24 0.02796
2.20 0.02781
2.16 0.02762
2.12 0.02743
2.08 0.02717
2.03 0.02691
1.99 0.02668
1.95 0.02644
1.91 0.02623
1.87 0.02601
1.83 0.02582
1.79 0.02560
1.74 0.02540
1.70 0.02522
1.66 0.02504
1.62 0.02486
1.58 0.02470
1.54 0.02458
1.49 0.02448
1.45 0.02439
1.41 0.02436
1.37 0.02443
1.33 0.02451
1.29 0.02462
1.25 0.02466
1.20 0.02463
1.16 0.02454
1.12 0.02449
1.08 0.02446
1.04 0.02447
1.00 0.02447
0.95 0.02448
0.91 0.02444
0.87 0.02437
0.83 0.02430
0.79 0.02420
0.75 0.02411
0.71 0.02400
0.66 0.02389
0.62 0.02376
0.58 0.02363
0.54 0.02350
0.50 0.02336
0.46 0.02322
0.42 0.02306
0.37 0.02290
0.33 0.02274
0.29 0.02257
0.25 0.02239
0.21 0.02220
0.17 0.02200
0.12 0.02179
0.08 0.02157
0.04 0.02133
0.00 0.02105
1.23 0.02274
1.21 0.02338
1.20 0.02308
1.18 0.02260
1.17 0.02234
1.15 0.02227
1.14 0.02244
1.12 0.02302
1.10 0.02333
1.09 0.02376
1.07 0.02494
1.06 0.02586
1.04 0.02629
1.03 0.02690
1.01 0.02724
1.00 0.02742
0.98 0.02752
0.96 0.02749
0.95 0.02732
0.93 0.02720
0.92 0.02729
0.90 0.02744
0.89 0.02757
0.87 0.02760
0.86 0.02766
0.84 0.02783
0.82 0.02794
0.81 0.02808
0.79 0.02823
0.78 0.02811
0.76 0.02799
0.75 0.02780
0.73 0.02755
0.72 0.02730
0.70 0.02712
0.68 0.02690
0.67 0.02677
0.65 0.02664
0.64 0.02645
0.62 0.02628
0.61 0.02613
0.59 0.02599
0.58 0.02584
0.56 0.02570
0.54 0.02555
0.53 0.02540
0.51 0.02523
0.50 0.02508
0.48 0.02493
0.47 0.02478
0.45 0.02459
0.44 0.02440
0.42 0.02420
0.40 0.02400
0.39 0.02382
0.37 0.02362
0.36 0.02342
0.34 0.02323
0.33 0.02303
0.31 0.02285
0.30 0.02267
0.28 0.02248
0.26 0.02230
0.25 0.02212
0.23 0.02194
0.22 0.02176
0.20 0.02156
0.19 0.02138
0.17 0.02119
0.16 0.02101
0.14 0.02082
0.12 0.02063
0.11 0.02045
0.09 0.02027
0.08 0.02008
0.06 0.01989
0.05 0.01969
0.03 0.01949
0.02 0.01928
0.00 0.01904
0.49 0.01506
0.49 0.01521
0.48 0.01511
0.47 0.01493
0.47 0.01489
0.46 0.01475
0.46 0.01459
0.45 0.01448
0.44 0.01435
0.44 0.01431
0.43 0.01427
0.43 0.01420
0.42 0.01414
0.42 0.01407
0.41 0.01391
0.40 0.01380
0.40 0.01372
0.39 0.01361
0.39 0.01346
0.38 0.01336
0.37 0.01326
0.37 0.01317
0.36 0.01312
0.36 0.01306
0.35 0.01301
0.35 0.01295
0.34 0.01291
0.33 0.01288
0.33 0.01282
0.32 0.01278
0.32 0.01274
0.31 0.01269
0.30 0.01266
0.30 0.01260
0.29 0.01257
0.29 0.01252
0.28 0.01249
0.28 0.01243
0.27 0.01237
0.26 0.01232
0.26 0.01228
0.25 0.01222
0.25 0.01215
0.24 0.01209
0.23 0.01204
0.23 0.01201
0.22 0.01195
0.22 0.01190
0.21 0.01185
0.20 0.01179
0.20 0.01174
0.19 0.01169
0.19 0.01163
0.18 0.01157
0.18 0.01150
0.17 0.01145
0.16 0.01138
0.16 0.01132
0.15 0.01127
0.15 0.01120
0.14 0.01115
0.13 0.01109
0.13 0.01103
0.12 0.01098
0.12 0.01092
0.11 0.01085
0.11 0.01078
0.10 0.01073
0.09 0.01066
0.09 0.01059
0.08 0.01052
0.08 0.01046
0.07 0.01039
0.06 0.01033
0.06 0.01025
0.05 0.01018
0.05 0.01010
0.04 0.01002
0.04 0.00994
0.03 0.00986
0.02 0.00977
0.02 0.00969
0.01 0.00959
0.01 0.00950
0.00 0.00939
0.20 0.00925
0.19 0.00926
0.19 0.00934
0.19 0.00923
0.19 0.00925
0.19 0.00912
0.18 0.00904
0.18 0.00905
0.18 0.00900
0.18 0.00897
0.17 0.00891
0.17 0.00893
0.17 0.00888
0.17 0.00886
0.17 0.00882
0.16 0.00882
0.16 0.00878
0.16 0.00876
0.16 0.00875
0.15 0.00871
0.15 0.00868
0.15 0.00864
0.15 0.00862
0.15 0.00859
0.14 0.00854
0.14 0.00850
0.14 0.00847
0.14 0.00843
0.13 0.00840
0.13 0.00836
0.13 0.00832
0.13 0.00830
0.13 0.00829
0.12 0.00827
0.12 0.00824
0.12 0.00822
0.12 0.00819
0.11 0.00817
0.11 0.00815
0.11 0.00811
0.11 0.00809
0.11 0.00805
0.10 0.00803
0.10 0.00802
0.10 0.00798
0.10 0.00796
0.09 0.00792
0.09 0.00791
0.09 0.00788
0.09 0.00785
0.09 0.00783
0.08 0.00781
0.08 0.00778
0.08 0.00774
0.08 0.00771
0.08 0.00769
0.07 0.00765
0.07 0.00762
0.07 0.00759
0.07 0.00755
0.06 0.00752
0.06 0.00749
0.06 0.00746
0.06 0.00742
0.06 0.00739
0.05 0.00736
0.05 0.00733
0.05 0.00729
0.05 0.00725
0.04 0.00721
0.04 0.00718
0.04 0.00714
0.04 0.00710
0.04 0.00707
0.03 0.00702
0.03 0.00698
0.03 0.00694
0.03 0.00690
0.02 0.00686
0.02 0.00681
0.02 0.00677
0.02 0.00673
0.02 0.00668
0.01 0.00663
0.01 0.00658
0.01 0.00653
0.01 0.00648
0.00 0.00642
0.00 0.00636
0.00 0.00629
0.08 0.00610
0.08 0.00600
0.08 0.00618
0.08 0.00633
0.08 0.00633
0.07 0.00632
0.07 0.00627
0.07 0.00620
0.07 0.00625
0.07 0.00621
0.07 0.00616
0.07 0.00614
0.07 0.00611
0.07 0.00607
0.07 0.00605
0.07 0.00606
0.07 0.00605
0.06 0.00604
0.06 0.00599
0.06 0.00599
0.06 0.00597
0.06 0.00595
0.06 0.00594
0.06 0.00592
0.06 0.00591
0.06 0.00588
0.06 0.00586
0.06 0.00585
0.06 0.00583
0.05 0.00582
0.05 0.00580
0.05 0.00579
0.05 0.00575
0.05 0.00573
0.05 0.00571
0.05 0.00568
0.05 0.00567
0.05 0.00565
0.05 0.00564
0.05 0.00562
0.05 0.00561
0.04 0.00559
0.04 0.00558
0.04 0.00556
0.04 0.00554
0.04 0.00551
0.04 0.00550
0.04 0.00548
0.04 0.00546
0.04 0.00543
0.04 0.00541
0.04 0.00539
0.04 0.00538
0.03 0.00537
0.03 0.00534
0.03 0.00532
0.03 0.00530
0.03 0.00527
0.03 0.00525
0.03 0.00522
0.03 0.00520
0.03 0.00518
0.03 0.00516
0.03 0.00514
0.03 0.00511
0.02 0.00508
0.02 0.00506
0.02 0.00503
0.02 0.00501
0.02 0.00498
0.02 0.00496
0.02 0.00494
0.02 0.00491
0.02 0.00489
0.02 0.00486
0.02 0.00484
0.02 0.00481
0.01 0.00478
0.01 0.00475
0.01 0.00473
0.01 0.00470
0.01 0.00467
0.01 0.00465
0.01 0.00462
0.01 0.00459
0.01 0.00456
0.01 0.00453
0.01 0.00450
0.01 0.00447
0.00 0.00443
0.00 0.00440
0.00 0.00436
0.00 0.00433
0.00 0.00429
0.00 0.00425
0.00 0.00120
0.00 0.00065
0.00 0.00053
0.00 0.00042
0.00 0.00035
0.00 0.00030
0.00 0.00026
0.00 0.00023
0.00 0.00020
0.00 0.00018
0.00 0.00017
0.00 0.00015
0.00 0.00014
0.00 0.00013
0.00 0.00013
0.00 0.00012
0.00 0.00011
0.00 0.00011
0.00 0.00010
0.00 0.00010
0.00 0.00009
0.00 0.00009
0.00 0.00008
0.00 0.00009
0.00 0.00009
0.00 0.00009
0.00 0.00009
0.00 0.00009
0.00 0.00008
0.00 0.00008
0.00 0.00008
0.00 0.00008
0.00 0.00008
0.00 0.00007
0.00 0.00007
0.00 0.00007
0.00 0.00007
0.00 0.00007
0.00 0.00006
0.00 0.00006
0.00 0.00006
0.00 0.00006
0.00 0.00006
0.00 0.00006
0.00 0.00006
0.00 0.00006
0.00 0.00006
0.00 0.00006
0.00 0.00006
0.00 0.00006
0.00 0.00006
0.00 0.00006
0.00 0.00006
0.00 0.00005
0.00 0.00005
0.00 0.00005
0.00 0.00005
0.00 0.00005
0.00 0.00005
0.00 0.00005
0.00 0.00005
0.00 0.00005
0.00 0.00005
0.00 0.00005
0.00 0.00005
0.00 0.00005
0.00 0.00005
0.00 0.00005
0.00 0.00004
0.00 0.00004
0.00 0.00004
0.00 0.00004
0.00 0.00004
0.00 0.00004
0.00 0.00004
0.00 0.00004
0.00 0.00004
0.00 0.00004
0.00 0.00004
0.00 0.00004
0.00 0.00004
0.00 0.00004
0.00 0.00004
0.00 0.00004
0.00 0.00004
0.00 0.00004
0.00 0.00004
0.00 0.00004
0.00 0.00004
0.00 0.00004
0.00 0.00003
0.00 0.00003
0.00 0.00003
0.00 0.00003
0.00 0.00003
0.00 0.00003
0.00 0.00003
0.00 0.00003
0.00 0.00003
0.00 0.00003
