300.00 0.50998
293.88 0.47624
287.76 0.46322
281.63 0.46278
275.51 0.45691
269.39 0.45169
263.27 0.44728
257.14 0.44313
251.02 0.43996
244.90 0.43629
238.78 0.43266
232.65 0.42956
226.53 0.42643
220.41 0.42264
214.29 0.41930
208.16 0.41596
202.04 0.41317
195.92 0.40970
189.80 0.40645
183.67 0.40294
177.55 0.39961
171.43 0.39609
165.31 0.39288
159.18 0.38954
153.06 0.38614
146.94 0.38264
140.82 0.37928
134.69 0.37559
128.57 0.37202
122.45 0.36827
116.33 0.36460
110.20 0.36091
104.08 0.35715
97.96 0.35318
91.84 0.34943
85.71 0.34553
79.59 0.34154
73.47 0.33731
67.35 0.33308
61.22 0.32883
55.10 0.32454
48.98 0.32022
42.86 0.31565
36.73 0.31101
30.61 0.30631
24.49 0.30150
18.37 0.29661
12.24 0.29158
6.12 0.28639
0.00 0.28069
120.00 0.26101
117.78 0.26156
115.56 0.25887
113.33 0.25596
111.11 0.25441
108.89 0.25237
106.67 0.25095
104.44 0.24901
102.22 0.24714
100.00 0.24577
97.78 0.24361
95.56 0.24160
93.33 0.24010
91.11 0.23912
88.89 0.23732
86.67 0.23555
84.44 0.23380
82.22 0.23201
80.00 0.23045
77.78 0.22869
75.56 0.22694
73.33 0.22507
71.11 0.22298
68.89 0.22100
66.67 0.21930
64.44 0.21732
62.22 0.21526
60.00 0.21323
57.78 0.21145
55.56 0.20946
53.33 0.20757
51.11 0.20555
48.89 0.20345
46.67 0.20146
44.44 0.19954
42.22 0.19758
40.00 0.19573
37.78 0.19382
35.56 0.19171
33.33 0.18963
31.11 0.18752
28.89 0.18555
26.67 0.18352
24.44 0.18141
22.22 0.17927
20.00 0.17704
17.78 0.17474
15.56 0.17246
13.33 0.17013
11.11 0.16780
8.89 0.16545
6.67 0.16305
4.44 0.16061
2.22 0.15807
0.00 0.15522
48.00 0.14167
47.19 0.14014
46.37 0.13742
45.56 0.13623
44.75 0.13565
43.93 0.13498
43.12 0.13315
42.31 0.13213
41.49 0.13124
40.68 0.13019
39.86 0.12962
39.05 0.12847
38.24 0.12756
37.42 0.12682
36.61 0.12669
35.80 0.12590
34.98 0.12546
34.17 0.12484
33.36 0.12399
32.54 0.12290
31.73 0.12178
30.92 0.12079
30.10 0.12011
29.29 0.11926
28.47 0.11843
27.66 0.11766
26.85 0.11685
26.03 0.11601
25.22 0.11516
24.41 0.11430
23.59 0.11336
22.78 0.11242
21.97 0.11150
21.15 0.11066
20.34 0.10980
19.53 0.10875
18.71 0.10777
17.90 0.10676
17.08 0.10582
16.27 0.10497
15.46 0.10397
14.64 0.10294
13.83 0.10192
13.02 0.10087
12.20 0.09979
11.39 0.09873
10.58 0.09772
9.76 0.09670
8.95 0.09569
8.14 0.09466
7.32 0.09362
6.51 0.09255
5.69 0.09147
4.88 0.09041
4.07 0.08932
3.25 0.08819
2.44 0.08705
1.63 0.08587
0.81 0.08463
0.00 0.08323
19.20 0.07021
18.90 0.07190
18.60 0.07241
18.30 0.07163
18.00 0.07266
17.70 0.07270
17.40 0.07233
17.10 0.07208
16.80 0.07215
16.50 0.07162
16.20 0.07162
15.90 0.07102
15.60 0.07029
15.30 0.07006
15.00 0.07012
14.70 0.07012
14.40 0.06969
14.10 0.06914
13.80 0.06863
13.50 0.06814
13.20 0.06779
12.90 0.06743
12.60 0.06717
12.30 0.06701
12.00 0.06680
11.70 0.06640
11.40 0.06599
11.10 0.06556
10.80 0.06509
10.50 0.06465
10.20 0.06441
9.90 0.06420
9.60 0.06376
9.30 0.06325
9.00 0.06274
8.70 0.06226
8.40 0.06176
8.10 0.06131
7.80 0.06086
7.50 0.06044
7.20 0.06012
6.90 0.05971
6.60 0.05936
6.30 0.05902
6.00 0.05874
5.70 0.05842
5.40 0.05809
5.10 0.05779
4.80 0.05741
4.50 0.05705
4.20 0.05663
3.90 0.05621
3.60 0.05580
3.30 0.05540
3.00 0.05501
2.70 0.05460
2.40 0.05411
2.10 0.05362
1.80 0.05313
1.50 0.05260
1.20 0.05205
0.90 0.05151
0.60 0.05093
0.30 0.05030
0.00 0.04954
7.68 0.04661
7.57 0.04734
7.46 0.04731
7.35 0.04679
7.23 0.04711
7.12 0.04736
7.01 0.04756
6.90 0.04743
6.79 0.04738
6.68 0.04729
6.57 0.04706
6.46 0.04679
6.34 0.04664
6.23 0.04639
6.12 0.04575
6.01 0.04535
5.90 0.04494
5.79 0.04464
5.68 0.04465
5.57 0.04466
5.45 0.04457
5.34 0.04445
5.23 0.04432
5.12 0.04408
5.01 0.04381
4.90 0.04360
4.79 0.04327
4.67 0.04298
4.56 0.04294
4.45 0.04293
4.34 0.04285
4.23 0.04283
4.12 0.04272
4.01 0.04255
3.90 0.04238
3.78 0.04225
3.67 0.04202
3.56 0.04189
3.45 0.04175
3.34 0.04158
3.23 0.04146
3.12 0.04130
3.01 0.04113
2.89 0.04100
2.78 0.04081
2.67 0.04061
2.56 0.04043
2.45 0.04023
2.34 0.04004
2.23 0.03984
2.11 0.03959
2.00 0.03936
1.89 0.03914
1.78 0.03891
1.67 0.03867
1.56 0.03843
1.45 0.03822
1.34 0.03799
1.22 0.03775
1.11 0.03750
1.00 0.03725
0.89 0.03700
0.78 0.03674
0.67 0.03645
0.56 0.03615
0.45 0.03584
0.33 0.03549
0.22 0.03513
0.11 0.03473
0.00 0.03424
3.07 0.03721
3.03 0.03467
2.99 0.03328
2.95 0.03365
2.91 0.03385
2.86 0.03392
2.82 0.03407
2.78 0.03381
2.74 0.03348
2.70 0.03354
2.66 0.03353
2.62 0.03332
2.57 0.03298
2.53 0.03261
2.49 0.03238
2.45 0.03203
2.41 0.03179
2.37 0.03176
2.32 0.03162
2.28 0.03125
2.24 0.03090
2.20 0.03063
2.16 0.03038
2.12 0.03005
2.08 0.02974
2.03 0.02950
1.99 0.02926
1.95 0.02901
1.91 0.02879
1.87 0.02857
1.83 0.02836
1.79 0.02816
1.74 0.02799
1.70 0.02778
1.66 0.02757
1.62 0.02737
1.58 0.02723
1.54 0.02711
1.49 0.02698
1.45 0.02687
1.41 0.02680
1.37 0.02673
1.33 0.02667
1.29 0.02654
1.25 0.02642
1.20 0.02631
1.16 0.02619
1.12 0.02612
1.08 0.02606
1.04 0.02599
1.00 0.02591
0.95 0.02588
0.91 0.02583
0.87 0.02580
0.83 0.02579
0.79 0.02576
0.75 0.02574
0.71 0.02571
0.66 0.02568
0.62 0.02565
0.58 0.02563
0.54 0.02559
0.50 0.02549
0.46 0.02536
0.42 0.02524
0.37 0.02512
0.33 0.02497
0.29 0.02482
0.25 0.02466
0.21 0.02448
0.17 0.02432
0.12 0.02413
0.08 0.02394
0.04 0.02371
0.00 0.02340
1.23 0.02646
1.21 0.02567
1.20 0.02609
1.18 0.02630
1.17 0.02635
1.15 0.02641
1.14 0.02632
1.12 0.02615
1.10 0.02597
1.09 0.02562
1.07 0.02529
1.06 0.02498
1.04 0.02465
1.03 0.02433
1.01 0.02404
1.00 0.02389
0.98 0.02361
0.96 0.02331
0.95 0.02306
0.93 0.02273
0.92 0.02255
0.90 0.02237
0.89 0.02215
0.87 0.02200
0.86 0.02183
0.84 0.02171
0.82 0.02158
0.81 0.02145
0.79 0.02133
0.78 0.02122
0.76 0.02110
0.75 0.02098
0.73 0.02089
0.72 0.02084
0.70 0.02079
0.68 0.02074
0.67 0.02070
0.65 0.02063
0.64 0.02059
0.62 0.02053
0.61 0.02046
0.59 0.02039
0.58 0.02032
0.56 0.02025
0.54 0.02018
0.53 0.02007
0.51 0.02001
0.50 0.01995
0.48 0.01989
0.47 0.01983
0.45 0.01977
0.44 0.01970
0.42 0.01964
0.40 0.01958
0.39 0.01952
0.37 0.01945
0.36 0.01937
0.34 0.01929
0.33 0.01920
0.31 0.01910
0.30 0.01900
0.28 0.01890
0.26 0.01879
0.25 0.01869
0.23 0.01857
0.22 0.01845
0.20 0.01833
0.19 0.01820
0.17 0.01807
0.16 0.01793
0.14 0.01778
0.12 0.01764
0.11 0.01750
0.09 0.01735
0.08 0.01720
0.06 0.01705
0.05 0.01689
0.03 0.01672
0.02 0.01654
0.00 0.01634
0.49 0.01480
0.49 0.01500
0.48 0.01466
0.47 0.01478
0.47 0.01475
0.46 0.01479
0.46 0.01478
0.45 0.01481
0.44 0.01476
0.44 0.01470
0.43 0.01471
0.43 0.01457
0.42 0.01446
0.42 0.01434
0.41 0.01426
0.40 0.01418
0.40 0.01413
0.39 0.01404
0.39 0.01404
0.38 0.01405
0.37 0.01411
0.37 0.01409
0.36 0.01409
0.36 0.01409
0.35 0.01404
0.35 0.01399
0.34 0.01395
0.33 0.01391
0.33 0.01386
0.32 0.01389
0.32 0.01391
0.31 0.01392
0.30 0.01392
0.30 0.01392
0.29 0.01391
0.29 0.01397
0.28 0.01401
0.28 0.01408
0.27 0.01410
0.26 0.01415
0.26 0.01419
0.25 0.01423
0.25 0.01425
0.24 0.01426
0.23 0.01426
0.23 0.01425
0.22 0.01425
0.22 0.01424
0.21 0.01422
0.20 0.01421
0.20 0.01418
0.19 0.01415
0.19 0.01413
0.18 0.01409
0.18 0.01405
0.17 0.01401
0.16 0.01396
0.16 0.01392
0.15 0.01387
0.15 0.01383
0.14 0.01377
0.13 0.01372
0.13 0.01366
0.12 0.01361
0.12 0.01356
0.11 0.01349
0.11 0.01342
0.10 0.01336
0.09 0.01329
0.09 0.01323
0.08 0.01317
0.08 0.01309
0.07 0.01301
0.06 0.01293
0.06 0.01285
0.05 0.01276
0.05 0.01268
0.04 0.01259
0.04 0.01250
0.03 0.01240
0.02 0.01231
0.02 0.01220
0.01 0.01209
0.01 0.01197
0.00 0.01183
0.20 0.01194
0.19 0.01173
0.19 0.01187
0.19 0.01170
0.19 0.01177
0.19 0.01177
0.18 0.01180
0.18 0.01192
0.18 0.01194
0.18 0.01189
0.17 0.01201
0.17 0.01210
0.17 0.01205
0.17 0.01206
0.17 0.01205
0.16 0.01206
0.16 0.01203
0.16 0.01205
0.16 0.01202
0.15 0.01201
0.15 0.01196
0.15 0.01192
0.15 0.01187
0.15 0.01184
0.14 0.01182
0.14 0.01175
0.14 0.01171
0.14 0.01165
0.13 0.01159
0.13 0.01152
0.13 0.01145
0.13 0.01140
0.13 0.01134
0.12 0.01128
0.12 0.01122
0.12 0.01116
0.12 0.01110
0.11 0.01104
0.11 0.01098
0.11 0.01094
0.11 0.01089
0.11 0.01084
0.10 0.01080
0.10 0.01075
0.10 0.01069
0.10 0.01064
0.09 0.01059
0.09 0.01053
0.09 0.01047
0.09 0.01041
0.09 0.01036
0.08 0.01031
0.08 0.01025
0.08 0.01020
0.08 0.01016
0.08 0.01011
0.07 0.01005
0.07 0.00999
0.07 0.00994
0.07 0.00989
0.06 0.00984
0.06 0.00979
0.06 0.00974
0.06 0.00968
0.06 0.00963
0.05 0.00957
0.05 0.00952
0.05 0.00947
0.05 0.00942
0.04 0.00937
0.04 0.00931
0.04 0.00926
0.04 0.00920
0.04 0.00915
0.03 0.00909
0.03 0.00903
0.03 0.00897
0.03 0.00891
0.02 0.00885
0.02 0.00878
0.02 0.00872
0.02 0.00865
0.02 0.00859
0.01 0.00852
0.01 0.00845
0.01 0.00839
0.01 0.00832
0.00 0.00824
0.00 0.00816
0.00 0.00807
0.08 0.00745
0.08 0.00732
0.08 0.00740
0.08 0.00742
0.08 0.00754
0.07 0.00751
0.07 0.00756
0.07 0.00751
0.07 0.00754
0.07 0.00750
0.07 0.00749
0.07 0.00748
0.07 0.00746
0.07 0.00747
0.07 0.00747
0.07 0.00746
0.07 0.00743
0.06 0.00743
0.06 0.00742
0.06 0.00738
0.06 0.00737
0.06 0.00735
0.06 0.00732
0.06 0.00731
0.06 0.00728
0.06 0.00725
0.06 0.00723
0.06 0.00722
0.06 0.00721
0.05 0.00719
0.05 0.00718
0.05 0.00715
0.05 0.00714
0.05 0.00712
0.05 0.00710
0.05 0.00709
0.05 0.00706
0.05 0.00704
0.05 0.00700
0.05 0.00696
0.05 0.00694
0.04 0.00690
0.04 0.00688
0.04 0.00686
0.04 0.00684
0.04 0.00682
0.04 0.00680
0.04 0.00678
0.04 0.00674
0.04 0.00672
0.04 0.00670
0.04 0.00667
0.04 0.00664
0.03 0.00662
0.03 0.00659
0.03 0.00657
0.03 0.00655
0.03 0.00652
0.03 0.00649
0.03 0.00646
0.03 0.00644
0.03 0.00640
0.03 0.00638
0.03 0.00635
0.03 0.00632
0.02 0.00629
0.02 0.00626
0.02 0.00624
0.02 0.00621
0.02 0.00618
0.02 0.00615
0.02 0.00612
0.02 0.00609
0.02 0.00606
0.02 0.00602
0.02 0.00598
0.02 0.00595
0.01 0.00592
0.01 0.00588
0.01 0.00584
0.01 0.00581
0.01 0.00577
0.01 0.00574
0.01 0.00570
0.01 0.00566
0.01 0.00562
0.01 0.00559
0.01 0.00555
0.01 0.00551
0.00 0.00547
0.00 0.00543
0.00 0.00539
0.00 0.00534
0.00 0.00529
0.00 0.00524
0.00 0.01605
0.00 0.01097
0.00 0.00875
0.00 0.00718
0.00 0.00605
0.00 0.00543
0.00 0.00489
0.00 0.00447
0.00 0.00411
0.00 0.00383
0.00 0.00358
0.00 0.00337
0.00 0.00321
0.00 0.00304
0.00 0.00286
0.00 0.00273
0.00 0.00261
0.00 0.00250
0.00 0.00241
0.00 0.00232
0.00 0.00229
0.00 0.00224
0.00 0.00218
0.00 0.00211
0.00 0.00206
0.00 0.00201
0.00 0.00196
0.00 0.00192
0.00 0.00187
0.00 0.00183
0.00 0.00179
0.00 0.00176
0.00 0.00172
0.00 0.00168
0.00 0.00164
0.00 0.00160
0.00 0.00157
0.00 0.00154
0.00 0.00152
0.00 0.00151
0.00 0.00148
0.00 0.00146
0.00 0.00144
0.00 0.00142
0.00 0.00140
0.00 0.00139
0.00 0.00137
0.00 0.00135
0.00 0.00133
0.00 0.00131
0.00 0.00129
0.00 0.00127
0.00 0.00127
0.00 0.00125
0.00 0.00124
0.00 0.00123
0.00 0.00122
0.00 0.00121
0.00 0.00120
0.00 0.00119
0.00 0.00117
0.00 0.00116
0.00 0.00115
0.00 0.00114
0.00 0.00113
0.00 0.00112
0.00 0.00111
0.00 0.00110
0.00 0.00108
0.00 0.00107
0.00 0.00107
0.00 0.00105
0.00 0.00104
0.00 0.00103
0.00 0.00102
0.00 0.00101
0.00 0.00100
0.00 0.00099
0.00 0.00098
0.00 0.00096
0.00 0.00095
0.00 0.00094
0.00 0.00093
0.00 0.00092
0.00 0.00092
0.00 0.00091
0.00 0.00090
0.00 0.00089
0.00 0.00088
0.00 0.00088
0.00 0.00087
0.00 0.00086
0.00 0.00086
0.00 0.00085
0.00 0.00085
0.00 0.00084
0.00 0.00084
0.00 0.00083
0.00 0.00082
0.00 0.00082
