150.00 0.93035
133.33 0.93455
116.67 0.93047
100.00 0.92988
83.33 0.92809
66.67 0.92417
50.00 0.91709
33.33 0.89258
16.67 0.85693
0.00 0.77136
120.00 0.93335
106.67 0.92932
93.33 0.92750
80.00 0.92473
66.67 0.92330
53.33 0.91681
40.00 0.90441
26.67 0.87997
13.33 0.84030
0.00 0.75633
96.00 0.93200
85.33 0.92355
74.67 0.91953
64.00 0.91438
53.33 0.91444
42.67 0.90175
32.00 0.87880
21.33 0.85146
10.67 0.80996
0.00 0.72903
76.80 0.90260
68.27 0.90755
59.73 0.90430
51.20 0.89907
42.67 0.88900
34.13 0.87446
25.60 0.85042
17.07 0.81766
8.53 0.77533
0.00 0.69786
