150.00 0.94140
133.33 0.93922
116.67 0.93908
100.00 0.94086
83.33 0.93911
66.67 0.93817
50.00 0.93678
33.33 0.93282
16.67 0.92048
0.00 0.82991
120.00 0.94025
106.67 0.93822
93.33 0.93723
80.00 0.93636
66.67 0.93259
53.33 0.93256
40.00 0.93041
26.67 0.92447
13.33 0.90816
0.00 0.81801
96.00 0.93250
85.33 0.93475
74.67 0.93250
64.00 0.93229
53.33 0.92989
42.67 0.92934
32.00 0.92601
21.33 0.91850
10.67 0.89169
0.00 0.80290
76.80 0.93355
68.27 0.93480
59.73 0.93313
51.20 0.93226
42.67 0.93045
34.13 0.92730
25.60 0.92212
17.07 0.90617
8.53 0.85989
0.00 0.77412
