150.00 0.94835
133.33 0.94825
116.67 0.94865
100.00 0.94750
83.33 0.94829
66.67 0.94880
50.00 0.94871
33.33 0.94818
16.67 0.94687
0.00 0.85279
120.00 0.94310
106.67 0.94440
93.33 0.94715
80.00 0.94831
66.67 0.94764
53.33 0.94723
40.00 0.94771
26.67 0.94639
13.33 0.94499
0.00 0.85154
96.00 0.95175
85.33 0.94890
74.67 0.94962
64.00 0.94895
53.33 0.94826
42.67 0.94708
32.00 0.94710
21.33 0.94654
10.67 0.94501
0.00 0.85131
76.80 0.94915
68.27 0.94600
59.73 0.94692
51.20 0.94629
42.67 0.94711
34.13 0.94752
25.60 0.94619
17.07 0.94622
8.53 0.94421
0.00 0.85044
