25.00 0.19205
22.22 0.18463
19.44 0.17868
16.67 0.16989
13.89 0.16547
11.11 0.15950
8.33 0.15135
5.56 0.14249
2.78 0.13217
0.00 0.11905
20.00 0.17005
17.78 0.16753
15.56 0.15952
13.33 0.15335
11.11 0.14639
8.89 0.13968
6.67 0.13301
4.44 0.12631
2.22 0.11884
0.00 0.10701
16.00 0.14405
14.22 0.14567
12.44 0.14145
10.67 0.13574
8.89 0.12934
7.11 0.12336
5.33 0.11760
3.56 0.11053
1.78 0.10343
0.00 0.09333
12.80 0.14125
11.38 0.13007
9.96 0.12510
8.53 0.12076
7.11 0.11564
5.69 0.11092
4.27 0.10624
2.84 0.09978
1.42 0.09316
0.00 0.08400
