300.00 0.48206
293.88 0.46636
287.76 0.45702
281.63 0.45221
275.51 0.44989
269.39 0.44638
263.27 0.44304
257.14 0.44047
251.02 0.43672
244.90 0.43299
238.78 0.42966
232.65 0.42621
226.53 0.42327
220.41 0.42027
214.29 0.41740
208.16 0.41373
202.04 0.41063
195.92 0.40758
189.80 0.40443
183.67 0.40099
177.55 0.39786
171.43 0.39444
165.31 0.39121
159.18 0.38774
153.06 0.38437
146.94 0.38107
140.82 0.37767
134.69 0.37427
128.57 0.37079
122.45 0.36727
116.33 0.36364
110.20 0.36018
104.08 0.35639
97.96 0.35259
91.84 0.34885
85.71 0.34479
79.59 0.34081
73.47 0.33686
67.35 0.33270
61.22 0.32858
55.10 0.32435
48.98 0.32003
42.86 0.31563
36.73 0.31116
30.61 0.30668
24.49 0.30216
18.37 0.29734
12.24 0.29241
6.12 0.28728
0.00 0.28158
120.00 0.26565
117.78 0.26304
115.56 0.25926
113.33 0.25684
111.11 0.25485
108.89 0.25354
106.67 0.25174
104.44 0.25023
102.22 0.24846
100.00 0.24663
97.78 0.24541
95.56 0.24365
93.33 0.24181
91.11 0.24013
88.89 0.23835
86.67 0.23626
84.44 0.23466
82.22 0.23292
80.00 0.23084
77.78 0.22909
75.56 0.22726
73.33 0.22566
71.11 0.22363
68.89 0.22161
66.67 0.21973
64.44 0.21782
62.22 0.21593
60.00 0.21385
57.78 0.21181
55.56 0.20964
53.33 0.20745
51.11 0.20544
48.89 0.20334
46.67 0.20139
44.44 0.19925
42.22 0.19712
40.00 0.19511
37.78 0.19299
35.56 0.19084
33.33 0.18879
31.11 0.18667
28.89 0.18458
26.67 0.18249
24.44 0.18038
22.22 0.17837
20.00 0.17627
17.78 0.17423
15.56 0.17207
13.33 0.16994
11.11 0.16783
8.89 0.16559
6.67 0.16329
4.44 0.16093
2.22 0.15841
0.00 0.15557
48.00 0.13854
47.19 0.13925
46.37 0.13882
45.56 0.13725
44.75 0.13553
43.93 0.13423
43.12 0.13310
42.31 0.13250
41.49 0.13188
40.68 0.13161
39.86 0.13076
39.05 0.12997
38.24 0.12897
37.42 0.12791
36.61 0.12699
35.80 0.12606
34.98 0.12506
34.17 0.12412
33.36 0.12320
32.54 0.12238
31.73 0.12160
30.92 0.12083
30.10 0.12013
29.29 0.11933
28.47 0.11850
27.66 0.11766
26.85 0.11676
26.03 0.11585
25.22 0.11500
24.41 0.11421
23.59 0.11347
22.78 0.11269
21.97 0.11183
21.15 0.11097
20.34 0.11013
19.53 0.10933
18.71 0.10850
17.90 0.10757
17.08 0.10671
16.27 0.10587
15.46 0.10498
14.64 0.10407
13.83 0.10314
13.02 0.10223
12.20 0.10131
11.39 0.10041
10.58 0.09946
9.76 0.09852
8.95 0.09757
8.14 0.09654
7.32 0.09553
6.51 0.09450
5.69 0.09349
4.88 0.09242
4.07 0.09135
3.25 0.09026
2.44 0.08912
1.63 0.08796
0.81 0.08672
0.00 0.08530
19.20 0.07891
18.90 0.07833
18.60 0.07787
18.30 0.07704
18.00 0.07687
17.70 0.07629
17.40 0.07589
17.10 0.07595
16.80 0.07562
16.50 0.07552
16.20 0.07526
15.90 0.07508
15.60 0.07489
15.30 0.07490
15.00 0.07473
14.70 0.07458
14.40 0.07449
14.10 0.07447
13.80 0.07441
13.50 0.07421
13.20 0.07408
12.90 0.07386
12.60 0.07372
12.30 0.07342
12.00 0.07325
11.70 0.07323
11.40 0.07317
11.10 0.07296
10.80 0.07277
10.50 0.07265
10.20 0.07252
9.90 0.07235
9.60 0.07204
9.30 0.07166
9.00 0.07131
8.70 0.07097
8.40 0.07066
8.10 0.07030
7.80 0.06994
7.50 0.06958
7.20 0.06917
6.90 0.06872
6.60 0.06828
6.30 0.06783
6.00 0.06739
5.70 0.06693
5.40 0.06645
5.10 0.06597
4.80 0.06548
4.50 0.06498
4.20 0.06449
3.90 0.06404
3.60 0.06355
3.30 0.06305
3.00 0.06250
2.70 0.06197
2.40 0.06141
2.10 0.06085
1.80 0.06028
1.50 0.05966
1.20 0.05903
0.90 0.05836
0.60 0.05765
0.30 0.05691
0.00 0.05605
7.68 0.05378
7.57 0.05339
7.46 0.05316
7.35 0.05231
7.23 0.05191
7.12 0.05179
7.01 0.05152
6.90 0.05121
6.79 0.05083
6.68 0.05056
6.57 0.05018
6.46 0.04999
6.34 0.04976
6.23 0.04947
6.12 0.04920
6.01 0.04901
5.90 0.04887
5.79 0.04872
5.68 0.04857
5.57 0.04837
5.45 0.04816
5.34 0.04802
5.23 0.04781
5.12 0.04763
5.01 0.04747
4.90 0.04727
4.79 0.04705
4.67 0.04683
4.56 0.04660
4.45 0.04635
4.34 0.04610
4.23 0.04587
4.12 0.04565
4.01 0.04533
3.90 0.04503
3.78 0.04477
3.67 0.04449
3.56 0.04422
3.45 0.04391
3.34 0.04362
3.23 0.04335
3.12 0.04305
3.01 0.04273
2.89 0.04248
2.78 0.04221
2.67 0.04193
2.56 0.04166
2.45 0.04139
2.34 0.04110
2.23 0.04078
2.11 0.04049
2.00 0.04019
1.89 0.03988
1.78 0.03959
1.67 0.03928
1.56 0.03898
1.45 0.03868
1.34 0.03835
1.22 0.03804
1.11 0.03773
1.00 0.03739
0.89 0.03706
0.78 0.03672
0.67 0.03636
0.56 0.03601
0.45 0.03565
0.33 0.03527
0.22 0.03487
0.11 0.03445
0.00 0.03397
3.07 0.03119
3.03 0.03119
2.99 0.03125
2.95 0.03129
2.91 0.03124
2.86 0.03108
2.82 0.03092
2.78 0.03079
2.74 0.03068
2.70 0.03067
2.66 0.03065
2.62 0.03059
2.57 0.03047
2.53 0.03036
2.49 0.03026
2.45 0.03015
2.41 0.03000
2.37 0.02987
2.32 0.02978
2.28 0.02968
2.24 0.02955
2.20 0.02943
2.16 0.02935
2.12 0.02922
2.08 0.02914
2.03 0.02906
1.99 0.02896
1.95 0.02882
1.91 0.02872
1.87 0.02859
1.83 0.02846
1.79 0.02836
1.74 0.02824
1.70 0.02809
1.66 0.02797
1.62 0.02784
1.58 0.02770
1.54 0.02756
1.49 0.02744
1.45 0.02729
1.41 0.02715
1.37 0.02702
1.33 0.02687
1.29 0.02673
1.25 0.02660
1.20 0.02648
1.16 0.02634
1.12 0.02620
1.08 0.02606
1.04 0.02591
1.00 0.02576
0.95 0.02561
0.91 0.02546
0.87 0.02529
0.83 0.02512
0.79 0.02496
0.75 0.02480
0.71 0.02465
0.66 0.02449
0.62 0.02432
0.58 0.02414
0.54 0.02395
0.50 0.02378
0.46 0.02359
0.42 0.02340
0.37 0.02322
0.33 0.02302
0.29 0.02283
0.25 0.02263
0.21 0.02241
0.17 0.02220
0.12 0.02198
0.08 0.02175
0.04 0.02151
0.00 0.02124
1.23 0.01962
1.21 0.02024
1.20 0.02028
1.18 0.02012
1.17 0.02012
1.15 0.01999
1.14 0.01993
1.12 0.01982
1.10 0.01981
1.09 0.01979
1.07 0.01962
1.06 0.01957
1.04 0.01952
1.03 0.01948
1.01 0.01940
1.00 0.01931
0.98 0.01923
0.96 0.01910
0.95 0.01905
0.93 0.01897
0.92 0.01891
0.90 0.01884
0.89 0.01878
0.87 0.01871
0.86 0.01865
0.84 0.01860
0.82 0.01855
0.81 0.01846
0.79 0.01841
0.78 0.01835
0.76 0.01827
0.75 0.01819
0.73 0.01811
0.72 0.01802
0.70 0.01796
0.68 0.01789
0.67 0.01780
0.65 0.01773
0.64 0.01765
0.62 0.01756
0.61 0.01745
0.59 0.01739
0.58 0.01732
0.56 0.01723
0.54 0.01715
0.53 0.01706
0.51 0.01698
0.50 0.01689
0.48 0.01681
0.47 0.01672
0.45 0.01662
0.44 0.01654
0.42 0.01645
0.40 0.01635
0.39 0.01626
0.37 0.01616
0.36 0.01607
0.34 0.01598
0.33 0.01589
0.31 0.01579
0.30 0.01568
0.28 0.01559
0.26 0.01549
0.25 0.01539
0.23 0.01528
0.22 0.01518
0.20 0.01507
0.19 0.01496
0.17 0.01485
0.16 0.01474
0.14 0.01463
0.12 0.01452
0.11 0.01440
0.09 0.01428
0.08 0.01416
0.06 0.01403
0.05 0.01390
0.03 0.01376
0.02 0.01362
0.00 0.01345
0.49 0.01253
0.49 0.01262
0.48 0.01266
0.47 0.01256
0.47 0.01258
0.46 0.01244
0.46 0.01244
0.45 0.01239
0.44 0.01238
0.44 0.01232
0.43 0.01227
0.43 0.01220
0.42 0.01218
0.42 0.01210
0.41 0.01204
0.40 0.01199
0.40 0.01193
0.39 0.01194
0.39 0.01192
0.38 0.01187
0.37 0.01181
0.37 0.01176
0.36 0.01175
0.36 0.01170
0.35 0.01165
0.35 0.01160
0.34 0.01158
0.33 0.01153
0.33 0.01149
0.32 0.01144
0.32 0.01141
0.31 0.01136
0.30 0.01130
0.30 0.01124
0.29 0.01119
0.29 0.01116
0.28 0.01111
0.28 0.01107
0.27 0.01104
0.26 0.01098
0.26 0.01093
0.25 0.01090
0.25 0.01085
0.24 0.01081
0.23 0.01077
0.23 0.01072
0.22 0.01066
0.22 0.01062
0.21 0.01056
0.20 0.01050
0.20 0.01045
0.19 0.01040
0.19 0.01035
0.18 0.01030
0.18 0.01024
0.17 0.01020
0.16 0.01014
0.16 0.01009
0.15 0.01004
0.15 0.00999
0.14 0.00993
0.13 0.00987
0.13 0.00982
0.12 0.00976
0.12 0.00970
0.11 0.00964
0.11 0.00959
0.10 0.00953
0.09 0.00947
0.09 0.00941
0.08 0.00935
0.08 0.00929
0.07 0.00922
0.06 0.00916
0.06 0.00910
0.05 0.00903
0.05 0.00897
0.04 0.00889
0.04 0.00882
0.03 0.00875
0.02 0.00868
0.02 0.00861
0.01 0.00852
0.01 0.00844
0.00 0.00835
0.20 0.00801
0.19 0.00788
0.19 0.00786
0.19 0.00788
0.19 0.00799
0.19 0.00784
0.18 0.00776
0.18 0.00779
0.18 0.00781
0.18 0.00779
0.17 0.00777
0.17 0.00776
0.17 0.00769
0.17 0.00765
0.17 0.00763
0.16 0.00759
0.16 0.00757
0.16 0.00753
0.16 0.00751
0.15 0.00749
0.15 0.00745
0.15 0.00746
0.15 0.00742
0.15 0.00738
0.14 0.00734
0.14 0.00733
0.14 0.00731
0.14 0.00728
0.13 0.00724
0.13 0.00721
0.13 0.00719
0.13 0.00717
0.13 0.00715
0.12 0.00712
0.12 0.00708
0.12 0.00704
0.12 0.00702
0.11 0.00698
0.11 0.00696
0.11 0.00695
0.11 0.00692
0.11 0.00689
0.10 0.00687
0.10 0.00683
0.10 0.00680
0.10 0.00679
0.09 0.00675
0.09 0.00672
0.09 0.00671
0.09 0.00668
0.09 0.00665
0.08 0.00662
0.08 0.00659
0.08 0.00656
0.08 0.00653
0.08 0.00651
0.07 0.00647
0.07 0.00644
0.07 0.00641
0.07 0.00638
0.06 0.00634
0.06 0.00632
0.06 0.00629
0.06 0.00625
0.06 0.00622
0.05 0.00618
0.05 0.00614
0.05 0.00612
0.05 0.00608
0.04 0.00605
0.04 0.00601
0.04 0.00598
0.04 0.00595
0.04 0.00591
0.03 0.00588
0.03 0.00584
0.03 0.00580
0.03 0.00577
0.02 0.00572
0.02 0.00568
0.02 0.00565
0.02 0.00561
0.02 0.00557
0.01 0.00553
0.01 0.00548
0.01 0.00543
0.01 0.00539
0.00 0.00534
0.00 0.00529
0.00 0.00523
0.08 0.00481
0.08 0.00492
0.08 0.00492
0.08 0.00494
0.08 0.00489
0.07 0.00495
0.07 0.00494
0.07 0.00500
0.07 0.00498
0.07 0.00496
0.07 0.00494
0.07 0.00489
0.07 0.00489
0.07 0.00485
0.07 0.00483
0.07 0.00484
0.07 0.00483
0.06 0.00482
0.06 0.00481
0.06 0.00479
0.06 0.00477
0.06 0.00476
0.06 0.00474
0.06 0.00472
0.06 0.00471
0.06 0.00469
0.06 0.00467
0.06 0.00466
0.06 0.00465
0.05 0.00464
0.05 0.00462
0.05 0.00460
0.05 0.00459
0.05 0.00457
0.05 0.00455
0.05 0.00453
0.05 0.00452
0.05 0.00450
0.05 0.00448
0.05 0.00447
0.05 0.00445
0.04 0.00443
0.04 0.00441
0.04 0.00439
0.04 0.00438
0.04 0.00436
0.04 0.00434
0.04 0.00432
0.04 0.00431
0.04 0.00428
0.04 0.00427
0.04 0.00426
0.04 0.00424
0.03 0.00422
0.03 0.00420
0.03 0.00419
0.03 0.00417
0.03 0.00415
0.03 0.00413
0.03 0.00410
0.03 0.00409
0.03 0.00407
0.03 0.00405
0.03 0.00404
0.03 0.00402
0.02 0.00400
0.02 0.00399
0.02 0.00397
0.02 0.00395
0.02 0.00393
0.02 0.00391
0.02 0.00389
0.02 0.00388
0.02 0.00385
0.02 0.00383
0.02 0.00381
0.02 0.00379
0.01 0.00376
0.01 0.00374
0.01 0.00372
0.01 0.00370
0.01 0.00368
0.01 0.00365
0.01 0.00363
0.01 0.00361
0.01 0.00358
0.01 0.00356
0.01 0.00354
0.01 0.00351
0.00 0.00349
0.00 0.00346
0.00 0.00344
0.00 0.00341
0.00 0.00338
0.00 0.00334
0.00 0.01804
0.00 0.01311
0.00 0.01026
0.00 0.00906
0.00 0.00813
0.00 0.00746
0.00 0.00688
0.00 0.00657
0.00 0.00619
0.00 0.00599
0.00 0.00570
0.00 0.00551
0.00 0.00528
0.00 0.00508
0.00 0.00490
0.00 0.00481
0.00 0.00466
0.00 0.00457
0.00 0.00443
0.00 0.00430
0.00 0.00419
0.00 0.00408
0.00 0.00399
0.00 0.00391
0.00 0.00383
0.00 0.00376
0.00 0.00370
0.00 0.00364
0.00 0.00358
0.00 0.00352
0.00 0.00345
0.00 0.00340
0.00 0.00333
0.00 0.00327
0.00 0.00323
0.00 0.00316
0.00 0.00313
0.00 0.00308
0.00 0.00303
0.00 0.00300
0.00 0.00297
0.00 0.00292
0.00 0.00288
0.00 0.00284
0.00 0.00282
0.00 0.00279
0.00 0.00275
0.00 0.00271
0.00 0.00267
0.00 0.00264
0.00 0.00260
0.00 0.00257
0.00 0.00254
0.00 0.00251
0.00 0.00249
0.00 0.00246
0.00 0.00243
0.00 0.00241
0.00 0.00238
0.00 0.00235
0.00 0.00233
0.00 0.00230
0.00 0.00228
0.00 0.00226
0.00 0.00224
0.00 0.00222
0.00 0.00221
0.00 0.00219
0.00 0.00218
0.00 0.00216
0.00 0.00213
0.00 0.00213
0.00 0.00211
0.00 0.00210
0.00 0.00208
0.00 0.00207
0.00 0.00206
0.00 0.00204
0.00 0.00203
0.00 0.00201
0.00 0.00200
0.00 0.00198
0.00 0.00197
0.00 0.00195
0.00 0.00194
0.00 0.00192
0.00 0.00190
0.00 0.00189
0.00 0.00187
0.00 0.00186
0.00 0.00185
0.00 0.00184
0.00 0.00183
0.00 0.00182
0.00 0.00181
0.00 0.00180
0.00 0.00178
0.00 0.00177
0.00 0.00176
0.00 0.00175
