300.00 0.46846
293.88 0.45694
287.76 0.45089
281.63 0.44677
275.51 0.44226
269.39 0.43861
263.27 0.43560
257.14 0.43337
251.02 0.43116
244.90 0.42821
238.78 0.42514
232.65 0.42164
226.53 0.41868
220.41 0.41582
214.29 0.41306
208.16 0.41038
202.04 0.40763
195.92 0.40461
189.80 0.40176
183.67 0.39867
177.55 0.39566
171.43 0.39269
165.31 0.38940
159.18 0.38625
153.06 0.38297
146.94 0.37949
140.82 0.37607
134.69 0.37266
128.57 0.36922
122.45 0.36569
116.33 0.36220
110.20 0.35864
104.08 0.35498
97.96 0.35130
91.84 0.34763
85.71 0.34383
79.59 0.33973
73.47 0.33560
67.35 0.33158
61.22 0.32759
55.10 0.32345
48.98 0.31905
42.86 0.31482
36.73 0.31037
30.61 0.30581
24.49 0.30115
18.37 0.29646
12.24 0.29166
6.12 0.28663
0.00 0.28092
120.00 0.26368
117.78 0.25867
115.56 0.25707
113.33 0.25605
111.11 0.25476
108.89 0.25342
106.67 0.25197
104.44 0.25042
102.22 0.24921
100.00 0.24774
97.78 0.24642
95.56 0.24438
93.33 0.24250
91.11 0.24068
88.89 0.23884
86.67 0.23713
84.44 0.23516
82.22 0.23365
80.00 0.23194
77.78 0.23022
75.56 0.22848
73.33 0.22671
71.11 0.22479
68.89 0.22306
66.67 0.22127
64.44 0.21960
62.22 0.21799
60.00 0.21595
57.78 0.21401
55.56 0.21197
53.33 0.21015
51.11 0.20832
48.89 0.20638
46.67 0.20440
44.44 0.20255
42.22 0.20063
40.00 0.19861
37.78 0.19645
35.56 0.19420
33.33 0.19197
31.11 0.18994
28.89 0.18767
26.67 0.18542
24.44 0.18321
22.22 0.18103
20.00 0.17897
17.78 0.17697
15.56 0.17490
13.33 0.17267
11.11 0.17048
8.89 0.16822
6.67 0.16576
4.44 0.16331
2.22 0.16073
0.00 0.15782
48.00 0.14103
47.19 0.13905
46.37 0.13944
45.56 0.13848
44.75 0.13751
43.93 0.13643
43.12 0.13501
42.31 0.13443
41.49 0.13316
40.68 0.13305
39.86 0.13285
39.05 0.13267
38.24 0.13181
37.42 0.13090
36.61 0.12984
35.80 0.12877
34.98 0.12789
34.17 0.12706
33.36 0.12639
32.54 0.12538
31.73 0.12467
30.92 0.12379
30.10 0.12324
29.29 0.12275
28.47 0.12220
27.66 0.12157
26.85 0.12077
26.03 0.12008
25.22 0.11930
24.41 0.11860
23.59 0.11769
22.78 0.11696
21.97 0.11621
21.15 0.11541
20.34 0.11426
19.53 0.11315
18.71 0.11199
17.90 0.11083
17.08 0.10966
16.27 0.10856
15.46 0.10748
14.64 0.10641
13.83 0.10539
13.02 0.10433
12.20 0.10338
11.39 0.10262
10.58 0.10178
9.76 0.10089
8.95 0.09996
8.14 0.09905
7.32 0.09811
6.51 0.09712
5.69 0.09607
4.88 0.09495
4.07 0.09385
3.25 0.09274
2.44 0.09157
1.63 0.09041
0.81 0.08918
0.00 0.08770
19.20 0.07846
18.90 0.07411
18.60 0.07456
18.30 0.07542
18.00 0.07637
17.70 0.07684
17.40 0.07683
17.10 0.07679
16.80 0.07655
16.50 0.07530
16.20 0.07443
15.90 0.07365
15.60 0.07260
15.30 0.07209
15.00 0.07150
14.70 0.07092
14.40 0.07039
14.10 0.06989
13.80 0.06942
13.50 0.06895
13.20 0.06849
12.90 0.06792
12.60 0.06741
12.30 0.06722
12.00 0.06679
11.70 0.06670
11.40 0.06698
11.10 0.06667
10.80 0.06618
10.50 0.06576
10.20 0.06532
9.90 0.06494
9.60 0.06444
9.30 0.06394
9.00 0.06345
8.70 0.06304
8.40 0.06265
8.10 0.06225
7.80 0.06185
7.50 0.06144
7.20 0.06101
6.90 0.06058
6.60 0.06016
6.30 0.05979
6.00 0.05942
5.70 0.05901
5.40 0.05863
5.10 0.05819
4.80 0.05775
4.50 0.05740
4.20 0.05721
3.90 0.05684
3.60 0.05646
3.30 0.05606
3.00 0.05573
2.70 0.05541
2.40 0.05504
2.10 0.05466
1.80 0.05422
1.50 0.05377
1.20 0.05326
0.90 0.05274
0.60 0.05223
0.30 0.05163
0.00 0.05085
7.68 0.05634
7.57 0.05597
7.46 0.05674
7.35 0.05509
7.23 0.05411
7.12 0.05443
7.01 0.05470
6.90 0.05470
6.79 0.05427
6.68 0.05363
6.57 0.05301
6.46 0.05250
6.34 0.05206
6.23 0.05165
6.12 0.05123
6.01 0.05067
5.90 0.05013
5.79 0.04966
5.68 0.04931
5.57 0.04886
5.45 0.04852
5.34 0.04814
5.23 0.04773
5.12 0.04737
5.01 0.04695
4.90 0.04654
4.79 0.04610
4.67 0.04569
4.56 0.04533
4.45 0.04505
4.34 0.04473
4.23 0.04445
4.12 0.04414
4.01 0.04383
3.90 0.04352
3.78 0.04324
3.67 0.04291
3.56 0.04263
3.45 0.04235
3.34 0.04209
3.23 0.04178
3.12 0.04147
3.01 0.04118
2.89 0.04091
2.78 0.04058
2.67 0.04030
2.56 0.03999
2.45 0.03966
2.34 0.03935
2.23 0.03906
2.11 0.03878
2.00 0.03847
1.89 0.03818
1.78 0.03788
1.67 0.03758
1.56 0.03728
1.45 0.03696
1.34 0.03665
1.22 0.03633
1.11 0.03601
1.00 0.03568
0.89 0.03534
0.78 0.03500
0.67 0.03465
0.56 0.03430
0.45 0.03395
0.33 0.03357
0.22 0.03319
0.11 0.03279
0.00 0.03233
3.07 0.02758
3.03 0.02811
2.99 0.02797
2.95 0.02786
2.91 0.02803
2.86 0.02820
2.82 0.02811
2.78 0.02805
2.74 0.02816
2.70 0.02823
2.66 0.02833
2.62 0.02857
2.57 0.02866
2.53 0.02868
2.49 0.02879
2.45 0.02879
2.41 0.02866
2.37 0.02855
2.32 0.02846
2.28 0.02833
2.24 0.02823
2.20 0.02821
2.16 0.02811
2.12 0.02797
2.08 0.02790
2.03 0.02782
1.99 0.02774
1.95 0.02759
1.91 0.02747
1.87 0.02729
1.83 0.02722
1.79 0.02710
1.74 0.02697
1.70 0.02682
1.66 0.02666
1.62 0.02650
1.58 0.02634
1.54 0.02617
1.49 0.02602
1.45 0.02587
1.41 0.02571
1.37 0.02556
1.33 0.02542
1.29 0.02528
1.25 0.02512
1.20 0.02497
1.16 0.02482
1.12 0.02467
1.08 0.02453
1.04 0.02437
1.00 0.02424
0.95 0.02410
0.91 0.02394
0.87 0.02378
0.83 0.02363
0.79 0.02348
0.75 0.02331
0.71 0.02314
0.66 0.02297
0.62 0.02279
0.58 0.02263
0.54 0.02245
0.50 0.02229
0.46 0.02211
0.42 0.02193
0.37 0.02175
0.33 0.02157
0.29 0.02138
0.25 0.02119
0.21 0.02100
0.17 0.02080
0.12 0.02059
0.08 0.02037
0.04 0.02014
0.00 0.01988
1.23 0.01822
1.21 0.01875
1.20 0.01881
1.18 0.01849
1.17 0.01839
1.15 0.01840
1.14 0.01842
1.12 0.01840
1.10 0.01851
1.09 0.01843
1.07 0.01823
1.06 0.01824
1.04 0.01812
1.03 0.01807
1.01 0.01797
1.00 0.01792
0.98 0.01789
0.96 0.01781
0.95 0.01777
0.93 0.01769
0.92 0.01761
0.90 0.01751
0.89 0.01740
0.87 0.01732
0.86 0.01723
0.84 0.01713
0.82 0.01705
0.81 0.01696
0.79 0.01689
0.78 0.01681
0.76 0.01676
0.75 0.01669
0.73 0.01664
0.72 0.01657
0.70 0.01650
0.68 0.01642
0.67 0.01635
0.65 0.01626
0.64 0.01616
0.62 0.01608
0.61 0.01600
0.59 0.01590
0.58 0.01581
0.56 0.01574
0.54 0.01566
0.53 0.01557
0.51 0.01548
0.50 0.01541
0.48 0.01531
0.47 0.01520
0.45 0.01513
0.44 0.01505
0.42 0.01496
0.40 0.01488
0.39 0.01479
0.37 0.01471
0.36 0.01462
0.34 0.01454
0.33 0.01445
0.31 0.01435
0.30 0.01426
0.28 0.01417
0.26 0.01408
0.25 0.01399
0.23 0.01389
0.22 0.01379
0.20 0.01370
0.19 0.01360
0.17 0.01351
0.16 0.01341
0.14 0.01331
0.12 0.01321
0.11 0.01310
0.09 0.01299
0.08 0.01288
0.06 0.01276
0.05 0.01264
0.03 0.01252
0.02 0.01239
0.00 0.01224
0.49 0.01169
0.49 0.01138
0.48 0.01139
0.47 0.01155
0.47 0.01151
0.46 0.01133
0.46 0.01126
0.45 0.01122
0.44 0.01121
0.44 0.01121
0.43 0.01121
0.43 0.01119
0.42 0.01114
0.42 0.01108
0.41 0.01097
0.40 0.01095
0.40 0.01092
0.39 0.01090
0.39 0.01087
0.38 0.01085
0.37 0.01081
0.37 0.01078
0.36 0.01074
0.36 0.01072
0.35 0.01068
0.35 0.01065
0.34 0.01060
0.33 0.01057
0.33 0.01055
0.32 0.01051
0.32 0.01049
0.31 0.01046
0.30 0.01043
0.30 0.01041
0.29 0.01037
0.29 0.01032
0.28 0.01029
0.28 0.01026
0.27 0.01021
0.26 0.01017
0.26 0.01013
0.25 0.01009
0.25 0.01005
0.24 0.01001
0.23 0.00998
0.23 0.00993
0.22 0.00990
0.22 0.00985
0.21 0.00980
0.20 0.00976
0.20 0.00971
0.19 0.00967
0.19 0.00963
0.18 0.00958
0.18 0.00954
0.17 0.00949
0.16 0.00944
0.16 0.00939
0.15 0.00935
0.15 0.00930
0.14 0.00925
0.13 0.00920
0.13 0.00915
0.12 0.00910
0.12 0.00904
0.11 0.00899
0.11 0.00894
0.10 0.00888
0.09 0.00883
0.09 0.00877
0.08 0.00872
0.08 0.00866
0.07 0.00861
0.06 0.00855
0.06 0.00849
0.05 0.00843
0.05 0.00836
0.04 0.00830
0.04 0.00823
0.03 0.00816
0.02 0.00810
0.02 0.00803
0.01 0.00795
0.01 0.00787
0.00 0.00778
0.20 0.00744
0.19 0.00734
0.19 0.00729
0.19 0.00728
0.19 0.00732
0.19 0.00729
0.18 0.00719
0.18 0.00716
0.18 0.00715
0.18 0.00716
0.17 0.00716
0.17 0.00717
0.17 0.00714
0.17 0.00712
0.17 0.00710
0.16 0.00707
0.16 0.00706
0.16 0.00702
0.16 0.00699
0.15 0.00696
0.15 0.00694
0.15 0.00694
0.15 0.00692
0.15 0.00688
0.14 0.00687
0.14 0.00684
0.14 0.00681
0.14 0.00677
0.13 0.00675
0.13 0.00674
0.13 0.00671
0.13 0.00668
0.13 0.00665
0.12 0.00663
0.12 0.00660
0.12 0.00657
0.12 0.00655
0.11 0.00652
0.11 0.00651
0.11 0.00649
0.11 0.00647
0.11 0.00645
0.10 0.00641
0.10 0.00640
0.10 0.00638
0.10 0.00635
0.09 0.00633
0.09 0.00629
0.09 0.00626
0.09 0.00624
0.09 0.00621
0.08 0.00618
0.08 0.00616
0.08 0.00613
0.08 0.00611
0.08 0.00608
0.07 0.00605
0.07 0.00602
0.07 0.00599
0.07 0.00597
0.06 0.00594
0.06 0.00591
0.06 0.00588
0.06 0.00585
0.06 0.00582
0.05 0.00580
0.05 0.00576
0.05 0.00573
0.05 0.00570
0.04 0.00567
0.04 0.00564
0.04 0.00561
0.04 0.00558
0.04 0.00555
0.03 0.00551
0.03 0.00548
0.03 0.00545
0.03 0.00541
0.02 0.00538
0.02 0.00534
0.02 0.00530
0.02 0.00527
0.02 0.00523
0.01 0.00519
0.01 0.00515
0.01 0.00510
0.01 0.00506
0.00 0.00501
0.00 0.00497
0.00 0.00491
0.08 0.00449
0.08 0.00441
0.08 0.00441
0.08 0.00439
0.08 0.00441
0.07 0.00445
0.07 0.00445
0.07 0.00448
0.07 0.00451
0.07 0.00449
0.07 0.00449
0.07 0.00444
0.07 0.00442
0.07 0.00440
0.07 0.00439
0.07 0.00440
0.07 0.00440
0.06 0.00438
0.06 0.00438
0.06 0.00436
0.06 0.00435
0.06 0.00432
0.06 0.00429
0.06 0.00430
0.06 0.00428
0.06 0.00427
0.06 0.00426
0.06 0.00426
0.06 0.00426
0.05 0.00426
0.05 0.00424
0.05 0.00422
0.05 0.00420
0.05 0.00419
0.05 0.00419
0.05 0.00417
0.05 0.00416
0.05 0.00416
0.05 0.00414
0.05 0.00413
0.05 0.00412
0.04 0.00410
0.04 0.00409
0.04 0.00408
0.04 0.00406
0.04 0.00404
0.04 0.00403
0.04 0.00401
0.04 0.00400
0.04 0.00398
0.04 0.00397
0.04 0.00395
0.04 0.00394
0.03 0.00392
0.03 0.00390
0.03 0.00389
0.03 0.00388
0.03 0.00387
0.03 0.00385
0.03 0.00384
0.03 0.00382
0.03 0.00380
0.03 0.00379
0.03 0.00377
0.03 0.00376
0.02 0.00374
0.02 0.00372
0.02 0.00371
0.02 0.00370
0.02 0.00368
0.02 0.00367
0.02 0.00366
0.02 0.00363
0.02 0.00361
0.02 0.00359
0.02 0.00357
0.02 0.00355
0.01 0.00353
0.01 0.00351
0.01 0.00349
0.01 0.00347
0.01 0.00345
0.01 0.00342
0.01 0.00340
0.01 0.00338
0.01 0.00335
0.01 0.00333
0.01 0.00331
0.01 0.00328
0.00 0.00326
0.00 0.00324
0.00 0.00321
0.00 0.00318
0.00 0.00315
0.00 0.00312
0.00 0.01193
0.00 0.00822
0.00 0.00657
0.00 0.00556
0.00 0.00483
0.00 0.00421
0.00 0.00375
0.00 0.00337
0.00 0.00315
0.00 0.00304
0.00 0.00289
0.00 0.00273
0.00 0.00263
0.00 0.00254
0.00 0.00246
0.00 0.00237
0.00 0.00230
0.00 0.00222
0.00 0.00218
0.00 0.00208
0.00 0.00200
0.00 0.00198
0.00 0.00193
0.00 0.00188
0.00 0.00183
0.00 0.00178
0.00 0.00175
0.00 0.00171
0.00 0.00168
0.00 0.00167
0.00 0.00163
0.00 0.00160
0.00 0.00159
0.00 0.00156
0.00 0.00154
0.00 0.00152
0.00 0.00151
0.00 0.00148
0.00 0.00146
0.00 0.00144
0.00 0.00141
0.00 0.00139
0.00 0.00137
0.00 0.00135
0.00 0.00133
0.00 0.00131
0.00 0.00129
0.00 0.00126
0.00 0.00125
0.00 0.00125
0.00 0.00123
0.00 0.00122
0.00 0.00120
0.00 0.00120
0.00 0.00119
0.00 0.00118
0.00 0.00118
0.00 0.00117
0.00 0.00117
0.00 0.00115
0.00 0.00115
0.00 0.00114
0.00 0.00113
0.00 0.00113
0.00 0.00112
0.00 0.00111
0.00 0.00110
0.00 0.00110
0.00 0.00109
0.00 0.00108
0.00 0.00108
0.00 0.00107
0.00 0.00107
0.00 0.00106
0.00 0.00106
0.00 0.00105
0.00 0.00104
0.00 0.00104
0.00 0.00103
0.00 0.00103
0.00 0.00102
0.00 0.00101
0.00 0.00101
0.00 0.00100
0.00 0.00099
0.00 0.00099
0.00 0.00099
0.00 0.00098
0.00 0.00097
0.00 0.00097
0.00 0.00096
0.00 0.00095
0.00 0.00094
0.00 0.00094
0.00 0.00093
0.00 0.00093
0.00 0.00092
0.00 0.00092
0.00 0.00092
0.00 0.00091
