25.00 0.95280
22.22 0.95488
19.44 0.95207
16.67 0.95254
13.89 0.95147
11.11 0.95147
8.33 0.94989
5.56 0.94776
2.78 0.93543
0.00 0.84208
20.00 0.94780
17.78 0.95030
15.56 0.95082
13.33 0.95141
11.11 0.94951
8.89 0.94864
6.67 0.94711
4.44 0.94499
2.22 0.92908
0.00 0.83635
16.00 0.95505
14.22 0.95255
12.44 0.94748
10.67 0.94804
8.89 0.94627
7.11 0.94501
5.33 0.94351
3.56 0.93937
1.78 0.92438
0.00 0.83200
12.80 0.94230
11.38 0.94647
9.96 0.94553
8.53 0.94634
7.11 0.94474
5.69 0.94259
4.27 0.94333
2.84 0.94000
1.42 0.91089
0.00 0.82006
