25.00 0.09120
22.22 0.08342
19.44 0.07857
16.67 0.07456
13.89 0.07364
11.11 0.07011
8.33 0.06655
5.56 0.06344
2.78 0.05961
0.00 0.05383
20.00 0.07915
17.78 0.07992
15.56 0.08443
13.33 0.08301
11.11 0.08192
8.89 0.07856
6.67 0.07454
4.44 0.07018
2.22 0.06553
0.00 0.05921
16.00 0.07980
14.22 0.07980
12.44 0.07402
10.67 0.06746
8.89 0.06334
7.11 0.05932
5.33 0.05641
3.56 0.05317
1.78 0.04952
0.00 0.04478
12.80 0.06700
11.38 0.06523
9.96 0.06205
8.53 0.06040
7.11 0.05800
5.69 0.05535
4.27 0.05228
2.84 0.04901
1.42 0.04568
0.00 0.04131
