150.00 0.94380
133.33 0.94155
116.67 0.93748
100.00 0.93511
83.33 0.93035
66.67 0.92518
50.00 0.91391
33.33 0.89083
16.67 0.85742
0.00 0.77175
120.00 0.92795
106.67 0.92480
93.33 0.92958
80.00 0.92721
66.67 0.92265
53.33 0.92011
40.00 0.91404
26.67 0.88997
13.33 0.84845
0.00 0.76367
96.00 0.91655
85.33 0.91815
74.67 0.90927
64.00 0.90659
53.33 0.90406
42.67 0.89597
32.00 0.87647
21.33 0.84699
10.67 0.80701
0.00 0.72635
76.80 0.88360
68.27 0.89820
59.73 0.89567
51.20 0.89123
42.67 0.88192
34.13 0.86430
25.60 0.83814
17.07 0.80510
8.53 0.76501
0.00 0.68855
