150.00 0.95265
133.33 0.94622
116.67 0.94808
100.00 0.94654
83.33 0.94640
66.67 0.94503
50.00 0.94454
33.33 0.94259
16.67 0.93716
0.00 0.84501
120.00 0.94470
106.67 0.94600
93.33 0.94688
80.00 0.94670
66.67 0.94672
53.33 0.94599
40.00 0.94504
26.67 0.94362
13.33 0.93011
0.00 0.83786
96.00 0.94235
85.33 0.94125
74.67 0.94335
64.00 0.94245
53.33 0.94273
42.67 0.94232
32.00 0.94099
21.33 0.93716
10.67 0.91752
0.00 0.82642
76.80 0.94470
68.27 0.94437
59.73 0.94500
51.20 0.94326
42.67 0.94295
34.13 0.94207
25.60 0.93895
17.07 0.92906
8.53 0.88557
0.00 0.79717
