150.00 0.95100
133.33 0.95208
116.67 0.94950
100.00 0.94985
83.33 0.94952
66.67 0.94923
50.00 0.94830
33.33 0.94676
16.67 0.94524
0.00 0.85176
120.00 0.93900
106.67 0.94365
93.33 0.94225
80.00 0.94258
66.67 0.94426
53.33 0.94428
40.00 0.94336
26.67 0.94333
13.33 0.94204
0.00 0.84916
96.00 0.94675
85.33 0.94580
74.67 0.94443
64.00 0.94381
53.33 0.94155
42.67 0.94193
32.00 0.94140
21.33 0.94007
10.67 0.93781
0.00 0.84477
76.80 0.94130
68.27 0.94320
59.73 0.94522
51.20 0.94555
42.67 0.94552
34.13 0.94417
25.60 0.94287
17.07 0.94145
8.53 0.93960
0.00 0.84738
