150.00 0.91205
133.33 0.91643
116.67 0.91870
100.00 0.91750
83.33 0.91532
66.67 0.91297
50.00 0.90151
33.33 0.87918
16.67 0.83719
0.00 0.75357
120.00 0.92075
106.67 0.91630
93.33 0.91113
80.00 0.91153
66.67 0.90505
53.33 0.89471
40.00 0.88084
26.67 0.84951
13.33 0.80508
0.00 0.72467
96.00 0.91085
85.33 0.90560
74.67 0.90303
64.00 0.89734
53.33 0.88177
42.67 0.86812
32.00 0.84174
21.33 0.80583
10.67 0.76000
0.00 0.68406
76.80 0.89390
68.27 0.88572
59.73 0.87713
51.20 0.87197
42.67 0.85829
34.13 0.82709
25.60 0.79994
17.07 0.76293
8.53 0.71702
0.00 0.64541
