25.00 0.94845
22.22 0.94385
19.44 0.94180
16.67 0.93930
13.89 0.93861
11.11 0.93727
8.33 0.93502
5.56 0.93336
2.78 0.90695
0.00 0.81676
20.00 0.93940
17.78 0.93932
15.56 0.94018
13.33 0.94096
11.11 0.93918
8.89 0.93640
6.67 0.93330
4.44 0.92931
2.22 0.88218
0.00 0.79422
16.00 0.93975
14.22 0.93710
12.44 0.93920
10.67 0.93637
8.89 0.93428
7.11 0.93130
5.33 0.92369
3.56 0.91469
1.78 0.86506
0.00 0.77870
12.80 0.93475
11.38 0.93753
9.96 0.93555
8.53 0.93312
7.11 0.92916
5.69 0.92378
4.27 0.91215
2.84 0.88077
1.42 0.82786
0.00 0.74518
