300.00 0.56817
293.88 0.55485
287.76 0.54235
281.63 0.53195
275.51 0.52988
269.39 0.52033
263.27 0.51368
257.14 0.50920
251.02 0.50253
244.90 0.49707
238.78 0.49104
232.65 0.48729
226.53 0.48164
220.41 0.47675
214.29 0.47180
208.16 0.46685
202.04 0.46202
195.92 0.45789
189.80 0.45334
183.67 0.44908
177.55 0.44473
171.43 0.44052
165.31 0.43612
159.18 0.43177
153.06 0.42752
146.94 0.42326
140.82 0.41907
134.69 0.41480
128.57 0.41050
122.45 0.40623
116.33 0.40187
110.20 0.39757
104.08 0.39319
97.96 0.38882
91.84 0.38442
85.71 0.38002
79.59 0.37550
73.47 0.37094
67.35 0.36644
61.22 0.36172
55.10 0.35687
48.98 0.35208
42.86 0.34720
36.73 0.34224
30.61 0.33706
24.49 0.33185
18.37 0.32653
12.24 0.32111
6.12 0.31538
0.00 0.30909
120.00 0.27810
117.78 0.27765
115.56 0.27553
113.33 0.27333
111.11 0.27130
108.89 0.26956
106.67 0.26741
104.44 0.26516
102.22 0.26347
100.00 0.26188
97.78 0.25979
95.56 0.25792
93.33 0.25630
91.11 0.25466
88.89 0.25298
86.67 0.25126
84.44 0.24962
82.22 0.24769
80.00 0.24574
77.78 0.24387
75.56 0.24213
73.33 0.24019
71.11 0.23835
68.89 0.23653
66.67 0.23475
64.44 0.23290
62.22 0.23103
60.00 0.22895
57.78 0.22699
55.56 0.22493
53.33 0.22299
51.11 0.22102
48.89 0.21884
46.67 0.21677
44.44 0.21474
42.22 0.21265
40.00 0.21052
37.78 0.20832
35.56 0.20618
33.33 0.20401
31.11 0.20186
28.89 0.19977
26.67 0.19750
24.44 0.19531
22.22 0.19300
20.00 0.19065
17.78 0.18829
15.56 0.18599
13.33 0.18356
11.11 0.18108
8.89 0.17863
6.67 0.17613
4.44 0.17353
2.22 0.17078
0.00 0.16768
48.00 0.15048
47.19 0.15094
46.37 0.15149
45.56 0.15047
44.75 0.15089
43.93 0.14908
43.12 0.14721
42.31 0.14640
41.49 0.14604
40.68 0.14515
39.86 0.14411
39.05 0.14283
38.24 0.14162
37.42 0.14088
36.61 0.14024
35.80 0.13938
34.98 0.13842
34.17 0.13748
33.36 0.13671
32.54 0.13571
31.73 0.13474
30.92 0.13386
30.10 0.13325
29.29 0.13240
28.47 0.13136
27.66 0.13048
26.85 0.12937
26.03 0.12836
25.22 0.12755
24.41 0.12664
23.59 0.12572
22.78 0.12490
21.97 0.12385
21.15 0.12289
20.34 0.12184
19.53 0.12082
18.71 0.11984
17.90 0.11871
17.08 0.11767
16.27 0.11666
15.46 0.11549
14.64 0.11466
13.83 0.11375
13.02 0.11287
12.20 0.11186
11.39 0.11093
10.58 0.10970
9.76 0.10862
8.95 0.10771
8.14 0.10648
7.32 0.10522
6.51 0.10395
5.69 0.10271
4.88 0.10143
4.07 0.10014
3.25 0.09882
2.44 0.09751
1.63 0.09616
0.81 0.09476
0.00 0.09320
19.20 0.08477
18.90 0.08333
18.60 0.08446
18.30 0.08435
18.00 0.08463
17.70 0.08510
17.40 0.08527
17.10 0.08391
16.80 0.08297
16.50 0.08259
16.20 0.08230
15.90 0.08229
15.60 0.08169
15.30 0.08100
15.00 0.08035
14.70 0.07950
14.40 0.07864
14.10 0.07793
13.80 0.07767
13.50 0.07726
13.20 0.07667
12.90 0.07601
12.60 0.07555
12.30 0.07531
12.00 0.07471
11.70 0.07420
11.40 0.07361
11.10 0.07310
10.80 0.07280
10.50 0.07249
10.20 0.07195
9.90 0.07149
9.60 0.07124
9.30 0.07088
9.00 0.07031
8.70 0.06971
8.40 0.06907
8.10 0.06863
7.80 0.06805
7.50 0.06750
7.20 0.06688
6.90 0.06640
6.60 0.06596
6.30 0.06545
6.00 0.06493
5.70 0.06440
5.40 0.06388
5.10 0.06341
4.80 0.06292
4.50 0.06244
4.20 0.06190
3.90 0.06125
3.60 0.06063
3.30 0.06002
3.00 0.05942
2.70 0.05882
2.40 0.05819
2.10 0.05756
1.80 0.05694
1.50 0.05631
1.20 0.05568
0.90 0.05502
0.60 0.05434
0.30 0.05363
0.00 0.05281
7.68 0.04723
7.57 0.04657
7.46 0.04671
7.35 0.04582
7.23 0.04546
7.12 0.04639
7.01 0.04702
6.90 0.04744
6.79 0.04788
6.68 0.04816
6.57 0.04878
6.46 0.04820
6.34 0.04801
6.23 0.04789
6.12 0.04786
6.01 0.04748
5.90 0.04715
5.79 0.04682
5.68 0.04640
5.57 0.04596
5.45 0.04562
5.34 0.04521
5.23 0.04532
5.12 0.04497
5.01 0.04465
4.90 0.04432
4.79 0.04451
4.67 0.04463
4.56 0.04453
4.45 0.04425
4.34 0.04391
4.23 0.04355
4.12 0.04333
4.01 0.04301
3.90 0.04272
3.78 0.04251
3.67 0.04229
3.56 0.04216
3.45 0.04213
3.34 0.04207
3.23 0.04177
3.12 0.04140
3.01 0.04110
2.89 0.04081
2.78 0.04050
2.67 0.04018
2.56 0.03986
2.45 0.03951
2.34 0.03918
2.23 0.03884
2.11 0.03851
2.00 0.03816
1.89 0.03782
1.78 0.03748
1.67 0.03715
1.56 0.03683
1.45 0.03649
1.34 0.03616
1.22 0.03582
1.11 0.03550
1.00 0.03516
0.89 0.03482
0.78 0.03446
0.67 0.03411
0.56 0.03376
0.45 0.03338
0.33 0.03301
0.22 0.03262
0.11 0.03222
0.00 0.03176
3.07 0.02544
3.03 0.02698
2.99 0.02708
2.95 0.02707
2.91 0.02678
2.86 0.02658
2.82 0.02620
2.78 0.02599
2.74 0.02574
2.70 0.02559
2.66 0.02565
2.62 0.02565
2.57 0.02556
2.53 0.02546
2.49 0.02536
2.45 0.02523
2.41 0.02504
2.37 0.02501
2.32 0.02503
2.28 0.02497
2.24 0.02487
2.20 0.02476
2.16 0.02467
2.12 0.02459
2.08 0.02452
2.03 0.02441
1.99 0.02434
1.95 0.02424
1.91 0.02414
1.87 0.02403
1.83 0.02393
1.79 0.02383
1.74 0.02371
1.70 0.02359
1.66 0.02345
1.62 0.02334
1.58 0.02322
1.54 0.02312
1.49 0.02299
1.45 0.02289
1.41 0.02277
1.37 0.02265
1.33 0.02252
1.29 0.02237
1.25 0.02224
1.20 0.02212
1.16 0.02198
1.12 0.02187
1.08 0.02175
1.04 0.02161
1.00 0.02149
0.95 0.02135
0.91 0.02122
0.87 0.02106
0.83 0.02092
0.79 0.02079
0.75 0.02064
0.71 0.02049
0.66 0.02035
0.62 0.02020
0.58 0.02005
0.54 0.01989
0.50 0.01974
0.46 0.01958
0.42 0.01942
0.37 0.01926
0.33 0.01910
0.29 0.01893
0.25 0.01876
0.21 0.01859
0.17 0.01841
0.12 0.01822
0.08 0.01803
0.04 0.01782
0.00 0.01758
1.23 0.01666
1.21 0.01647
1.20 0.01646
1.18 0.01657
1.17 0.01665
1.15 0.01661
1.14 0.01653
1.12 0.01652
1.10 0.01662
1.09 0.01665
1.07 0.01664
1.06 0.01664
1.04 0.01655
1.03 0.01649
1.01 0.01644
1.00 0.01632
0.98 0.01626
0.96 0.01622
0.95 0.01617
0.93 0.01613
0.92 0.01609
0.90 0.01603
0.89 0.01597
0.87 0.01594
0.86 0.01589
0.84 0.01583
0.82 0.01578
0.81 0.01572
0.79 0.01566
0.78 0.01562
0.76 0.01556
0.75 0.01549
0.73 0.01540
0.72 0.01533
0.70 0.01526
0.68 0.01520
0.67 0.01513
0.65 0.01505
0.64 0.01499
0.62 0.01491
0.61 0.01484
0.59 0.01476
0.58 0.01469
0.56 0.01461
0.54 0.01455
0.53 0.01447
0.51 0.01440
0.50 0.01433
0.48 0.01426
0.47 0.01420
0.45 0.01413
0.44 0.01406
0.42 0.01398
0.40 0.01390
0.39 0.01381
0.37 0.01374
0.36 0.01366
0.34 0.01357
0.33 0.01349
0.31 0.01340
0.30 0.01332
0.28 0.01323
0.26 0.01315
0.25 0.01306
0.23 0.01297
0.22 0.01288
0.20 0.01279
0.19 0.01270
0.17 0.01260
0.16 0.01251
0.14 0.01242
0.12 0.01232
0.11 0.01222
0.09 0.01212
0.08 0.01201
0.06 0.01191
0.05 0.01179
0.03 0.01168
0.02 0.01156
0.00 0.01142
0.49 0.01086
0.49 0.01104
0.48 0.01092
0.47 0.01072
0.47 0.01075
0.46 0.01060
0.46 0.01058
0.45 0.01048
0.44 0.01050
0.44 0.01044
0.43 0.01039
0.43 0.01035
0.42 0.01028
0.42 0.01023
0.41 0.01017
0.40 0.01014
0.40 0.01008
0.39 0.01003
0.39 0.00998
0.38 0.00993
0.37 0.00988
0.37 0.00986
0.36 0.00981
0.36 0.00980
0.35 0.00974
0.35 0.00971
0.34 0.00967
0.33 0.00962
0.33 0.00960
0.32 0.00957
0.32 0.00954
0.31 0.00950
0.30 0.00947
0.30 0.00944
0.29 0.00941
0.29 0.00938
0.28 0.00935
0.28 0.00931
0.27 0.00927
0.26 0.00923
0.26 0.00920
0.25 0.00916
0.25 0.00912
0.24 0.00908
0.23 0.00904
0.23 0.00900
0.22 0.00896
0.22 0.00892
0.21 0.00888
0.20 0.00884
0.20 0.00879
0.19 0.00876
0.19 0.00871
0.18 0.00867
0.18 0.00863
0.17 0.00858
0.16 0.00854
0.16 0.00850
0.15 0.00846
0.15 0.00841
0.14 0.00837
0.13 0.00832
0.13 0.00826
0.12 0.00821
0.12 0.00816
0.11 0.00812
0.11 0.00807
0.10 0.00802
0.09 0.00797
0.09 0.00792
0.08 0.00787
0.08 0.00782
0.07 0.00776
0.06 0.00770
0.06 0.00765
0.05 0.00759
0.05 0.00754
0.04 0.00748
0.04 0.00742
0.03 0.00736
0.02 0.00729
0.02 0.00723
0.01 0.00716
0.01 0.00709
0.00 0.00701
0.20 0.00657
0.19 0.00680
0.19 0.00678
0.19 0.00663
0.19 0.00664
0.19 0.00654
0.18 0.00648
0.18 0.00647
0.18 0.00647
0.18 0.00647
0.17 0.00646
0.17 0.00643
0.17 0.00641
0.17 0.00638
0.17 0.00641
0.16 0.00638
0.16 0.00635
0.16 0.00633
0.16 0.00633
0.15 0.00630
0.15 0.00629
0.15 0.00627
0.15 0.00628
0.15 0.00625
0.14 0.00623
0.14 0.00619
0.14 0.00618
0.14 0.00616
0.13 0.00614
0.13 0.00610
0.13 0.00608
0.13 0.00607
0.13 0.00605
0.12 0.00603
0.12 0.00600
0.12 0.00598
0.12 0.00595
0.11 0.00592
0.11 0.00589
0.11 0.00588
0.11 0.00586
0.11 0.00583
0.10 0.00581
0.10 0.00579
0.10 0.00577
0.10 0.00574
0.09 0.00573
0.09 0.00571
0.09 0.00567
0.09 0.00566
0.09 0.00563
0.08 0.00560
0.08 0.00557
0.08 0.00556
0.08 0.00553
0.08 0.00551
0.07 0.00548
0.07 0.00545
0.07 0.00543
0.07 0.00540
0.06 0.00538
0.06 0.00535
0.06 0.00533
0.06 0.00530
0.06 0.00527
0.05 0.00525
0.05 0.00522
0.05 0.00519
0.05 0.00517
0.04 0.00514
0.04 0.00511
0.04 0.00508
0.04 0.00505
0.04 0.00501
0.03 0.00498
0.03 0.00495
0.03 0.00492
0.03 0.00489
0.02 0.00486
0.02 0.00483
0.02 0.00479
0.02 0.00476
0.02 0.00472
0.01 0.00469
0.01 0.00465
0.01 0.00461
0.01 0.00458
0.00 0.00453
0.00 0.00449
0.00 0.00444
0.08 0.00449
0.08 0.00443
0.08 0.00429
0.08 0.00424
0.08 0.00427
0.07 0.00421
0.07 0.00423
0.07 0.00421
0.07 0.00419
0.07 0.00417
0.07 0.00416
0.07 0.00417
0.07 0.00416
0.07 0.00415
0.07 0.00415
0.07 0.00411
0.07 0.00409
0.06 0.00408
0.06 0.00407
0.06 0.00406
0.06 0.00404
0.06 0.00402
0.06 0.00402
0.06 0.00399
0.06 0.00399
0.06 0.00397
0.06 0.00395
0.06 0.00393
0.06 0.00391
0.05 0.00389
0.05 0.00387
0.05 0.00386
0.05 0.00385
0.05 0.00383
0.05 0.00382
0.05 0.00379
0.05 0.00378
0.05 0.00377
0.05 0.00375
0.05 0.00373
0.05 0.00372
0.04 0.00370
0.04 0.00369
0.04 0.00367
0.04 0.00366
0.04 0.00365
0.04 0.00364
0.04 0.00362
0.04 0.00361
0.04 0.00359
0.04 0.00358
0.04 0.00356
0.04 0.00354
0.03 0.00353
0.03 0.00351
0.03 0.00349
0.03 0.00347
0.03 0.00345
0.03 0.00344
0.03 0.00342
0.03 0.00340
0.03 0.00339
0.03 0.00337
0.03 0.00336
0.03 0.00334
0.02 0.00333
0.02 0.00331
0.02 0.00330
0.02 0.00328
0.02 0.00327
0.02 0.00325
0.02 0.00323
0.02 0.00321
0.02 0.00320
0.02 0.00318
0.02 0.00316
0.02 0.00314
0.01 0.00313
0.01 0.00311
0.01 0.00309
0.01 0.00307
0.01 0.00305
0.01 0.00303
0.01 0.00301
0.01 0.00299
0.01 0.00297
0.01 0.00295
0.01 0.00293
0.01 0.00291
0.00 0.00289
0.00 0.00287
0.00 0.00285
0.00 0.00282
0.00 0.00280
0.00 0.00277
0.00 0.00109
0.00 0.00072
0.00 0.00054
0.00 0.00042
0.00 0.00033
0.00 0.00028
0.00 0.00024
0.00 0.00021
0.00 0.00019
0.00 0.00017
0.00 0.00016
0.00 0.00015
0.00 0.00013
0.00 0.00013
0.00 0.00012
0.00 0.00011
0.00 0.00011
0.00 0.00010
0.00 0.00010
0.00 0.00009
0.00 0.00009
0.00 0.00008
0.00 0.00008
0.00 0.00008
0.00 0.00007
0.00 0.00007
0.00 0.00007
0.00 0.00007
0.00 0.00006
0.00 0.00006
0.00 0.00006
0.00 0.00006
0.00 0.00006
0.00 0.00006
0.00 0.00005
0.00 0.00005
0.00 0.00005
0.00 0.00005
0.00 0.00005
0.00 0.00005
0.00 0.00005
0.00 0.00005
0.00 0.00004
0.00 0.00004
0.00 0.00004
0.00 0.00004
0.00 0.00004
0.00 0.00004
0.00 0.00004
0.00 0.00004
0.00 0.00004
0.00 0.00004
0.00 0.00004
0.00 0.00004
0.00 0.00004
0.00 0.00003
0.00 0.00003
0.00 0.00003
0.00 0.00003
0.00 0.00003
0.00 0.00003
0.00 0.00003
0.00 0.00003
0.00 0.00003
0.00 0.00003
0.00 0.00003
0.00 0.00003
0.00 0.00003
0.00 0.00003
0.00 0.00003
0.00 0.00003
0.00 0.00003
0.00 0.00003
0.00 0.00003
0.00 0.00003
0.00 0.00003
0.00 0.00003
0.00 0.00003
0.00 0.00002
0.00 0.00002
0.00 0.00002
0.00 0.00002
0.00 0.00002
0.00 0.00002
0.00 0.00002
0.00 0.00002
0.00 0.00002
0.00 0.00002
0.00 0.00002
0.00 0.00002
0.00 0.00002
0.00 0.00002
0.00 0.00002
0.00 0.00002
0.00 0.00002
0.00 0.00002
0.00 0.00002
0.00 0.00002
0.00 0.00002
0.00 0.00002
