150.00 0.95305
133.33 0.95325
116.67 0.95227
100.00 0.95055
83.33 0.94856
66.67 0.94852
50.00 0.94811
33.33 0.94612
16.67 0.94251
0.00 0.84871
120.00 0.95635
106.67 0.95040
93.33 0.94753
80.00 0.94820
66.67 0.94779
53.33 0.94646
40.00 0.94661
26.67 0.94376
13.33 0.93684
0.00 0.84366
96.00 0.95240
85.33 0.94763
74.67 0.94592
64.00 0.94570
53.33 0.94641
42.67 0.94380
32.00 0.94285
21.33 0.93972
10.67 0.93249
0.00 0.83973
76.80 0.94220
68.27 0.94145
59.73 0.94180
51.20 0.94273
42.67 0.94231
34.13 0.94274
25.60 0.94083
17.07 0.93786
8.53 0.91497
0.00 0.82356
