300.00 0.49276
293.88 0.48821
287.76 0.47270
281.63 0.46426
275.51 0.46018
269.39 0.45472
263.27 0.44997
257.14 0.44574
251.02 0.44135
244.90 0.43748
238.78 0.43386
232.65 0.42992
226.53 0.42594
220.41 0.42257
214.29 0.41914
208.16 0.41583
202.04 0.41274
195.92 0.40920
189.80 0.40576
183.67 0.40212
177.55 0.39855
171.43 0.39522
165.31 0.39186
159.18 0.38867
153.06 0.38530
146.94 0.38209
140.82 0.37858
134.69 0.37508
128.57 0.37164
122.45 0.36821
116.33 0.36472
110.20 0.36081
104.08 0.35698
97.96 0.35305
91.84 0.34904
85.71 0.34499
79.59 0.34079
73.47 0.33663
67.35 0.33239
61.22 0.32802
55.10 0.32392
48.98 0.31969
42.86 0.31525
36.73 0.31076
30.61 0.30607
24.49 0.30129
18.37 0.29640
12.24 0.29140
6.12 0.28621
0.00 0.28053
120.00 0.25369
117.78 0.25154
115.56 0.25128
113.33 0.24851
111.11 0.24822
108.89 0.24739
106.67 0.24638
104.44 0.24472
102.22 0.24304
100.00 0.24182
97.78 0.24023
95.56 0.23761
93.33 0.23602
91.11 0.23381
88.89 0.23256
86.67 0.23110
84.44 0.22955
82.22 0.22794
80.00 0.22619
77.78 0.22460
75.56 0.22311
73.33 0.22131
71.11 0.21970
68.89 0.21770
66.67 0.21580
64.44 0.21402
62.22 0.21220
60.00 0.21057
57.78 0.20894
55.56 0.20717
53.33 0.20523
51.11 0.20320
48.89 0.20137
46.67 0.19957
44.44 0.19759
42.22 0.19568
40.00 0.19362
37.78 0.19155
35.56 0.18958
33.33 0.18771
31.11 0.18583
28.89 0.18393
26.67 0.18200
24.44 0.18001
22.22 0.17796
20.00 0.17588
17.78 0.17379
15.56 0.17164
13.33 0.16941
11.11 0.16713
8.89 0.16479
6.67 0.16244
4.44 0.16006
2.22 0.15755
0.00 0.15472
48.00 0.14145
47.19 0.13923
46.37 0.13787
45.56 0.13678
44.75 0.13490
43.93 0.13404
43.12 0.13318
42.31 0.13312
41.49 0.13302
40.68 0.13199
39.86 0.13132
39.05 0.13077
38.24 0.12993
37.42 0.12903
36.61 0.12832
35.80 0.12736
34.98 0.12642
34.17 0.12541
33.36 0.12464
32.54 0.12374
31.73 0.12262
30.92 0.12152
30.10 0.12030
29.29 0.11917
28.47 0.11857
27.66 0.11788
26.85 0.11709
26.03 0.11626
25.22 0.11548
24.41 0.11480
23.59 0.11427
22.78 0.11364
21.97 0.11295
21.15 0.11215
20.34 0.11147
19.53 0.11080
18.71 0.11000
17.90 0.10920
17.08 0.10868
16.27 0.10803
15.46 0.10728
14.64 0.10644
13.83 0.10550
13.02 0.10448
12.20 0.10340
11.39 0.10235
10.58 0.10133
9.76 0.10024
8.95 0.09923
8.14 0.09817
7.32 0.09711
6.51 0.09604
5.69 0.09493
4.88 0.09380
4.07 0.09267
3.25 0.09152
2.44 0.09034
1.63 0.08910
0.81 0.08782
0.00 0.08637
19.20 0.07415
18.90 0.07472
18.60 0.07343
18.30 0.07243
18.00 0.07205
17.70 0.07139
17.40 0.07088
17.10 0.07051
16.80 0.07003
16.50 0.06981
16.20 0.06952
15.90 0.06921
15.60 0.06889
15.30 0.06871
15.00 0.06850
14.70 0.06820
14.40 0.06782
14.10 0.06751
13.80 0.06721
13.50 0.06689
13.20 0.06666
12.90 0.06628
12.60 0.06592
12.30 0.06551
12.00 0.06514
11.70 0.06478
11.40 0.06443
11.10 0.06412
10.80 0.06368
10.50 0.06333
10.20 0.06295
9.90 0.06260
9.60 0.06226
9.30 0.06192
9.00 0.06158
8.70 0.06123
8.40 0.06086
8.10 0.06047
7.80 0.06011
7.50 0.05975
7.20 0.05936
6.90 0.05897
6.60 0.05856
6.30 0.05812
6.00 0.05771
5.70 0.05726
5.40 0.05681
5.10 0.05635
4.80 0.05589
4.50 0.05542
4.20 0.05500
3.90 0.05456
3.60 0.05410
3.30 0.05362
3.00 0.05315
2.70 0.05266
2.40 0.05217
2.10 0.05166
1.80 0.05113
1.50 0.05060
1.20 0.05002
0.90 0.04944
0.60 0.04883
0.30 0.04820
0.00 0.04747
7.68 0.04349
7.57 0.04376
7.46 0.04424
7.35 0.04444
7.23 0.04417
7.12 0.04377
7.01 0.04340
6.90 0.04306
6.79 0.04271
6.68 0.04249
6.57 0.04233
6.46 0.04207
6.34 0.04177
6.23 0.04152
6.12 0.04122
6.01 0.04105
5.90 0.04089
5.79 0.04074
5.68 0.04060
5.57 0.04040
5.45 0.04011
5.34 0.03992
5.23 0.03976
5.12 0.03959
5.01 0.03942
4.90 0.03923
4.79 0.03904
4.67 0.03885
4.56 0.03865
4.45 0.03847
4.34 0.03827
4.23 0.03808
4.12 0.03786
4.01 0.03765
3.90 0.03750
3.78 0.03731
3.67 0.03709
3.56 0.03687
3.45 0.03667
3.34 0.03644
3.23 0.03621
3.12 0.03599
3.01 0.03579
2.89 0.03557
2.78 0.03536
2.67 0.03515
2.56 0.03495
2.45 0.03473
2.34 0.03451
2.23 0.03429
2.11 0.03408
2.00 0.03385
1.89 0.03360
1.78 0.03336
1.67 0.03313
1.56 0.03288
1.45 0.03262
1.34 0.03236
1.22 0.03210
1.11 0.03184
1.00 0.03158
0.89 0.03130
0.78 0.03103
0.67 0.03075
0.56 0.03046
0.45 0.03016
0.33 0.02984
0.22 0.02951
0.11 0.02915
0.00 0.02875
3.07 0.02721
3.03 0.02719
2.99 0.02663
2.95 0.02659
2.91 0.02657
2.86 0.02658
2.82 0.02651
2.78 0.02643
2.74 0.02635
2.70 0.02633
2.66 0.02626
2.62 0.02623
2.57 0.02617
2.53 0.02602
2.49 0.02591
2.45 0.02584
2.41 0.02576
2.37 0.02568
2.32 0.02560
2.28 0.02548
2.24 0.02539
2.20 0.02530
2.16 0.02522
2.12 0.02512
2.08 0.02503
2.03 0.02493
1.99 0.02488
1.95 0.02479
1.91 0.02467
1.87 0.02454
1.83 0.02443
1.79 0.02432
1.74 0.02420
1.70 0.02407
1.66 0.02394
1.62 0.02380
1.58 0.02368
1.54 0.02358
1.49 0.02348
1.45 0.02336
1.41 0.02326
1.37 0.02313
1.33 0.02301
1.29 0.02290
1.25 0.02278
1.20 0.02267
1.16 0.02256
1.12 0.02245
1.08 0.02234
1.04 0.02221
1.00 0.02208
0.95 0.02196
0.91 0.02183
0.87 0.02170
0.83 0.02156
0.79 0.02144
0.75 0.02131
0.71 0.02117
0.66 0.02103
0.62 0.02090
0.58 0.02074
0.54 0.02060
0.50 0.02046
0.46 0.02032
0.42 0.02016
0.37 0.02000
0.33 0.01984
0.29 0.01967
0.25 0.01950
0.21 0.01932
0.17 0.01914
0.12 0.01895
0.08 0.01876
0.04 0.01855
0.00 0.01831
1.23 0.01667
1.21 0.01658
1.20 0.01681
1.18 0.01696
1.17 0.01699
1.15 0.01702
1.14 0.01691
1.12 0.01685
1.10 0.01682
1.09 0.01674
1.07 0.01664
1.06 0.01664
1.04 0.01659
1.03 0.01657
1.01 0.01647
1.00 0.01639
0.98 0.01637
0.96 0.01637
0.95 0.01631
0.93 0.01624
0.92 0.01618
0.90 0.01609
0.89 0.01601
0.87 0.01595
0.86 0.01587
0.84 0.01580
0.82 0.01574
0.81 0.01569
0.79 0.01562
0.78 0.01558
0.76 0.01549
0.75 0.01544
0.73 0.01538
0.72 0.01532
0.70 0.01524
0.68 0.01518
0.67 0.01513
0.65 0.01507
0.64 0.01500
0.62 0.01493
0.61 0.01485
0.59 0.01479
0.58 0.01470
0.56 0.01464
0.54 0.01458
0.53 0.01452
0.51 0.01445
0.50 0.01438
0.48 0.01430
0.47 0.01422
0.45 0.01415
0.44 0.01408
0.42 0.01401
0.40 0.01393
0.39 0.01386
0.37 0.01378
0.36 0.01371
0.34 0.01363
0.33 0.01357
0.31 0.01347
0.30 0.01339
0.28 0.01330
0.26 0.01321
0.25 0.01313
0.23 0.01305
0.22 0.01296
0.20 0.01286
0.19 0.01277
0.17 0.01268
0.16 0.01259
0.14 0.01249
0.12 0.01239
0.11 0.01228
0.09 0.01218
0.08 0.01207
0.06 0.01196
0.05 0.01184
0.03 0.01173
0.02 0.01161
0.00 0.01147
0.49 0.01054
0.49 0.01061
0.48 0.01065
0.47 0.01060
0.47 0.01055
0.46 0.01052
0.46 0.01049
0.45 0.01043
0.44 0.01045
0.44 0.01042
0.43 0.01040
0.43 0.01037
0.42 0.01034
0.42 0.01031
0.41 0.01028
0.40 0.01021
0.40 0.01019
0.39 0.01016
0.39 0.01011
0.38 0.01007
0.37 0.01005
0.37 0.01003
0.36 0.00998
0.36 0.00995
0.35 0.00988
0.35 0.00984
0.34 0.00981
0.33 0.00978
0.33 0.00974
0.32 0.00972
0.32 0.00969
0.31 0.00966
0.30 0.00962
0.30 0.00958
0.29 0.00956
0.29 0.00952
0.28 0.00948
0.28 0.00945
0.27 0.00941
0.26 0.00937
0.26 0.00932
0.25 0.00927
0.25 0.00923
0.24 0.00920
0.23 0.00917
0.23 0.00911
0.22 0.00907
0.22 0.00904
0.21 0.00900
0.20 0.00896
0.20 0.00891
0.19 0.00886
0.19 0.00883
0.18 0.00879
0.18 0.00875
0.17 0.00872
0.16 0.00867
0.16 0.00863
0.15 0.00859
0.15 0.00855
0.14 0.00850
0.13 0.00845
0.13 0.00840
0.12 0.00835
0.12 0.00830
0.11 0.00826
0.11 0.00821
0.10 0.00816
0.09 0.00811
0.09 0.00807
0.08 0.00802
0.08 0.00797
0.07 0.00791
0.06 0.00785
0.06 0.00780
0.05 0.00775
0.05 0.00769
0.04 0.00764
0.04 0.00758
0.03 0.00751
0.02 0.00745
0.02 0.00738
0.01 0.00732
0.01 0.00724
0.00 0.00716
0.20 0.00676
0.19 0.00679
0.19 0.00681
0.19 0.00675
0.19 0.00677
0.19 0.00679
0.18 0.00676
0.18 0.00677
0.18 0.00678
0.18 0.00678
0.17 0.00676
0.17 0.00674
0.17 0.00674
0.17 0.00672
0.17 0.00670
0.16 0.00667
0.16 0.00665
0.16 0.00662
0.16 0.00659
0.15 0.00657
0.15 0.00654
0.15 0.00653
0.15 0.00651
0.15 0.00648
0.14 0.00647
0.14 0.00645
0.14 0.00642
0.14 0.00641
0.13 0.00639
0.13 0.00637
0.13 0.00636
0.13 0.00631
0.13 0.00628
0.12 0.00626
0.12 0.00625
0.12 0.00623
0.12 0.00620
0.11 0.00617
0.11 0.00614
0.11 0.00610
0.11 0.00608
0.11 0.00606
0.10 0.00603
0.10 0.00602
0.10 0.00598
0.10 0.00595
0.09 0.00593
0.09 0.00591
0.09 0.00588
0.09 0.00585
0.09 0.00583
0.08 0.00580
0.08 0.00577
0.08 0.00575
0.08 0.00572
0.08 0.00569
0.07 0.00566
0.07 0.00563
0.07 0.00561
0.07 0.00558
0.06 0.00555
0.06 0.00552
0.06 0.00550
0.06 0.00547
0.06 0.00544
0.05 0.00541
0.05 0.00538
0.05 0.00535
0.05 0.00532
0.04 0.00530
0.04 0.00527
0.04 0.00524
0.04 0.00521
0.04 0.00518
0.03 0.00514
0.03 0.00511
0.03 0.00508
0.03 0.00505
0.02 0.00501
0.02 0.00498
0.02 0.00494
0.02 0.00491
0.02 0.00487
0.01 0.00483
0.01 0.00480
0.01 0.00476
0.01 0.00472
0.00 0.00468
0.00 0.00463
0.00 0.00459
0.08 0.00455
0.08 0.00441
0.08 0.00446
0.08 0.00449
0.08 0.00448
0.07 0.00441
0.07 0.00436
0.07 0.00432
0.07 0.00428
0.07 0.00426
0.07 0.00427
0.07 0.00425
0.07 0.00423
0.07 0.00420
0.07 0.00420
0.07 0.00418
0.07 0.00414
0.06 0.00413
0.06 0.00411
0.06 0.00410
0.06 0.00409
0.06 0.00408
0.06 0.00406
0.06 0.00406
0.06 0.00403
0.06 0.00402
0.06 0.00401
0.06 0.00400
0.06 0.00400
0.05 0.00399
0.05 0.00398
0.05 0.00396
0.05 0.00396
0.05 0.00395
0.05 0.00393
0.05 0.00391
0.05 0.00390
0.05 0.00389
0.05 0.00387
0.05 0.00385
0.05 0.00383
0.04 0.00381
0.04 0.00379
0.04 0.00378
0.04 0.00377
0.04 0.00375
0.04 0.00374
0.04 0.00373
0.04 0.00372
0.04 0.00371
0.04 0.00369
0.04 0.00367
0.04 0.00366
0.03 0.00364
0.03 0.00362
0.03 0.00361
0.03 0.00360
0.03 0.00358
0.03 0.00357
0.03 0.00355
0.03 0.00354
0.03 0.00352
0.03 0.00350
0.03 0.00348
0.03 0.00347
0.02 0.00345
0.02 0.00343
0.02 0.00342
0.02 0.00340
0.02 0.00339
0.02 0.00337
0.02 0.00335
0.02 0.00333
0.02 0.00331
0.02 0.00330
0.02 0.00328
0.02 0.00326
0.01 0.00324
0.01 0.00322
0.01 0.00320
0.01 0.00318
0.01 0.00317
0.01 0.00314
0.01 0.00313
0.01 0.00311
0.01 0.00309
0.01 0.00307
0.01 0.00304
0.01 0.00302
0.00 0.00300
0.00 0.00298
0.00 0.00296
0.00 0.00293
0.00 0.00290
0.00 0.00288
0.00 0.01514
0.00 0.01171
0.00 0.00899
0.00 0.00846
0.00 0.00774
0.00 0.00732
0.00 0.00702
0.00 0.00681
0.00 0.00660
0.00 0.00634
0.00 0.00601
0.00 0.00594
0.00 0.00589
0.00 0.00572
0.00 0.00558
0.00 0.00547
0.00 0.00538
0.00 0.00528
0.00 0.00519
0.00 0.00513
0.00 0.00501
0.00 0.00493
0.00 0.00490
0.00 0.00483
0.00 0.00477
0.00 0.00470
0.00 0.00466
0.00 0.00462
0.00 0.00458
0.00 0.00453
0.00 0.00449
0.00 0.00445
0.00 0.00441
0.00 0.00436
0.00 0.00430
0.00 0.00427
0.00 0.00423
0.00 0.00418
0.00 0.00414
0.00 0.00412
0.00 0.00408
0.00 0.00405
0.00 0.00403
0.00 0.00400
0.00 0.00398
0.00 0.00396
0.00 0.00392
0.00 0.00390
0.00 0.00387
0.00 0.00384
0.00 0.00382
0.00 0.00379
0.00 0.00375
0.00 0.00372
0.00 0.00368
0.00 0.00365
0.00 0.00363
0.00 0.00361
0.00 0.00358
0.00 0.00356
0.00 0.00354
0.00 0.00351
0.00 0.00350
0.00 0.00348
0.00 0.00345
0.00 0.00344
0.00 0.00342
0.00 0.00339
0.00 0.00337
0.00 0.00335
0.00 0.00334
0.00 0.00332
0.00 0.00329
0.00 0.00327
0.00 0.00326
0.00 0.00325
0.00 0.00325
0.00 0.00324
0.00 0.00323
0.00 0.00322
0.00 0.00321
0.00 0.00319
0.00 0.00317
0.00 0.00317
0.00 0.00315
0.00 0.00314
0.00 0.00313
0.00 0.00311
0.00 0.00309
0.00 0.00307
0.00 0.00306
0.00 0.00305
0.00 0.00304
0.00 0.00302
0.00 0.00302
0.00 0.00301
0.00 0.00300
0.00 0.00298
0.00 0.00297
0.00 0.00296
