150.00 0.94610
133.33 0.94583
116.67 0.94397
100.00 0.94326
83.33 0.94275
66.67 0.94010
50.00 0.93804
33.33 0.92987
16.67 0.90362
0.00 0.81333
120.00 0.94025
106.67 0.94068
93.33 0.93912
80.00 0.93686
66.67 0.93611
53.33 0.93343
40.00 0.92949
26.67 0.91863
13.33 0.89044
0.00 0.80143
96.00 0.94040
85.33 0.93193
74.67 0.92903
64.00 0.92930
53.33 0.92668
42.67 0.91879
32.00 0.91241
21.33 0.89636
10.67 0.86631
0.00 0.77975
76.80 0.94085
68.27 0.93760
59.73 0.93083
51.20 0.92883
42.67 0.92595
34.13 0.92053
25.60 0.90953
17.07 0.88474
8.53 0.85325
0.00 0.76797
