150.00 0.95060
133.33 0.95063
116.67 0.95083
100.00 0.94864
83.33 0.95000
66.67 0.94873
50.00 0.94821
33.33 0.94784
16.67 0.94451
0.00 0.85035
120.00 0.95160
106.67 0.95447
93.33 0.95258
80.00 0.95030
66.67 0.95133
53.33 0.95208
40.00 0.95132
26.67 0.94988
13.33 0.94554
0.00 0.85118
96.00 0.95550
85.33 0.94785
74.67 0.94992
64.00 0.95065
53.33 0.95061
42.67 0.94977
32.00 0.94881
21.33 0.94671
10.67 0.93878
0.00 0.84503
76.80 0.94930
68.27 0.94815
59.73 0.94727
51.20 0.94906
42.67 0.94826
34.13 0.94795
25.60 0.94637
17.07 0.94524
8.53 0.93389
0.00 0.84054
