150.00 0.91555
133.33 0.90550
116.67 0.90048
100.00 0.89791
83.33 0.88410
66.67 0.87350
50.00 0.85057
33.33 0.82314
16.67 0.78722
0.00 0.70859
120.00 0.88700
106.67 0.89013
93.33 0.87253
80.00 0.85846
66.67 0.84682
53.33 0.82670
40.00 0.80466
26.67 0.77662
13.33 0.74134
0.00 0.66726
96.00 0.87290
85.33 0.86190
74.67 0.83765
64.00 0.83010
53.33 0.81382
42.67 0.79144
32.00 0.76618
21.33 0.73981
10.67 0.70421
0.00 0.63384
76.80 0.83170
68.27 0.81332
59.73 0.79587
51.20 0.78220
42.67 0.76276
34.13 0.73980
25.60 0.71652
17.07 0.68912
8.53 0.65353
0.00 0.58825
