150.00 0.93780
133.33 0.93053
116.67 0.92442
100.00 0.91884
83.33 0.91803
66.67 0.91100
50.00 0.89974
33.33 0.88179
16.67 0.85472
0.00 0.76929
120.00 0.93485
106.67 0.92630
93.33 0.92363
80.00 0.91525
66.67 0.90727
53.33 0.89660
40.00 0.88036
26.67 0.85841
13.33 0.83038
0.00 0.74739
96.00 0.90200
85.33 0.90040
74.67 0.89425
64.00 0.88200
53.33 0.87424
42.67 0.86647
32.00 0.84919
21.33 0.82692
10.67 0.79762
0.00 0.71791
76.80 0.89265
68.27 0.88767
59.73 0.87743
51.20 0.86641
42.67 0.85541
34.13 0.83778
25.60 0.81719
17.07 0.79428
8.53 0.76612
0.00 0.68956
