300.00 0.48341
293.88 0.46389
287.76 0.45489
281.63 0.45467
275.51 0.45188
269.39 0.44784
263.27 0.44530
257.14 0.44173
251.02 0.43840
244.90 0.43519
238.78 0.43130
232.65 0.42790
226.53 0.42465
220.41 0.42124
214.29 0.41807
208.16 0.41493
202.04 0.41161
195.92 0.40840
189.80 0.40480
183.67 0.40162
177.55 0.39852
171.43 0.39504
165.31 0.39159
159.18 0.38822
153.06 0.38468
146.94 0.38135
140.82 0.37794
134.69 0.37411
128.57 0.37063
122.45 0.36702
116.33 0.36328
110.20 0.35958
104.08 0.35588
97.96 0.35190
91.84 0.34798
85.71 0.34390
79.59 0.33981
73.47 0.33573
67.35 0.33155
61.22 0.32727
55.10 0.32291
48.98 0.31878
42.86 0.31447
36.73 0.31001
30.61 0.30549
24.49 0.30099
18.37 0.29627
12.24 0.29141
6.12 0.28640
0.00 0.28072
120.00 0.25549
117.78 0.25126
115.56 0.24973
113.33 0.24991
111.11 0.24838
108.89 0.24680
106.67 0.24548
104.44 0.24386
102.22 0.24251
100.00 0.24089
97.78 0.23970
95.56 0.23828
93.33 0.23698
91.11 0.23499
88.89 0.23359
86.67 0.23204
84.44 0.23017
82.22 0.22824
80.00 0.22661
77.78 0.22473
75.56 0.22306
73.33 0.22145
71.11 0.21954
68.89 0.21767
66.67 0.21576
64.44 0.21390
62.22 0.21203
60.00 0.20999
57.78 0.20808
55.56 0.20624
53.33 0.20435
51.11 0.20273
48.89 0.20095
46.67 0.19900
44.44 0.19698
42.22 0.19488
40.00 0.19305
37.78 0.19114
35.56 0.18918
33.33 0.18734
31.11 0.18543
28.89 0.18350
26.67 0.18161
24.44 0.17966
22.22 0.17773
20.00 0.17569
17.78 0.17361
15.56 0.17149
13.33 0.16936
11.11 0.16717
8.89 0.16489
6.67 0.16253
4.44 0.16012
2.22 0.15760
0.00 0.15476
48.00 0.13807
47.19 0.13606
46.37 0.13525
45.56 0.13389
44.75 0.13272
43.93 0.13126
43.12 0.13017
42.31 0.12973
41.49 0.12938
40.68 0.12921
39.86 0.12865
39.05 0.12780
38.24 0.12738
37.42 0.12645
36.61 0.12561
35.80 0.12473
34.98 0.12389
34.17 0.12319
33.36 0.12247
32.54 0.12211
31.73 0.12131
30.92 0.12070
30.10 0.12019
29.29 0.11966
28.47 0.11905
27.66 0.11836
26.85 0.11763
26.03 0.11691
25.22 0.11619
24.41 0.11556
23.59 0.11476
22.78 0.11389
21.97 0.11299
21.15 0.11223
20.34 0.11139
19.53 0.11059
18.71 0.10978
17.90 0.10887
17.08 0.10789
16.27 0.10695
15.46 0.10604
14.64 0.10519
13.83 0.10433
13.02 0.10347
12.20 0.10256
11.39 0.10161
10.58 0.10064
9.76 0.09967
8.95 0.09873
8.14 0.09777
7.32 0.09685
6.51 0.09588
5.69 0.09490
4.88 0.09384
4.07 0.09278
3.25 0.09167
2.44 0.09053
1.63 0.08935
0.81 0.08811
0.00 0.08666
19.20 0.07872
18.90 0.07837
18.60 0.07886
18.30 0.07852
18.00 0.07848
17.70 0.07844
17.40 0.07813
17.10 0.07782
16.80 0.07773
16.50 0.07741
16.20 0.07665
15.90 0.07600
15.60 0.07577
15.30 0.07550
15.00 0.07512
14.70 0.07470
14.40 0.07438
14.10 0.07389
13.80 0.07350
13.50 0.07301
13.20 0.07278
12.90 0.07251
12.60 0.07225
12.30 0.07189
12.00 0.07144
11.70 0.07104
11.40 0.07065
11.10 0.07037
10.80 0.07006
10.50 0.06965
10.20 0.06924
9.90 0.06895
9.60 0.06863
9.30 0.06825
9.00 0.06791
8.70 0.06750
8.40 0.06709
8.10 0.06668
7.80 0.06632
7.50 0.06595
7.20 0.06557
6.90 0.06517
6.60 0.06473
6.30 0.06429
6.00 0.06388
5.70 0.06341
5.40 0.06291
5.10 0.06244
4.80 0.06198
4.50 0.06152
4.20 0.06100
3.90 0.06045
3.60 0.05994
3.30 0.05942
3.00 0.05889
2.70 0.05837
2.40 0.05783
2.10 0.05729
1.80 0.05672
1.50 0.05613
1.20 0.05553
0.90 0.05489
0.60 0.05423
0.30 0.05353
0.00 0.05273
7.68 0.04784
7.57 0.04906
7.46 0.04979
7.35 0.05043
7.23 0.04923
7.12 0.04916
7.01 0.04977
6.90 0.05011
6.79 0.05037
6.68 0.05049
6.57 0.05018
6.46 0.05007
6.34 0.04999
6.23 0.04989
6.12 0.04976
6.01 0.04961
5.90 0.04957
5.79 0.04938
5.68 0.04925
5.57 0.04899
5.45 0.04861
5.34 0.04826
5.23 0.04791
5.12 0.04774
5.01 0.04758
4.90 0.04746
4.79 0.04728
4.67 0.04705
4.56 0.04680
4.45 0.04651
4.34 0.04628
4.23 0.04609
4.12 0.04585
4.01 0.04560
3.90 0.04538
3.78 0.04519
3.67 0.04503
3.56 0.04480
3.45 0.04457
3.34 0.04438
3.23 0.04419
3.12 0.04400
3.01 0.04380
2.89 0.04357
2.78 0.04335
2.67 0.04317
2.56 0.04304
2.45 0.04285
2.34 0.04271
2.23 0.04254
2.11 0.04231
2.00 0.04208
1.89 0.04184
1.78 0.04157
1.67 0.04134
1.56 0.04109
1.45 0.04086
1.34 0.04063
1.22 0.04038
1.11 0.04013
1.00 0.03987
0.89 0.03959
0.78 0.03931
0.67 0.03901
0.56 0.03871
0.45 0.03836
0.33 0.03800
0.22 0.03760
0.11 0.03717
0.00 0.03665
3.07 0.03683
3.03 0.03619
2.99 0.03597
2.95 0.03511
2.91 0.03476
2.86 0.03465
2.82 0.03456
2.78 0.03448
2.74 0.03434
2.70 0.03424
2.66 0.03409
2.62 0.03383
2.57 0.03365
2.53 0.03354
2.49 0.03336
2.45 0.03318
2.41 0.03297
2.37 0.03280
2.32 0.03281
2.28 0.03272
2.24 0.03269
2.20 0.03260
2.16 0.03250
2.12 0.03231
2.08 0.03213
2.03 0.03192
1.99 0.03177
1.95 0.03164
1.91 0.03151
1.87 0.03142
1.83 0.03132
1.79 0.03126
1.74 0.03117
1.70 0.03107
1.66 0.03096
1.62 0.03087
1.58 0.03075
1.54 0.03065
1.49 0.03051
1.45 0.03039
1.41 0.03025
1.37 0.03014
1.33 0.03001
1.29 0.02991
1.25 0.02983
1.20 0.02970
1.16 0.02955
1.12 0.02939
1.08 0.02925
1.04 0.02913
1.00 0.02898
0.95 0.02882
0.91 0.02865
0.87 0.02850
0.83 0.02836
0.79 0.02822
0.75 0.02809
0.71 0.02796
0.66 0.02782
0.62 0.02768
0.58 0.02754
0.54 0.02739
0.50 0.02724
0.46 0.02708
0.42 0.02693
0.37 0.02678
0.33 0.02660
0.29 0.02641
0.25 0.02622
0.21 0.02602
0.17 0.02580
0.12 0.02558
0.08 0.02534
0.04 0.02508
0.00 0.02475
1.23 0.02535
1.21 0.02589
1.20 0.02511
1.18 0.02501
1.17 0.02510
1.15 0.02490
1.14 0.02452
1.12 0.02439
1.10 0.02423
1.09 0.02405
1.07 0.02392
1.06 0.02375
1.04 0.02365
1.03 0.02351
1.01 0.02334
1.00 0.02324
0.98 0.02312
0.96 0.02307
0.95 0.02297
0.93 0.02292
0.92 0.02285
0.90 0.02273
0.89 0.02264
0.87 0.02253
0.86 0.02241
0.84 0.02231
0.82 0.02226
0.81 0.02226
0.79 0.02221
0.78 0.02213
0.76 0.02208
0.75 0.02202
0.73 0.02195
0.72 0.02185
0.70 0.02174
0.68 0.02164
0.67 0.02155
0.65 0.02146
0.64 0.02138
0.62 0.02132
0.61 0.02127
0.59 0.02117
0.58 0.02109
0.56 0.02097
0.54 0.02083
0.53 0.02071
0.51 0.02058
0.50 0.02045
0.48 0.02033
0.47 0.02019
0.45 0.02005
0.44 0.01992
0.42 0.01980
0.40 0.01968
0.39 0.01955
0.37 0.01942
0.36 0.01930
0.34 0.01918
0.33 0.01905
0.31 0.01893
0.30 0.01880
0.28 0.01868
0.26 0.01855
0.25 0.01842
0.23 0.01830
0.22 0.01817
0.20 0.01804
0.19 0.01791
0.17 0.01778
0.16 0.01765
0.14 0.01752
0.12 0.01737
0.11 0.01724
0.09 0.01710
0.08 0.01696
0.06 0.01681
0.05 0.01666
0.03 0.01650
0.02 0.01632
0.00 0.01613
0.49 0.01590
0.49 0.01547
0.48 0.01550
0.47 0.01552
0.47 0.01553
0.46 0.01545
0.46 0.01543
0.45 0.01533
0.44 0.01532
0.44 0.01524
0.43 0.01515
0.43 0.01507
0.42 0.01495
0.42 0.01495
0.41 0.01489
0.40 0.01481
0.40 0.01476
0.39 0.01470
0.39 0.01466
0.38 0.01464
0.37 0.01461
0.37 0.01457
0.36 0.01449
0.36 0.01444
0.35 0.01438
0.35 0.01432
0.34 0.01429
0.33 0.01424
0.33 0.01418
0.32 0.01414
0.32 0.01408
0.31 0.01406
0.30 0.01405
0.30 0.01402
0.29 0.01397
0.29 0.01396
0.28 0.01396
0.28 0.01395
0.27 0.01392
0.26 0.01389
0.26 0.01384
0.25 0.01380
0.25 0.01376
0.24 0.01371
0.23 0.01365
0.23 0.01360
0.22 0.01354
0.22 0.01348
0.21 0.01341
0.20 0.01336
0.20 0.01330
0.19 0.01324
0.19 0.01317
0.18 0.01310
0.18 0.01303
0.17 0.01296
0.16 0.01289
0.16 0.01282
0.15 0.01277
0.15 0.01270
0.14 0.01263
0.13 0.01255
0.13 0.01248
0.12 0.01241
0.12 0.01234
0.11 0.01227
0.11 0.01220
0.10 0.01213
0.09 0.01205
0.09 0.01198
0.08 0.01190
0.08 0.01183
0.07 0.01176
0.06 0.01168
0.06 0.01160
0.05 0.01152
0.05 0.01143
0.04 0.01134
0.04 0.01125
0.03 0.01116
0.02 0.01107
0.02 0.01097
0.01 0.01087
0.01 0.01076
0.00 0.01064
0.20 0.01069
0.19 0.01064
0.19 0.01043
0.19 0.01055
0.19 0.01054
0.19 0.01043
0.18 0.01041
0.18 0.01037
0.18 0.01034
0.18 0.01032
0.17 0.01031
0.17 0.01029
0.17 0.01026
0.17 0.01021
0.17 0.01017
0.16 0.01013
0.16 0.01010
0.16 0.01009
0.16 0.01004
0.15 0.01002
0.15 0.00997
0.15 0.00993
0.15 0.00989
0.15 0.00984
0.14 0.00980
0.14 0.00978
0.14 0.00973
0.14 0.00970
0.13 0.00966
0.13 0.00964
0.13 0.00964
0.13 0.00959
0.13 0.00955
0.12 0.00951
0.12 0.00947
0.12 0.00942
0.12 0.00937
0.11 0.00933
0.11 0.00929
0.11 0.00926
0.11 0.00923
0.11 0.00919
0.10 0.00916
0.10 0.00913
0.10 0.00909
0.10 0.00907
0.09 0.00902
0.09 0.00899
0.09 0.00896
0.09 0.00893
0.09 0.00889
0.08 0.00885
0.08 0.00881
0.08 0.00876
0.08 0.00873
0.08 0.00868
0.07 0.00864
0.07 0.00860
0.07 0.00855
0.07 0.00851
0.06 0.00847
0.06 0.00842
0.06 0.00837
0.06 0.00833
0.06 0.00829
0.05 0.00825
0.05 0.00820
0.05 0.00816
0.05 0.00811
0.04 0.00807
0.04 0.00803
0.04 0.00798
0.04 0.00793
0.04 0.00788
0.03 0.00783
0.03 0.00778
0.03 0.00773
0.03 0.00768
0.02 0.00762
0.02 0.00757
0.02 0.00752
0.02 0.00747
0.02 0.00741
0.01 0.00736
0.01 0.00730
0.01 0.00724
0.01 0.00718
0.00 0.00711
0.00 0.00705
0.00 0.00697
0.08 0.00647
0.08 0.00658
0.08 0.00654
0.08 0.00659
0.08 0.00655
0.07 0.00651
0.07 0.00644
0.07 0.00646
0.07 0.00642
0.07 0.00639
0.07 0.00638
0.07 0.00638
0.07 0.00633
0.07 0.00631
0.07 0.00631
0.07 0.00633
0.07 0.00630
0.06 0.00627
0.06 0.00625
0.06 0.00622
0.06 0.00619
0.06 0.00618
0.06 0.00618
0.06 0.00615
0.06 0.00613
0.06 0.00611
0.06 0.00610
0.06 0.00607
0.06 0.00605
0.05 0.00601
0.05 0.00599
0.05 0.00598
0.05 0.00595
0.05 0.00594
0.05 0.00592
0.05 0.00592
0.05 0.00589
0.05 0.00587
0.05 0.00584
0.05 0.00582
0.05 0.00579
0.04 0.00577
0.04 0.00574
0.04 0.00572
0.04 0.00571
0.04 0.00569
0.04 0.00568
0.04 0.00566
0.04 0.00564
0.04 0.00562
0.04 0.00560
0.04 0.00558
0.04 0.00556
0.03 0.00554
0.03 0.00552
0.03 0.00550
0.03 0.00547
0.03 0.00545
0.03 0.00543
0.03 0.00540
0.03 0.00537
0.03 0.00535
0.03 0.00532
0.03 0.00530
0.03 0.00527
0.02 0.00525
0.02 0.00522
0.02 0.00519
0.02 0.00517
0.02 0.00515
0.02 0.00512
0.02 0.00509
0.02 0.00506
0.02 0.00504
0.02 0.00501
0.02 0.00498
0.02 0.00495
0.01 0.00493
0.01 0.00490
0.01 0.00487
0.01 0.00484
0.01 0.00481
0.01 0.00478
0.01 0.00475
0.01 0.00472
0.01 0.00469
0.01 0.00466
0.01 0.00463
0.01 0.00460
0.00 0.00456
0.00 0.00453
0.00 0.00449
0.00 0.00445
0.00 0.00441
0.00 0.00437
0.00 0.01307
0.00 0.00939
0.00 0.00730
0.00 0.00609
0.00 0.00520
0.00 0.00461
0.00 0.00417
0.00 0.00391
0.00 0.00373
0.00 0.00350
0.00 0.00329
0.00 0.00316
0.00 0.00303
0.00 0.00289
0.00 0.00279
0.00 0.00272
0.00 0.00264
0.00 0.00256
0.00 0.00249
0.00 0.00245
0.00 0.00240
0.00 0.00232
0.00 0.00231
0.00 0.00226
0.00 0.00225
0.00 0.00224
0.00 0.00220
0.00 0.00214
0.00 0.00208
0.00 0.00204
0.00 0.00200
0.00 0.00196
0.00 0.00192
0.00 0.00189
0.00 0.00185
0.00 0.00181
0.00 0.00177
0.00 0.00175
0.00 0.00172
0.00 0.00170
0.00 0.00168
0.00 0.00166
0.00 0.00164
0.00 0.00162
0.00 0.00160
0.00 0.00157
0.00 0.00156
0.00 0.00154
0.00 0.00152
0.00 0.00150
0.00 0.00149
0.00 0.00148
0.00 0.00147
0.00 0.00146
0.00 0.00145
0.00 0.00144
0.00 0.00143
0.00 0.00142
0.00 0.00141
0.00 0.00139
0.00 0.00138
0.00 0.00136
0.00 0.00135
0.00 0.00134
0.00 0.00133
0.00 0.00132
0.00 0.00131
0.00 0.00130
0.00 0.00128
0.00 0.00127
0.00 0.00126
0.00 0.00125
0.00 0.00124
0.00 0.00123
0.00 0.00123
0.00 0.00121
0.00 0.00121
0.00 0.00120
0.00 0.00119
0.00 0.00118
0.00 0.00117
0.00 0.00117
0.00 0.00116
0.00 0.00115
0.00 0.00114
0.00 0.00114
0.00 0.00113
0.00 0.00113
0.00 0.00112
0.00 0.00111
0.00 0.00110
0.00 0.00110
0.00 0.00109
0.00 0.00108
0.00 0.00108
0.00 0.00107
0.00 0.00106
0.00 0.00106
0.00 0.00105
0.00 0.00105
