150.00 0.94665
133.33 0.94395
116.67 0.93920
100.00 0.93573
83.33 0.93420
66.67 0.93010
50.00 0.91969
33.33 0.89612
16.67 0.86118
0.00 0.77511
120.00 0.93315
106.67 0.92620
93.33 0.92702
80.00 0.92544
66.67 0.92215
53.33 0.91709
40.00 0.90664
26.67 0.87775
13.33 0.83872
0.00 0.75490
96.00 0.93225
85.33 0.92250
74.67 0.91778
64.00 0.91927
53.33 0.91207
42.67 0.89868
32.00 0.87319
21.33 0.84269
10.67 0.80236
0.00 0.72218
76.80 0.90990
68.27 0.90833
59.73 0.91012
51.20 0.90256
42.67 0.89525
34.13 0.88322
25.60 0.85142
17.07 0.81695
8.53 0.77497
0.00 0.69753
