150.00 0.91890
133.33 0.90973
116.67 0.90003
100.00 0.88054
83.33 0.85257
66.67 0.82668
50.00 0.79890
33.33 0.76497
16.67 0.72095
0.00 0.64902
120.00 0.86965
106.67 0.84670
93.33 0.83503
80.00 0.81720
66.67 0.79494
53.33 0.77138
40.00 0.74111
26.67 0.70779
13.33 0.66504
0.00 0.59868
96.00 0.86910
85.33 0.82885
74.67 0.79565
64.00 0.76549
53.33 0.73793
42.67 0.70957
32.00 0.68012
21.33 0.64592
10.67 0.60577
0.00 0.54531
76.80 0.72770
68.27 0.73903
59.73 0.70805
51.20 0.68827
42.67 0.66520
34.13 0.64031
25.60 0.61404
17.07 0.58470
8.53 0.54631
0.00 0.49181
