300.00 0.56178
293.88 0.54542
287.76 0.53456
281.63 0.53628
275.51 0.52955
269.39 0.52043
263.27 0.51308
257.14 0.50757
251.02 0.50127
244.90 0.49530
238.78 0.48978
232.65 0.48327
226.53 0.47796
220.41 0.47292
214.29 0.46811
208.16 0.46331
202.04 0.45881
195.92 0.45424
189.80 0.44952
183.67 0.44498
177.55 0.44064
171.43 0.43632
165.31 0.43194
159.18 0.42760
153.06 0.42338
146.94 0.41922
140.82 0.41494
134.69 0.41071
128.57 0.40647
122.45 0.40218
116.33 0.39780
110.20 0.39349
104.08 0.38914
97.96 0.38471
91.84 0.38021
85.71 0.37569
79.59 0.37121
73.47 0.36654
67.35 0.36192
61.22 0.35726
55.10 0.35258
48.98 0.34769
42.86 0.34282
36.73 0.33799
30.61 0.33298
24.49 0.32779
18.37 0.32237
12.24 0.31685
6.12 0.31123
0.00 0.30501
120.00 0.27487
117.78 0.27226
115.56 0.27021
113.33 0.26882
111.11 0.26680
108.89 0.26555
106.67 0.26383
104.44 0.26221
102.22 0.26076
100.00 0.25846
97.78 0.25631
95.56 0.25483
93.33 0.25312
91.11 0.25123
88.89 0.24955
86.67 0.24759
84.44 0.24570
82.22 0.24377
80.00 0.24181
77.78 0.23993
75.56 0.23813
73.33 0.23613
71.11 0.23434
68.89 0.23254
66.67 0.23077
64.44 0.22879
62.22 0.22679
60.00 0.22485
57.78 0.22294
55.56 0.22110
53.33 0.21908
51.11 0.21689
48.89 0.21493
46.67 0.21288
44.44 0.21086
42.22 0.20878
40.00 0.20661
37.78 0.20450
35.56 0.20237
33.33 0.20030
31.11 0.19824
28.89 0.19607
26.67 0.19392
24.44 0.19177
22.22 0.18956
20.00 0.18731
17.78 0.18496
15.56 0.18258
13.33 0.18042
11.11 0.17803
8.89 0.17546
6.67 0.17285
4.44 0.17017
2.22 0.16740
0.00 0.16437
48.00 0.14619
47.19 0.14551
46.37 0.14611
45.56 0.14622
44.75 0.14579
43.93 0.14537
43.12 0.14418
42.31 0.14329
41.49 0.14253
40.68 0.14192
39.86 0.14112
39.05 0.14024
38.24 0.13920
37.42 0.13841
36.61 0.13714
35.80 0.13631
34.98 0.13538
34.17 0.13450
33.36 0.13363
32.54 0.13294
31.73 0.13187
30.92 0.13076
30.10 0.12994
29.29 0.12906
28.47 0.12803
27.66 0.12701
26.85 0.12610
26.03 0.12519
25.22 0.12416
24.41 0.12316
23.59 0.12238
22.78 0.12143
21.97 0.12035
21.15 0.11943
20.34 0.11845
19.53 0.11752
18.71 0.11641
17.90 0.11530
17.08 0.11425
16.27 0.11338
15.46 0.11238
14.64 0.11124
13.83 0.11010
13.02 0.10924
12.20 0.10814
11.39 0.10695
10.58 0.10578
9.76 0.10501
8.95 0.10412
8.14 0.10307
7.32 0.10189
6.51 0.10070
5.69 0.09948
4.88 0.09824
4.07 0.09702
3.25 0.09584
2.44 0.09459
1.63 0.09330
0.81 0.09197
0.00 0.09044
19.20 0.07764
18.90 0.07761
18.60 0.07949
18.30 0.08160
18.00 0.08170
17.70 0.08074
17.40 0.08109
17.10 0.08088
16.80 0.07989
16.50 0.07948
16.20 0.07875
15.90 0.07816
15.60 0.07856
15.30 0.07859
15.00 0.07844
14.70 0.07791
14.40 0.07776
14.10 0.07709
13.80 0.07654
13.50 0.07603
13.20 0.07542
12.90 0.07470
12.60 0.07428
12.30 0.07383
12.00 0.07332
11.70 0.07263
11.40 0.07210
11.10 0.07195
10.80 0.07181
10.50 0.07137
10.20 0.07124
9.90 0.07080
9.60 0.07011
9.30 0.06978
9.00 0.06925
8.70 0.06868
8.40 0.06807
8.10 0.06751
7.80 0.06689
7.50 0.06626
7.20 0.06568
6.90 0.06512
6.60 0.06484
6.30 0.06455
6.00 0.06416
5.70 0.06396
5.40 0.06355
5.10 0.06311
4.80 0.06249
4.50 0.06189
4.20 0.06126
3.90 0.06062
3.60 0.06001
3.30 0.05942
3.00 0.05880
2.70 0.05819
2.40 0.05756
2.10 0.05692
1.80 0.05627
1.50 0.05562
1.20 0.05496
0.90 0.05430
0.60 0.05362
0.30 0.05291
0.00 0.05210
7.68 0.05190
7.57 0.05074
7.46 0.04901
7.35 0.04752
7.23 0.04699
7.12 0.04764
7.01 0.04753
6.90 0.04784
6.79 0.04800
6.68 0.04730
6.57 0.04734
6.46 0.04747
6.34 0.04753
6.23 0.04743
6.12 0.04679
6.01 0.04713
5.90 0.04761
5.79 0.04816
5.68 0.04802
5.57 0.04736
5.45 0.04686
5.34 0.04643
5.23 0.04612
5.12 0.04590
5.01 0.04570
4.90 0.04523
4.79 0.04475
4.67 0.04440
4.56 0.04410
4.45 0.04383
4.34 0.04350
4.23 0.04331
4.12 0.04303
4.01 0.04268
3.90 0.04232
3.78 0.04193
3.67 0.04156
3.56 0.04120
3.45 0.04084
3.34 0.04050
3.23 0.04014
3.12 0.03979
3.01 0.03944
2.89 0.03911
2.78 0.03878
2.67 0.03849
2.56 0.03824
2.45 0.03798
2.34 0.03772
2.23 0.03752
2.11 0.03730
2.00 0.03705
1.89 0.03680
1.78 0.03658
1.67 0.03633
1.56 0.03606
1.45 0.03576
1.34 0.03547
1.22 0.03520
1.11 0.03491
1.00 0.03463
0.89 0.03435
0.78 0.03404
0.67 0.03373
0.56 0.03341
0.45 0.03309
0.33 0.03274
0.22 0.03237
0.11 0.03199
0.00 0.03154
3.07 0.03374
3.03 0.03571
2.99 0.03585
2.95 0.03552
2.91 0.03555
2.86 0.03532
2.82 0.03461
2.78 0.03449
2.74 0.03404
2.70 0.03364
2.66 0.03317
2.62 0.03267
2.57 0.03204
2.53 0.03145
2.49 0.03085
2.45 0.03034
2.41 0.02981
2.37 0.02929
2.32 0.02888
2.28 0.02852
2.24 0.02816
2.20 0.02783
2.16 0.02750
2.12 0.02725
2.08 0.02701
2.03 0.02678
1.99 0.02660
1.95 0.02646
1.91 0.02633
1.87 0.02623
1.83 0.02613
1.79 0.02601
1.74 0.02585
1.70 0.02571
1.66 0.02558
1.62 0.02552
1.58 0.02549
1.54 0.02542
1.49 0.02537
1.45 0.02525
1.41 0.02511
1.37 0.02498
1.33 0.02486
1.29 0.02472
1.25 0.02458
1.20 0.02443
1.16 0.02429
1.12 0.02417
1.08 0.02403
1.04 0.02387
1.00 0.02370
0.95 0.02357
0.91 0.02343
0.87 0.02328
0.83 0.02314
0.79 0.02299
0.75 0.02283
0.71 0.02267
0.66 0.02251
0.62 0.02236
0.58 0.02220
0.54 0.02203
0.50 0.02187
0.46 0.02170
0.42 0.02153
0.37 0.02136
0.33 0.02118
0.29 0.02100
0.25 0.02082
0.21 0.02063
0.17 0.02044
0.12 0.02024
0.08 0.02003
0.04 0.01981
0.00 0.01955
1.23 0.01890
1.21 0.01850
1.20 0.01864
1.18 0.01872
1.17 0.01857
1.15 0.01854
1.14 0.01842
1.12 0.01822
1.10 0.01802
1.09 0.01779
1.07 0.01775
1.06 0.01761
1.04 0.01748
1.03 0.01736
1.01 0.01727
1.00 0.01721
0.98 0.01712
0.96 0.01703
0.95 0.01690
0.93 0.01684
0.92 0.01679
0.90 0.01676
0.89 0.01668
0.87 0.01663
0.86 0.01659
0.84 0.01655
0.82 0.01657
0.81 0.01654
0.79 0.01647
0.78 0.01643
0.76 0.01635
0.75 0.01628
0.73 0.01619
0.72 0.01610
0.70 0.01602
0.68 0.01594
0.67 0.01584
0.65 0.01574
0.64 0.01564
0.62 0.01555
0.61 0.01545
0.59 0.01537
0.58 0.01527
0.56 0.01519
0.54 0.01510
0.53 0.01502
0.51 0.01492
0.50 0.01482
0.48 0.01473
0.47 0.01464
0.45 0.01454
0.44 0.01445
0.42 0.01436
0.40 0.01428
0.39 0.01418
0.37 0.01409
0.36 0.01399
0.34 0.01390
0.33 0.01380
0.31 0.01371
0.30 0.01361
0.28 0.01351
0.26 0.01341
0.25 0.01332
0.23 0.01323
0.22 0.01313
0.20 0.01304
0.19 0.01294
0.17 0.01284
0.16 0.01274
0.14 0.01264
0.12 0.01253
0.11 0.01243
0.09 0.01232
0.08 0.01221
0.06 0.01210
0.05 0.01199
0.03 0.01187
0.02 0.01174
0.00 0.01160
0.49 0.01044
0.49 0.01027
0.48 0.01042
0.47 0.01039
0.47 0.01038
0.46 0.01026
0.46 0.01024
0.45 0.01018
0.44 0.01017
0.44 0.01013
0.43 0.01018
0.43 0.01018
0.42 0.01017
0.42 0.01017
0.41 0.01011
0.40 0.01005
0.40 0.01001
0.39 0.00995
0.39 0.00989
0.38 0.00985
0.37 0.00982
0.37 0.00979
0.36 0.00977
0.36 0.00972
0.35 0.00967
0.35 0.00965
0.34 0.00959
0.33 0.00956
0.33 0.00951
0.32 0.00946
0.32 0.00943
0.31 0.00939
0.30 0.00934
0.30 0.00930
0.29 0.00926
0.29 0.00922
0.28 0.00919
0.28 0.00914
0.27 0.00910
0.26 0.00905
0.26 0.00899
0.25 0.00896
0.25 0.00890
0.24 0.00887
0.23 0.00883
0.23 0.00879
0.22 0.00875
0.22 0.00871
0.21 0.00866
0.20 0.00862
0.20 0.00859
0.19 0.00854
0.19 0.00850
0.18 0.00845
0.18 0.00841
0.17 0.00837
0.16 0.00833
0.16 0.00829
0.15 0.00825
0.15 0.00820
0.14 0.00815
0.13 0.00810
0.13 0.00806
0.12 0.00801
0.12 0.00797
0.11 0.00792
0.11 0.00787
0.10 0.00782
0.09 0.00776
0.09 0.00770
0.08 0.00766
0.08 0.00760
0.07 0.00755
0.06 0.00749
0.06 0.00744
0.05 0.00739
0.05 0.00733
0.04 0.00728
0.04 0.00722
0.03 0.00716
0.02 0.00711
0.02 0.00704
0.01 0.00697
0.01 0.00690
0.00 0.00683
0.20 0.00651
0.19 0.00669
0.19 0.00638
0.19 0.00626
0.19 0.00630
0.19 0.00624
0.18 0.00617
0.18 0.00612
0.18 0.00616
0.18 0.00616
0.17 0.00620
0.17 0.00617
0.17 0.00615
0.17 0.00615
0.17 0.00613
0.16 0.00610
0.16 0.00609
0.16 0.00605
0.16 0.00605
0.15 0.00600
0.15 0.00598
0.15 0.00597
0.15 0.00595
0.15 0.00593
0.14 0.00590
0.14 0.00590
0.14 0.00589
0.14 0.00587
0.13 0.00586
0.13 0.00584
0.13 0.00582
0.13 0.00581
0.13 0.00579
0.12 0.00577
0.12 0.00576
0.12 0.00572
0.12 0.00570
0.11 0.00568
0.11 0.00566
0.11 0.00563
0.11 0.00561
0.11 0.00559
0.10 0.00556
0.10 0.00553
0.10 0.00550
0.10 0.00548
0.09 0.00546
0.09 0.00544
0.09 0.00542
0.09 0.00540
0.09 0.00537
0.08 0.00535
0.08 0.00533
0.08 0.00530
0.08 0.00527
0.08 0.00525
0.07 0.00522
0.07 0.00520
0.07 0.00517
0.07 0.00515
0.06 0.00513
0.06 0.00510
0.06 0.00508
0.06 0.00505
0.06 0.00503
0.05 0.00500
0.05 0.00498
0.05 0.00495
0.05 0.00492
0.04 0.00490
0.04 0.00487
0.04 0.00484
0.04 0.00481
0.04 0.00479
0.03 0.00476
0.03 0.00473
0.03 0.00471
0.03 0.00467
0.02 0.00464
0.02 0.00461
0.02 0.00458
0.02 0.00454
0.02 0.00451
0.01 0.00447
0.01 0.00444
0.01 0.00440
0.01 0.00436
0.00 0.00432
0.00 0.00428
0.00 0.00424
0.08 0.00419
0.08 0.00396
0.08 0.00393
0.08 0.00393
0.08 0.00396
0.07 0.00395
0.07 0.00395
0.07 0.00400
0.07 0.00397
0.07 0.00395
0.07 0.00396
0.07 0.00395
0.07 0.00394
0.07 0.00392
0.07 0.00391
0.07 0.00387
0.07 0.00385
0.06 0.00386
0.06 0.00384
0.06 0.00383
0.06 0.00380
0.06 0.00378
0.06 0.00377
0.06 0.00378
0.06 0.00375
0.06 0.00373
0.06 0.00372
0.06 0.00372
0.06 0.00371
0.05 0.00369
0.05 0.00368
0.05 0.00367
0.05 0.00366
0.05 0.00366
0.05 0.00364
0.05 0.00362
0.05 0.00360
0.05 0.00358
0.05 0.00357
0.05 0.00355
0.05 0.00354
0.04 0.00353
0.04 0.00352
0.04 0.00351
0.04 0.00350
0.04 0.00348
0.04 0.00347
0.04 0.00347
0.04 0.00345
0.04 0.00343
0.04 0.00342
0.04 0.00342
0.04 0.00340
0.03 0.00339
0.03 0.00338
0.03 0.00336
0.03 0.00335
0.03 0.00334
0.03 0.00332
0.03 0.00331
0.03 0.00329
0.03 0.00328
0.03 0.00326
0.03 0.00325
0.03 0.00324
0.02 0.00322
0.02 0.00321
0.02 0.00319
0.02 0.00318
0.02 0.00316
0.02 0.00315
0.02 0.00313
0.02 0.00312
0.02 0.00310
0.02 0.00308
0.02 0.00307
0.02 0.00305
0.01 0.00303
0.01 0.00301
0.01 0.00299
0.01 0.00298
0.01 0.00296
0.01 0.00294
0.01 0.00293
0.01 0.00291
0.01 0.00289
0.01 0.00287
0.01 0.00285
0.01 0.00283
0.00 0.00281
0.00 0.00278
0.00 0.00276
0.00 0.00274
0.00 0.00271
0.00 0.00269
0.00 0.00102
0.00 0.00057
0.00 0.00047
0.00 0.00037
0.00 0.00030
0.00 0.00026
0.00 0.00022
0.00 0.00019
0.00 0.00017
0.00 0.00016
0.00 0.00015
0.00 0.00015
0.00 0.00014
0.00 0.00014
0.00 0.00014
0.00 0.00013
0.00 0.00013
0.00 0.00012
0.00 0.00012
0.00 0.00011
0.00 0.00011
0.00 0.00010
0.00 0.00010
0.00 0.00010
0.00 0.00010
0.00 0.00009
0.00 0.00009
0.00 0.00009
0.00 0.00008
0.00 0.00008
0.00 0.00008
0.00 0.00008
0.00 0.00008
0.00 0.00007
0.00 0.00007
0.00 0.00007
0.00 0.00007
0.00 0.00007
0.00 0.00006
0.00 0.00006
0.00 0.00006
0.00 0.00006
0.00 0.00006
0.00 0.00006
0.00 0.00006
0.00 0.00006
0.00 0.00005
0.00 0.00005
0.00 0.00005
0.00 0.00005
0.00 0.00005
0.00 0.00005
0.00 0.00005
0.00 0.00005
0.00 0.00005
0.00 0.00005
0.00 0.00005
0.00 0.00004
0.00 0.00004
0.00 0.00004
0.00 0.00004
0.00 0.00004
0.00 0.00004
0.00 0.00004
0.00 0.00004
0.00 0.00004
0.00 0.00004
0.00 0.00004
0.00 0.00004
0.00 0.00004
0.00 0.00004
0.00 0.00004
0.00 0.00004
0.00 0.00003
0.00 0.00003
0.00 0.00003
0.00 0.00003
0.00 0.00003
0.00 0.00003
0.00 0.00003
0.00 0.00003
0.00 0.00003
0.00 0.00003
0.00 0.00003
0.00 0.00003
0.00 0.00003
0.00 0.00003
0.00 0.00003
0.00 0.00003
0.00 0.00003
0.00 0.00003
0.00 0.00003
0.00 0.00003
0.00 0.00003
0.00 0.00003
0.00 0.00003
0.00 0.00003
0.00 0.00003
0.00 0.00003
0.00 0.00003
