300.00 0.51144
293.88 0.48596
287.76 0.47084
281.63 0.46204
275.51 0.45823
269.39 0.45424
263.27 0.44864
257.14 0.44382
251.02 0.43914
244.90 0.43515
238.78 0.43222
232.65 0.42914
226.53 0.42518
220.41 0.42180
214.29 0.41842
208.16 0.41475
202.04 0.41097
195.92 0.40803
189.80 0.40466
183.67 0.40117
177.55 0.39790
171.43 0.39457
165.31 0.39100
159.18 0.38779
153.06 0.38438
146.94 0.38087
140.82 0.37722
134.69 0.37368
128.57 0.37043
122.45 0.36661
116.33 0.36309
110.20 0.35940
104.08 0.35546
97.96 0.35162
91.84 0.34773
85.71 0.34392
79.59 0.33982
73.47 0.33566
67.35 0.33151
61.22 0.32736
55.10 0.32321
48.98 0.31900
42.86 0.31470
36.73 0.31008
30.61 0.30543
24.49 0.30069
18.37 0.29582
12.24 0.29077
6.12 0.28561
0.00 0.27993
120.00 0.25793
117.78 0.25703
115.56 0.25460
113.33 0.25452
111.11 0.25346
108.89 0.25174
106.67 0.24996
104.44 0.24827
102.22 0.24694
100.00 0.24502
97.78 0.24317
95.56 0.24169
93.33 0.24035
91.11 0.23897
88.89 0.23700
86.67 0.23527
84.44 0.23335
82.22 0.23161
80.00 0.22988
77.78 0.22806
75.56 0.22626
73.33 0.22444
71.11 0.22250
68.89 0.22075
66.67 0.21871
64.44 0.21705
62.22 0.21510
60.00 0.21328
57.78 0.21156
55.56 0.20960
53.33 0.20778
51.11 0.20594
48.89 0.20414
46.67 0.20211
44.44 0.20015
42.22 0.19825
40.00 0.19631
37.78 0.19465
35.56 0.19293
33.33 0.19103
31.11 0.18933
28.89 0.18745
26.67 0.18576
24.44 0.18401
22.22 0.18227
20.00 0.18023
17.78 0.17798
15.56 0.17572
13.33 0.17338
11.11 0.17100
8.89 0.16859
6.67 0.16612
4.44 0.16362
2.22 0.16101
0.00 0.15810
48.00 0.13173
47.19 0.13693
46.37 0.13555
45.56 0.13582
44.75 0.13682
43.93 0.13512
43.12 0.13369
42.31 0.13308
41.49 0.13188
40.68 0.13039
39.86 0.12943
39.05 0.12851
38.24 0.12748
37.42 0.12648
36.61 0.12554
35.80 0.12494
34.98 0.12384
34.17 0.12314
33.36 0.12227
32.54 0.12145
31.73 0.12077
30.92 0.12050
30.10 0.12000
29.29 0.11976
28.47 0.11910
27.66 0.11799
26.85 0.11701
26.03 0.11609
25.22 0.11542
24.41 0.11467
23.59 0.11380
22.78 0.11319
21.97 0.11255
21.15 0.11179
20.34 0.11110
19.53 0.11046
18.71 0.10968
17.90 0.10891
17.08 0.10811
16.27 0.10736
15.46 0.10649
14.64 0.10552
13.83 0.10455
13.02 0.10362
12.20 0.10271
11.39 0.10176
10.58 0.10086
9.76 0.09991
8.95 0.09894
8.14 0.09793
7.32 0.09693
6.51 0.09593
5.69 0.09487
4.88 0.09379
4.07 0.09264
3.25 0.09150
2.44 0.09031
1.63 0.08911
0.81 0.08784
0.00 0.08640
19.20 0.07918
18.90 0.07963
18.60 0.07883
18.30 0.07898
18.00 0.07822
17.70 0.07798
17.40 0.07759
17.10 0.07714
16.80 0.07717
16.50 0.07686
16.20 0.07648
15.90 0.07605
15.60 0.07553
15.30 0.07507
15.00 0.07464
14.70 0.07425
14.40 0.07390
14.10 0.07341
13.80 0.07307
13.50 0.07290
13.20 0.07251
12.90 0.07204
12.60 0.07175
12.30 0.07147
12.00 0.07114
11.70 0.07087
11.40 0.07062
11.10 0.07022
10.80 0.06984
10.50 0.06936
10.20 0.06885
9.90 0.06840
9.60 0.06796
9.30 0.06752
9.00 0.06714
8.70 0.06676
8.40 0.06631
8.10 0.06577
7.80 0.06524
7.50 0.06473
7.20 0.06428
6.90 0.06386
6.60 0.06345
6.30 0.06301
6.00 0.06253
5.70 0.06204
5.40 0.06155
5.10 0.06108
4.80 0.06058
4.50 0.06007
4.20 0.05955
3.90 0.05902
3.60 0.05850
3.30 0.05799
3.00 0.05746
2.70 0.05691
2.40 0.05636
2.10 0.05580
1.80 0.05522
1.50 0.05463
1.20 0.05402
0.90 0.05340
0.60 0.05275
0.30 0.05206
0.00 0.05128
7.68 0.04811
7.57 0.04683
7.46 0.04679
7.35 0.04711
7.23 0.04753
7.12 0.04688
7.01 0.04669
6.90 0.04641
6.79 0.04620
6.68 0.04584
6.57 0.04556
6.46 0.04532
6.34 0.04513
6.23 0.04495
6.12 0.04487
6.01 0.04471
5.90 0.04458
5.79 0.04434
5.68 0.04411
5.57 0.04396
5.45 0.04379
5.34 0.04368
5.23 0.04342
5.12 0.04332
5.01 0.04318
4.90 0.04293
4.79 0.04273
4.67 0.04251
4.56 0.04227
4.45 0.04203
4.34 0.04175
4.23 0.04146
4.12 0.04120
4.01 0.04096
3.90 0.04070
3.78 0.04047
3.67 0.04027
3.56 0.04004
3.45 0.03984
3.34 0.03962
3.23 0.03941
3.12 0.03918
3.01 0.03894
2.89 0.03869
2.78 0.03845
2.67 0.03820
2.56 0.03795
2.45 0.03769
2.34 0.03744
2.23 0.03717
2.11 0.03691
2.00 0.03666
1.89 0.03639
1.78 0.03611
1.67 0.03584
1.56 0.03556
1.45 0.03528
1.34 0.03500
1.22 0.03472
1.11 0.03442
1.00 0.03412
0.89 0.03380
0.78 0.03349
0.67 0.03318
0.56 0.03286
0.45 0.03253
0.33 0.03219
0.22 0.03182
0.11 0.03144
0.00 0.03100
3.07 0.02884
3.03 0.02943
2.99 0.02908
2.95 0.02875
2.91 0.02863
2.86 0.02857
2.82 0.02824
2.78 0.02812
2.74 0.02806
2.70 0.02789
2.66 0.02783
2.62 0.02780
2.57 0.02770
2.53 0.02761
2.49 0.02743
2.45 0.02731
2.41 0.02719
2.37 0.02708
2.32 0.02696
2.28 0.02682
2.24 0.02665
2.20 0.02653
2.16 0.02643
2.12 0.02629
2.08 0.02617
2.03 0.02607
1.99 0.02597
1.95 0.02585
1.91 0.02572
1.87 0.02559
1.83 0.02546
1.79 0.02533
1.74 0.02519
1.70 0.02506
1.66 0.02492
1.62 0.02480
1.58 0.02465
1.54 0.02452
1.49 0.02440
1.45 0.02428
1.41 0.02416
1.37 0.02404
1.33 0.02391
1.29 0.02378
1.25 0.02364
1.20 0.02349
1.16 0.02337
1.12 0.02323
1.08 0.02309
1.04 0.02295
1.00 0.02280
0.95 0.02267
0.91 0.02252
0.87 0.02237
0.83 0.02223
0.79 0.02208
0.75 0.02193
0.71 0.02179
0.66 0.02164
0.62 0.02149
0.58 0.02133
0.54 0.02118
0.50 0.02103
0.46 0.02087
0.42 0.02071
0.37 0.02055
0.33 0.02038
0.29 0.02021
0.25 0.02004
0.21 0.01986
0.17 0.01968
0.12 0.01948
0.08 0.01927
0.04 0.01906
0.00 0.01881
1.23 0.01749
1.21 0.01744
1.20 0.01758
1.18 0.01758
1.17 0.01752
1.15 0.01749
1.14 0.01745
1.12 0.01735
1.10 0.01734
1.09 0.01729
1.07 0.01723
1.06 0.01721
1.04 0.01710
1.03 0.01701
1.01 0.01692
1.00 0.01684
0.98 0.01679
0.96 0.01677
0.95 0.01672
0.93 0.01666
0.92 0.01660
0.90 0.01657
0.89 0.01651
0.87 0.01648
0.86 0.01640
0.84 0.01632
0.82 0.01627
0.81 0.01622
0.79 0.01617
0.78 0.01611
0.76 0.01606
0.75 0.01599
0.73 0.01593
0.72 0.01585
0.70 0.01580
0.68 0.01573
0.67 0.01566
0.65 0.01559
0.64 0.01552
0.62 0.01546
0.61 0.01539
0.59 0.01533
0.58 0.01527
0.56 0.01520
0.54 0.01513
0.53 0.01506
0.51 0.01498
0.50 0.01491
0.48 0.01483
0.47 0.01475
0.45 0.01467
0.44 0.01460
0.42 0.01453
0.40 0.01445
0.39 0.01436
0.37 0.01427
0.36 0.01420
0.34 0.01412
0.33 0.01403
0.31 0.01394
0.30 0.01385
0.28 0.01376
0.26 0.01367
0.25 0.01358
0.23 0.01350
0.22 0.01341
0.20 0.01332
0.19 0.01323
0.17 0.01313
0.16 0.01303
0.14 0.01293
0.12 0.01283
0.11 0.01272
0.09 0.01262
0.08 0.01251
0.06 0.01240
0.05 0.01228
0.03 0.01216
0.02 0.01203
0.00 0.01189
0.49 0.01154
0.49 0.01137
0.48 0.01145
0.47 0.01117
0.47 0.01119
0.46 0.01118
0.46 0.01120
0.45 0.01110
0.44 0.01104
0.44 0.01097
0.43 0.01087
0.43 0.01085
0.42 0.01082
0.42 0.01074
0.41 0.01069
0.40 0.01069
0.40 0.01065
0.39 0.01066
0.39 0.01063
0.38 0.01062
0.37 0.01059
0.37 0.01053
0.36 0.01051
0.36 0.01047
0.35 0.01042
0.35 0.01039
0.34 0.01036
0.33 0.01033
0.33 0.01030
0.32 0.01025
0.32 0.01019
0.31 0.01014
0.30 0.01012
0.30 0.01008
0.29 0.01003
0.29 0.01000
0.28 0.00997
0.28 0.00993
0.27 0.00989
0.26 0.00984
0.26 0.00980
0.25 0.00975
0.25 0.00971
0.24 0.00966
0.23 0.00962
0.23 0.00960
0.22 0.00955
0.22 0.00951
0.21 0.00946
0.20 0.00942
0.20 0.00937
0.19 0.00933
0.19 0.00928
0.18 0.00923
0.18 0.00918
0.17 0.00914
0.16 0.00909
0.16 0.00905
0.15 0.00900
0.15 0.00895
0.14 0.00890
0.13 0.00885
0.13 0.00881
0.12 0.00875
0.12 0.00870
0.11 0.00864
0.11 0.00859
0.10 0.00853
0.09 0.00848
0.09 0.00842
0.08 0.00837
0.08 0.00832
0.07 0.00826
0.06 0.00821
0.06 0.00815
0.05 0.00809
0.05 0.00803
0.04 0.00797
0.04 0.00791
0.03 0.00784
0.02 0.00778
0.02 0.00771
0.01 0.00764
0.01 0.00756
0.00 0.00747
0.20 0.00735
0.19 0.00719
0.19 0.00707
0.19 0.00717
0.19 0.00716
0.19 0.00705
0.18 0.00698
0.18 0.00693
0.18 0.00692
0.18 0.00692
0.17 0.00690
0.17 0.00688
0.17 0.00689
0.17 0.00686
0.17 0.00684
0.16 0.00684
0.16 0.00682
0.16 0.00681
0.16 0.00676
0.15 0.00676
0.15 0.00672
0.15 0.00669
0.15 0.00668
0.15 0.00665
0.14 0.00663
0.14 0.00662
0.14 0.00659
0.14 0.00654
0.13 0.00651
0.13 0.00649
0.13 0.00647
0.13 0.00645
0.13 0.00643
0.12 0.00640
0.12 0.00638
0.12 0.00635
0.12 0.00633
0.11 0.00631
0.11 0.00628
0.11 0.00625
0.11 0.00624
0.11 0.00621
0.10 0.00618
0.10 0.00615
0.10 0.00613
0.10 0.00610
0.09 0.00608
0.09 0.00605
0.09 0.00603
0.09 0.00600
0.09 0.00597
0.08 0.00594
0.08 0.00592
0.08 0.00589
0.08 0.00586
0.08 0.00583
0.07 0.00581
0.07 0.00578
0.07 0.00576
0.07 0.00573
0.06 0.00570
0.06 0.00568
0.06 0.00565
0.06 0.00563
0.06 0.00560
0.05 0.00557
0.05 0.00554
0.05 0.00552
0.05 0.00549
0.04 0.00545
0.04 0.00543
0.04 0.00539
0.04 0.00536
0.04 0.00533
0.03 0.00530
0.03 0.00526
0.03 0.00523
0.03 0.00520
0.02 0.00516
0.02 0.00512
0.02 0.00508
0.02 0.00505
0.02 0.00501
0.01 0.00497
0.01 0.00493
0.01 0.00489
0.01 0.00485
0.00 0.00480
0.00 0.00476
0.00 0.00471
0.08 0.00417
0.08 0.00424
0.08 0.00436
0.08 0.00429
0.08 0.00435
0.07 0.00436
0.07 0.00434
0.07 0.00432
0.07 0.00439
0.07 0.00439
0.07 0.00436
0.07 0.00436
0.07 0.00437
0.07 0.00434
0.07 0.00432
0.07 0.00432
0.07 0.00432
0.06 0.00430
0.06 0.00429
0.06 0.00428
0.06 0.00428
0.06 0.00426
0.06 0.00422
0.06 0.00422
0.06 0.00420
0.06 0.00418
0.06 0.00414
0.06 0.00411
0.06 0.00409
0.05 0.00408
0.05 0.00406
0.05 0.00404
0.05 0.00402
0.05 0.00401
0.05 0.00400
0.05 0.00399
0.05 0.00398
0.05 0.00397
0.05 0.00395
0.05 0.00394
0.05 0.00392
0.04 0.00391
0.04 0.00390
0.04 0.00389
0.04 0.00388
0.04 0.00386
0.04 0.00385
0.04 0.00384
0.04 0.00383
0.04 0.00381
0.04 0.00380
0.04 0.00379
0.04 0.00378
0.03 0.00376
0.03 0.00375
0.03 0.00373
0.03 0.00371
0.03 0.00370
0.03 0.00368
0.03 0.00367
0.03 0.00365
0.03 0.00364
0.03 0.00362
0.03 0.00360
0.03 0.00358
0.02 0.00357
0.02 0.00355
0.02 0.00353
0.02 0.00352
0.02 0.00350
0.02 0.00348
0.02 0.00346
0.02 0.00345
0.02 0.00343
0.02 0.00341
0.02 0.00339
0.02 0.00338
0.01 0.00336
0.01 0.00334
0.01 0.00332
0.01 0.00330
0.01 0.00328
0.01 0.00326
0.01 0.00324
0.01 0.00322
0.01 0.00320
0.01 0.00318
0.01 0.00315
0.01 0.00313
0.00 0.00311
0.00 0.00308
0.00 0.00306
0.00 0.00303
0.00 0.00301
0.00 0.00298
0.00 0.01500
0.00 0.01077
0.00 0.00861
0.00 0.00739
0.00 0.00656
0.00 0.00606
0.00 0.00553
0.00 0.00524
0.00 0.00492
0.00 0.00462
0.00 0.00428
0.00 0.00406
0.00 0.00388
0.00 0.00378
0.00 0.00367
0.00 0.00357
0.00 0.00346
0.00 0.00336
0.00 0.00324
0.00 0.00318
0.00 0.00308
0.00 0.00298
0.00 0.00291
0.00 0.00285
0.00 0.00279
0.00 0.00273
0.00 0.00270
0.00 0.00264
0.00 0.00259
0.00 0.00256
0.00 0.00251
0.00 0.00248
0.00 0.00243
0.00 0.00238
0.00 0.00234
0.00 0.00231
0.00 0.00228
0.00 0.00225
0.00 0.00221
0.00 0.00217
0.00 0.00215
0.00 0.00212
0.00 0.00208
0.00 0.00204
0.00 0.00200
0.00 0.00198
0.00 0.00195
0.00 0.00192
0.00 0.00189
0.00 0.00187
0.00 0.00185
0.00 0.00182
0.00 0.00181
0.00 0.00179
0.00 0.00177
0.00 0.00175
0.00 0.00174
0.00 0.00172
0.00 0.00170
0.00 0.00168
0.00 0.00166
0.00 0.00165
0.00 0.00163
0.00 0.00160
0.00 0.00159
0.00 0.00157
0.00 0.00156
0.00 0.00155
0.00 0.00154
0.00 0.00153
0.00 0.00151
0.00 0.00150
0.00 0.00148
0.00 0.00147
0.00 0.00146
0.00 0.00145
0.00 0.00144
0.00 0.00143
0.00 0.00141
0.00 0.00140
0.00 0.00140
0.00 0.00139
0.00 0.00138
0.00 0.00137
0.00 0.00135
0.00 0.00134
0.00 0.00133
0.00 0.00132
0.00 0.00131
0.00 0.00130
0.00 0.00130
0.00 0.00129
0.00 0.00128
0.00 0.00127
0.00 0.00126
0.00 0.00125
0.00 0.00124
0.00 0.00123
0.00 0.00122
0.00 0.00121
