300.00 0.72387
293.88 0.69776
287.76 0.69564
281.63 0.67720
275.51 0.67410
269.39 0.67188
263.27 0.66804
257.14 0.66209
251.02 0.66387
244.90 0.65626
238.78 0.64997
232.65 0.64443
226.53 0.63897
220.41 0.63440
214.29 0.62944
208.16 0.62501
202.04 0.62105
195.92 0.61689
189.80 0.61275
183.67 0.60867
177.55 0.60491
171.43 0.60118
165.31 0.59748
159.18 0.59379
153.06 0.58988
146.94 0.58632
140.82 0.58262
134.69 0.57891
128.57 0.57506
122.45 0.57126
116.33 0.56724
110.20 0.56344
104.08 0.55949
97.96 0.55524
91.84 0.55099
85.71 0.54665
79.59 0.54223
73.47 0.53766
67.35 0.53304
61.22 0.52821
55.10 0.52313
48.98 0.51783
42.86 0.51241
36.73 0.50676
30.61 0.50084
24.49 0.49465
18.37 0.48797
12.24 0.48103
6.12 0.47316
0.00 0.46370
120.00 0.45330
117.78 0.45263
115.56 0.45162
113.33 0.45019
111.11 0.44836
108.89 0.44657
106.67 0.44547
104.44 0.44417
102.22 0.44240
100.00 0.44032
97.78 0.43859
95.56 0.43627
93.33 0.43418
91.11 0.43228
88.89 0.42990
86.67 0.42786
84.44 0.42567
82.22 0.42341
80.00 0.42148
77.78 0.41941
75.56 0.41678
73.33 0.41451
71.11 0.41224
68.89 0.41008
66.67 0.40768
64.44 0.40534
62.22 0.40304
60.00 0.40037
57.78 0.39786
55.56 0.39522
53.33 0.39279
51.11 0.39017
48.89 0.38766
46.67 0.38492
44.44 0.38222
42.22 0.37944
40.00 0.37666
37.78 0.37368
35.56 0.37072
33.33 0.36771
31.11 0.36450
28.89 0.36138
26.67 0.35819
24.44 0.35492
22.22 0.35149
20.00 0.34818
17.78 0.34462
15.56 0.34084
13.33 0.33696
11.11 0.33289
8.89 0.32863
6.67 0.32428
4.44 0.31973
2.22 0.31485
0.00 0.30913
48.00 0.30264
47.19 0.30001
46.37 0.29867
45.56 0.29723
44.75 0.29480
43.93 0.29351
43.12 0.29238
42.31 0.29159
41.49 0.28975
40.68 0.28838
39.86 0.28690
39.05 0.28557
38.24 0.28430
37.42 0.28224
36.61 0.28114
35.80 0.27983
34.98 0.27852
34.17 0.27694
33.36 0.27562
32.54 0.27409
31.73 0.27251
30.92 0.27130
30.10 0.26977
29.29 0.26834
28.47 0.26686
27.66 0.26546
26.85 0.26392
26.03 0.26233
25.22 0.26081
24.41 0.25921
23.59 0.25749
22.78 0.25587
21.97 0.25401
21.15 0.25218
20.34 0.25053
19.53 0.24871
18.71 0.24701
17.90 0.24513
17.08 0.24326
16.27 0.24147
15.46 0.23945
14.64 0.23759
13.83 0.23562
13.02 0.23381
12.20 0.23171
11.39 0.22970
10.58 0.22754
9.76 0.22552
8.95 0.22345
8.14 0.22132
7.32 0.21929
6.51 0.21706
5.69 0.21493
4.88 0.21281
4.07 0.21062
3.25 0.20810
2.44 0.20548
1.63 0.20283
0.81 0.20002
0.00 0.19669
19.20 0.18737
18.90 0.18702
18.60 0.18541
18.30 0.18502
18.00 0.18277
17.70 0.18222
17.40 0.18165
17.10 0.18076
16.80 0.17981
16.50 0.17885
16.20 0.17762
15.90 0.17660
15.60 0.17575
15.30 0.17482
15.00 0.17429
14.70 0.17334
14.40 0.17284
14.10 0.17199
13.80 0.17110
13.50 0.17014
13.20 0.16937
12.90 0.16851
12.60 0.16773
12.30 0.16671
12.00 0.16583
11.70 0.16489
11.40 0.16379
11.10 0.16316
10.80 0.16201
10.50 0.16129
10.20 0.16044
9.90 0.15938
9.60 0.15844
9.30 0.15739
9.00 0.15640
8.70 0.15547
8.40 0.15473
8.10 0.15402
7.80 0.15290
7.50 0.15182
7.20 0.15098
6.90 0.14997
6.60 0.14915
6.30 0.14821
6.00 0.14748
5.70 0.14680
5.40 0.14591
5.10 0.14470
4.80 0.14352
4.50 0.14231
4.20 0.14123
3.90 0.14006
3.60 0.13875
3.30 0.13743
3.00 0.13627
2.70 0.13498
2.40 0.13378
2.10 0.13264
1.80 0.13130
1.50 0.12990
1.20 0.12849
0.90 0.12694
0.60 0.12535
0.30 0.12370
0.00 0.12180
7.68 0.10707
7.57 0.10880
7.46 0.10799
7.35 0.10751
7.23 0.10906
7.12 0.11029
7.01 0.11085
6.90 0.11004
6.79 0.10992
6.68 0.11151
6.57 0.11140
6.46 0.11050
6.34 0.10978
6.23 0.11043
6.12 0.11138
6.01 0.11068
5.90 0.11009
5.79 0.10905
5.68 0.10885
5.57 0.10827
5.45 0.10822
5.34 0.10740
5.23 0.10656
5.12 0.10600
5.01 0.10525
4.90 0.10469
4.79 0.10406
4.67 0.10332
4.56 0.10256
4.45 0.10185
4.34 0.10113
4.23 0.10037
4.12 0.09976
4.01 0.09907
3.90 0.09839
3.78 0.09776
3.67 0.09709
3.56 0.09638
3.45 0.09577
3.34 0.09529
3.23 0.09524
3.12 0.09503
3.01 0.09440
2.89 0.09375
2.78 0.09309
2.67 0.09240
2.56 0.09173
2.45 0.09124
2.34 0.09086
2.23 0.09024
2.11 0.08946
2.00 0.08883
1.89 0.08824
1.78 0.08756
1.67 0.08685
1.56 0.08615
1.45 0.08553
1.34 0.08482
1.22 0.08419
1.11 0.08353
1.00 0.08286
0.89 0.08214
0.78 0.08134
0.67 0.08057
0.56 0.07985
0.45 0.07900
0.33 0.07809
0.22 0.07716
0.11 0.07619
0.00 0.07511
3.07 0.07288
3.03 0.08245
2.99 0.08555
2.95 0.08277
2.91 0.08120
2.86 0.07975
2.82 0.07704
2.78 0.07583
2.74 0.07488
2.70 0.07385
2.66 0.07274
2.62 0.07153
2.57 0.07122
2.53 0.07047
2.49 0.07010
2.45 0.06959
2.41 0.06930
2.37 0.06939
2.32 0.07010
2.28 0.06946
2.24 0.06886
2.20 0.06816
2.16 0.06771
2.12 0.06712
2.08 0.06657
2.03 0.06645
1.99 0.06631
1.95 0.06588
1.91 0.06560
1.87 0.06531
1.83 0.06542
1.79 0.06552
1.74 0.06548
1.70 0.06533
1.66 0.06509
1.62 0.06481
1.58 0.06474
1.54 0.06461
1.49 0.06425
1.45 0.06387
1.41 0.06345
1.37 0.06305
1.33 0.06253
1.29 0.06204
1.25 0.06164
1.20 0.06125
1.16 0.06096
1.12 0.06069
1.08 0.06026
1.04 0.05993
1.00 0.05958
0.95 0.05920
0.91 0.05881
0.87 0.05848
0.83 0.05814
0.79 0.05778
0.75 0.05741
0.71 0.05691
0.66 0.05647
0.62 0.05602
0.58 0.05563
0.54 0.05514
0.50 0.05476
0.46 0.05433
0.42 0.05387
0.37 0.05349
0.33 0.05300
0.29 0.05261
0.25 0.05224
0.21 0.05188
0.17 0.05148
0.12 0.05110
0.08 0.05070
0.04 0.05014
0.00 0.04948
1.23 0.05077
1.21 0.05193
1.20 0.05375
1.18 0.05464
1.17 0.05363
1.15 0.05311
1.14 0.05248
1.12 0.05151
1.10 0.05257
1.09 0.05444
1.07 0.05506
1.06 0.05478
1.04 0.05432
1.03 0.05384
1.01 0.05291
1.00 0.05224
0.98 0.05159
0.96 0.05214
0.95 0.05220
0.93 0.05189
0.92 0.05190
0.90 0.05172
0.89 0.05134
0.87 0.05080
0.86 0.05034
0.84 0.04969
0.82 0.04924
0.81 0.04905
0.79 0.04841
0.78 0.04783
0.76 0.04738
0.75 0.04699
0.73 0.04665
0.72 0.04630
0.70 0.04601
0.68 0.04577
0.67 0.04549
0.65 0.04515
0.64 0.04476
0.62 0.04444
0.61 0.04421
0.59 0.04391
0.58 0.04367
0.56 0.04342
0.54 0.04311
0.53 0.04284
0.51 0.04263
0.50 0.04245
0.48 0.04228
0.47 0.04203
0.45 0.04180
0.44 0.04150
0.42 0.04128
0.40 0.04102
0.39 0.04074
0.37 0.04048
0.36 0.04018
0.34 0.03993
0.33 0.03976
0.31 0.03951
0.30 0.03923
0.28 0.03893
0.26 0.03865
0.25 0.03840
0.23 0.03813
0.22 0.03784
0.20 0.03755
0.19 0.03726
0.17 0.03695
0.16 0.03667
0.14 0.03638
0.12 0.03608
0.11 0.03578
0.09 0.03545
0.08 0.03514
0.06 0.03483
0.05 0.03450
0.03 0.03415
0.02 0.03378
0.00 0.03336
0.49 0.03175
0.49 0.03433
0.48 0.03536
0.47 0.03529
0.47 0.03473
0.46 0.03470
0.46 0.03475
0.45 0.03476
0.44 0.03538
0.44 0.03519
0.43 0.03553
0.43 0.03536
0.42 0.03486
0.42 0.03448
0.41 0.03427
0.40 0.03422
0.40 0.03419
0.39 0.03404
0.39 0.03373
0.38 0.03379
0.37 0.03369
0.37 0.03341
0.36 0.03316
0.36 0.03279
0.35 0.03247
0.35 0.03219
0.34 0.03202
0.33 0.03226
0.33 0.03250
0.32 0.03229
0.32 0.03207
0.31 0.03205
0.30 0.03185
0.30 0.03166
0.29 0.03151
0.29 0.03137
0.28 0.03111
0.28 0.03089
0.27 0.03070
0.26 0.03051
0.26 0.03023
0.25 0.03011
0.25 0.02989
0.24 0.02986
0.23 0.02993
0.23 0.02985
0.22 0.02961
0.22 0.02936
0.21 0.02913
0.20 0.02891
0.20 0.02866
0.19 0.02842
0.19 0.02819
0.18 0.02797
0.18 0.02774
0.17 0.02749
0.16 0.02725
0.16 0.02708
0.15 0.02690
0.15 0.02671
0.14 0.02649
0.13 0.02628
0.13 0.02606
0.12 0.02587
0.12 0.02568
0.11 0.02550
0.11 0.02541
0.10 0.02524
0.09 0.02504
0.09 0.02486
0.08 0.02466
0.08 0.02446
0.07 0.02427
0.06 0.02406
0.06 0.02386
0.05 0.02365
0.05 0.02344
0.04 0.02324
0.04 0.02303
0.03 0.02282
0.02 0.02261
0.02 0.02239
0.01 0.02217
0.01 0.02193
0.00 0.02168
0.20 0.01626
0.19 0.01627
0.19 0.01625
0.19 0.01759
0.19 0.01784
0.19 0.01760
0.18 0.01733
0.18 0.01712
0.18 0.01735
0.18 0.01844
0.17 0.01950
0.17 0.01978
0.17 0.01989
0.17 0.02012
0.17 0.02057
0.16 0.02109
0.16 0.02111
0.16 0.02130
0.16 0.02112
0.15 0.02150
0.15 0.02131
0.15 0.02119
0.15 0.02104
0.15 0.02087
0.14 0.02068
0.14 0.02095
0.14 0.02086
0.14 0.02073
0.13 0.02073
0.13 0.02088
0.13 0.02109
0.13 0.02127
0.13 0.02150
0.12 0.02143
0.12 0.02136
0.12 0.02121
0.12 0.02106
0.11 0.02093
0.11 0.02086
0.11 0.02083
0.11 0.02072
0.11 0.02060
0.10 0.02047
0.10 0.02034
0.10 0.02022
0.10 0.02008
0.09 0.01995
0.09 0.01984
0.09 0.01976
0.09 0.01966
0.09 0.01957
0.08 0.01952
0.08 0.01954
0.08 0.01944
0.08 0.01932
0.08 0.01921
0.07 0.01910
0.07 0.01902
0.07 0.01891
0.07 0.01880
0.06 0.01867
0.06 0.01855
0.06 0.01848
0.06 0.01850
0.06 0.01852
0.05 0.01854
0.05 0.01853
0.05 0.01849
0.05 0.01848
0.04 0.01844
0.04 0.01835
0.04 0.01823
0.04 0.01810
0.04 0.01796
0.03 0.01782
0.03 0.01767
0.03 0.01752
0.03 0.01738
0.02 0.01723
0.02 0.01709
0.02 0.01695
0.02 0.01680
0.02 0.01666
0.01 0.01651
0.01 0.01637
0.01 0.01622
0.01 0.01608
0.00 0.01593
0.00 0.01577
0.00 0.01560
0.08 0.01103
0.08 0.01482
0.08 0.01559
0.08 0.01519
0.08 0.01473
0.07 0.01405
0.07 0.01365
0.07 0.01309
0.07 0.01269
0.07 0.01237
0.07 0.01205
0.07 0.01192
0.07 0.01196
0.07 0.01186
0.07 0.01169
0.07 0.01155
0.07 0.01143
0.06 0.01127
0.06 0.01117
0.06 0.01103
0.06 0.01093
0.06 0.01081
0.06 0.01070
0.06 0.01065
0.06 0.01065
0.06 0.01058
0.06 0.01053
0.06 0.01054
0.06 0.01059
0.05 0.01061
0.05 0.01057
0.05 0.01053
0.05 0.01048
0.05 0.01044
0.05 0.01039
0.05 0.01039
0.05 0.01038
0.05 0.01038
0.05 0.01038
0.05 0.01037
0.05 0.01038
0.04 0.01037
0.04 0.01037
0.04 0.01036
0.04 0.01037
0.04 0.01033
0.04 0.01031
0.04 0.01029
0.04 0.01026
0.04 0.01025
0.04 0.01023
0.04 0.01021
0.04 0.01019
0.03 0.01015
0.03 0.01013
0.03 0.01009
0.03 0.01003
0.03 0.00998
0.03 0.00992
0.03 0.00987
0.03 0.00981
0.03 0.00976
0.03 0.00970
0.03 0.00964
0.03 0.00959
0.02 0.00953
0.02 0.00948
0.02 0.00942
0.02 0.00937
0.02 0.00932
0.02 0.00926
0.02 0.00921
0.02 0.00916
0.02 0.00911
0.02 0.00906
0.02 0.00901
0.02 0.00897
0.01 0.00892
0.01 0.00886
0.01 0.00882
0.01 0.00876
0.01 0.00871
0.01 0.00866
0.01 0.00860
0.01 0.00854
0.01 0.00848
0.01 0.00842
0.01 0.00836
0.01 0.00830
0.00 0.00823
0.00 0.00817
0.00 0.00810
0.00 0.00803
0.00 0.00796
0.00 0.00787
0.00 0.00056
0.00 0.00028
0.00 0.00019
0.00 0.00015
0.00 0.00012
0.00 0.00010
0.00 0.00009
0.00 0.00008
0.00 0.00007
0.00 0.00006
0.00 0.00006
0.00 0.00006
0.00 0.00005
0.00 0.00005
0.00 0.00005
0.00 0.00004
0.00 0.00004
0.00 0.00004
0.00 0.00004
0.00 0.00004
0.00 0.00003
0.00 0.00003
0.00 0.00003
0.00 0.00003
0.00 0.00003
0.00 0.00003
0.00 0.00003
0.00 0.00003
0.00 0.00002
0.00 0.00002
0.00 0.00002
0.00 0.00002
0.00 0.00002
0.00 0.00002
0.00 0.00002
0.00 0.00002
0.00 0.00002
0.00 0.00002
0.00 0.00002
0.00 0.00002
0.00 0.00002
0.00 0.00002
0.00 0.00002
0.00 0.00002
0.00 0.00002
0.00 0.00002
0.00 0.00002
0.00 0.00002
0.00 0.00002
0.00 0.00002
0.00 0.00002
0.00 0.00002
0.00 0.00002
0.00 0.00002
0.00 0.00002
0.00 0.00002
0.00 0.00002
0.00 0.00002
0.00 0.00002
0.00 0.00002
0.00 0.00002
0.00 0.00002
0.00 0.00002
0.00 0.00002
0.00 0.00002
0.00 0.00002
0.00 0.00002
0.00 0.00002
0.00 0.00002
0.00 0.00002
0.00 0.00002
0.00 0.00002
0.00 0.00002
0.00 0.00002
0.00 0.00002
0.00 0.00002
0.00 0.00002
0.00 0.00002
0.00 0.00002
0.00 0.00002
0.00 0.00002
0.00 0.00002
0.00 0.00002
0.00 0.00002
0.00 0.00002
0.00 0.00002
0.00 0.00002
0.00 0.00002
0.00 0.00002
0.00 0.00002
0.00 0.00002
0.00 0.00002
0.00 0.00002
0.00 0.00002
0.00 0.00002
0.00 0.00002
0.00 0.00002
0.00 0.00002
0.00 0.00002
0.00 0.00002
