150.00 0.91850
133.33 0.92540
116.67 0.92583
100.00 0.92201
83.33 0.91794
66.67 0.91309
50.00 0.89999
33.33 0.87353
16.67 0.83124
0.00 0.74823
120.00 0.92105
106.67 0.91820
93.33 0.91628
80.00 0.91348
66.67 0.91197
53.33 0.90159
40.00 0.87952
26.67 0.84547
13.33 0.80108
0.00 0.72106
96.00 0.91080
85.33 0.90687
74.67 0.90110
64.00 0.89864
53.33 0.88879
42.67 0.87613
32.00 0.85211
21.33 0.81499
10.67 0.76801
0.00 0.69127
76.80 0.88820
68.27 0.88605
59.73 0.87962
51.20 0.86806
42.67 0.84577
34.13 0.82195
25.60 0.79229
17.07 0.75619
8.53 0.71101
0.00 0.64001
