150.00 0.91065
133.33 0.90443
116.67 0.89133
100.00 0.88395
83.33 0.87217
66.67 0.85678
50.00 0.82747
33.33 0.79430
16.67 0.75094
0.00 0.67592
120.00 0.88410
106.67 0.89095
93.33 0.88605
80.00 0.86024
66.67 0.83790
53.33 0.81007
40.00 0.77633
26.67 0.74228
13.33 0.70036
0.00 0.63045
96.00 0.83620
85.33 0.83595
74.67 0.82595
64.00 0.80002
53.33 0.77241
42.67 0.74813
32.00 0.71859
21.33 0.68686
10.67 0.64618
0.00 0.58165
76.80 0.78095
68.27 0.77345
59.73 0.76087
51.20 0.74508
42.67 0.71886
34.13 0.69372
25.60 0.66519
17.07 0.63454
8.53 0.59458
0.00 0.53521
