150.00 0.93145
133.33 0.92948
116.67 0.92583
100.00 0.92145
83.33 0.91822
66.67 0.91249
50.00 0.90397
33.33 0.87711
16.67 0.83413
0.00 0.75081
120.00 0.90960
106.67 0.91135
93.33 0.91032
80.00 0.90733
66.67 0.90602
53.33 0.89428
40.00 0.87819
26.67 0.84582
13.33 0.80116
0.00 0.72112
96.00 0.90485
85.33 0.90158
74.67 0.89808
64.00 0.89579
53.33 0.88832
42.67 0.86734
32.00 0.84199
21.33 0.80599
10.67 0.76034
0.00 0.68439
76.80 0.88835
68.27 0.89097
59.73 0.88342
51.20 0.86861
42.67 0.84918
34.13 0.82717
25.60 0.79595
17.07 0.75929
8.53 0.71394
0.00 0.64263
