300.00 0.48095
293.88 0.46705
287.76 0.46280
281.63 0.45752
275.51 0.45334
269.39 0.44991
263.27 0.44571
257.14 0.44403
251.02 0.43972
244.90 0.43580
238.78 0.43238
232.65 0.42904
226.53 0.42525
220.41 0.42160
214.29 0.41813
208.16 0.41461
202.04 0.41137
195.92 0.40817
189.80 0.40508
183.67 0.40202
177.55 0.39852
171.43 0.39507
165.31 0.39173
159.18 0.38837
153.06 0.38509
146.94 0.38170
140.82 0.37821
134.69 0.37466
128.57 0.37089
122.45 0.36730
116.33 0.36358
110.20 0.35993
104.08 0.35609
97.96 0.35230
91.84 0.34836
85.71 0.34433
79.59 0.34025
73.47 0.33622
67.35 0.33209
61.22 0.32796
55.10 0.32365
48.98 0.31918
42.86 0.31475
36.73 0.31014
30.61 0.30554
24.49 0.30082
18.37 0.29598
12.24 0.29094
6.12 0.28574
0.00 0.28006
120.00 0.25795
117.78 0.25820
115.56 0.25651
113.33 0.25299
111.11 0.25125
108.89 0.24980
106.67 0.24850
104.44 0.24720
102.22 0.24558
100.00 0.24396
97.78 0.24232
95.56 0.24040
93.33 0.23899
91.11 0.23732
88.89 0.23585
86.67 0.23447
84.44 0.23264
82.22 0.23084
80.00 0.22905
77.78 0.22706
75.56 0.22524
73.33 0.22360
71.11 0.22179
68.89 0.21975
66.67 0.21808
64.44 0.21636
62.22 0.21459
60.00 0.21280
57.78 0.21101
55.56 0.20906
53.33 0.20694
51.11 0.20501
48.89 0.20289
46.67 0.20107
44.44 0.19926
42.22 0.19727
40.00 0.19529
37.78 0.19327
35.56 0.19122
33.33 0.18927
31.11 0.18720
28.89 0.18515
26.67 0.18310
24.44 0.18113
22.22 0.17888
20.00 0.17669
17.78 0.17459
15.56 0.17258
13.33 0.17045
11.11 0.16829
8.89 0.16630
6.67 0.16413
4.44 0.16185
2.22 0.15938
0.00 0.15652
48.00 0.14083
47.19 0.14028
46.37 0.13762
45.56 0.13573
44.75 0.13514
43.93 0.13388
43.12 0.13256
42.31 0.13173
41.49 0.13105
40.68 0.13025
39.86 0.12901
39.05 0.12804
38.24 0.12762
37.42 0.12682
36.61 0.12604
35.80 0.12543
34.98 0.12477
34.17 0.12390
33.36 0.12302
32.54 0.12209
31.73 0.12119
30.92 0.12061
30.10 0.11993
29.29 0.11945
28.47 0.11896
27.66 0.11845
26.85 0.11781
26.03 0.11711
25.22 0.11645
24.41 0.11571
23.59 0.11496
22.78 0.11415
21.97 0.11331
21.15 0.11242
20.34 0.11164
19.53 0.11079
18.71 0.10987
17.90 0.10895
17.08 0.10811
16.27 0.10717
15.46 0.10625
14.64 0.10533
13.83 0.10440
13.02 0.10350
12.20 0.10256
11.39 0.10169
10.58 0.10079
9.76 0.09990
8.95 0.09897
8.14 0.09807
7.32 0.09715
6.51 0.09619
5.69 0.09522
4.88 0.09422
4.07 0.09322
3.25 0.09218
2.44 0.09110
1.63 0.08994
0.81 0.08872
0.00 0.08727
19.20 0.07932
18.90 0.08128
18.60 0.08070
18.30 0.08028
18.00 0.07953
17.70 0.07939
17.40 0.07907
17.10 0.07834
16.80 0.07779
16.50 0.07745
16.20 0.07687
15.90 0.07631
15.60 0.07575
15.30 0.07529
15.00 0.07478
14.70 0.07413
14.40 0.07357
14.10 0.07296
13.80 0.07245
13.50 0.07207
13.20 0.07157
12.90 0.07112
12.60 0.07071
12.30 0.07037
12.00 0.07012
11.70 0.06975
11.40 0.06947
11.10 0.06923
10.80 0.06901
10.50 0.06882
10.20 0.06859
9.90 0.06829
9.60 0.06793
9.30 0.06757
9.00 0.06724
8.70 0.06692
8.40 0.06662
8.10 0.06632
7.80 0.06609
7.50 0.06580
7.20 0.06555
6.90 0.06532
6.60 0.06511
6.30 0.06485
6.00 0.06449
5.70 0.06412
5.40 0.06375
5.10 0.06340
4.80 0.06306
4.50 0.06273
4.20 0.06232
3.90 0.06192
3.60 0.06147
3.30 0.06100
3.00 0.06053
2.70 0.06004
2.40 0.05955
2.10 0.05904
1.80 0.05852
1.50 0.05796
1.20 0.05739
0.90 0.05678
0.60 0.05613
0.30 0.05543
0.00 0.05459
7.68 0.05608
7.57 0.05532
7.46 0.05564
7.35 0.05485
7.23 0.05452
7.12 0.05420
7.01 0.05391
6.90 0.05401
6.79 0.05395
6.68 0.05415
6.57 0.05446
6.46 0.05434
6.34 0.05409
6.23 0.05372
6.12 0.05352
6.01 0.05329
5.90 0.05314
5.79 0.05291
5.68 0.05270
5.57 0.05225
5.45 0.05199
5.34 0.05166
5.23 0.05153
5.12 0.05132
5.01 0.05106
4.90 0.05083
4.79 0.05063
4.67 0.05048
4.56 0.05020
4.45 0.04997
4.34 0.04982
4.23 0.04968
4.12 0.04943
4.01 0.04911
3.90 0.04885
3.78 0.04850
3.67 0.04825
3.56 0.04798
3.45 0.04772
3.34 0.04752
3.23 0.04726
3.12 0.04700
3.01 0.04680
2.89 0.04661
2.78 0.04643
2.67 0.04619
2.56 0.04596
2.45 0.04573
2.34 0.04549
2.23 0.04524
2.11 0.04497
2.00 0.04470
1.89 0.04444
1.78 0.04420
1.67 0.04395
1.56 0.04369
1.45 0.04343
1.34 0.04317
1.22 0.04290
1.11 0.04265
1.00 0.04238
0.89 0.04210
0.78 0.04179
0.67 0.04149
0.56 0.04115
0.45 0.04082
0.33 0.04046
0.22 0.04007
0.11 0.03963
0.00 0.03907
3.07 0.03935
3.03 0.03901
2.99 0.03844
2.95 0.03870
2.91 0.03884
2.86 0.03866
2.82 0.03821
2.78 0.03782
2.74 0.03761
2.70 0.03742
2.66 0.03703
2.62 0.03675
2.57 0.03640
2.53 0.03619
2.49 0.03600
2.45 0.03574
2.41 0.03560
2.37 0.03551
2.32 0.03543
2.28 0.03534
2.24 0.03520
2.20 0.03509
2.16 0.03497
2.12 0.03481
2.08 0.03457
2.03 0.03441
1.99 0.03427
1.95 0.03410
1.91 0.03396
1.87 0.03379
1.83 0.03370
1.79 0.03363
1.74 0.03349
1.70 0.03333
1.66 0.03318
1.62 0.03304
1.58 0.03293
1.54 0.03278
1.49 0.03263
1.45 0.03253
1.41 0.03247
1.37 0.03239
1.33 0.03227
1.29 0.03217
1.25 0.03204
1.20 0.03190
1.16 0.03172
1.12 0.03157
1.08 0.03144
1.04 0.03130
1.00 0.03114
0.95 0.03099
0.91 0.03080
0.87 0.03064
0.83 0.03048
0.79 0.03032
0.75 0.03019
0.71 0.03008
0.66 0.02994
0.62 0.02980
0.58 0.02965
0.54 0.02951
0.50 0.02934
0.46 0.02916
0.42 0.02899
0.37 0.02883
0.33 0.02866
0.29 0.02849
0.25 0.02832
0.21 0.02813
0.17 0.02793
0.12 0.02772
0.08 0.02748
0.04 0.02721
0.00 0.02686
1.23 0.02843
1.21 0.02866
1.20 0.02891
1.18 0.02872
1.17 0.02870
1.15 0.02826
1.14 0.02784
1.12 0.02746
1.10 0.02716
1.09 0.02700
1.07 0.02679
1.06 0.02646
1.04 0.02632
1.03 0.02621
1.01 0.02616
1.00 0.02604
0.98 0.02592
0.96 0.02576
0.95 0.02559
0.93 0.02535
0.92 0.02512
0.90 0.02490
0.89 0.02472
0.87 0.02455
0.86 0.02437
0.84 0.02424
0.82 0.02408
0.81 0.02395
0.79 0.02380
0.78 0.02364
0.76 0.02348
0.75 0.02332
0.73 0.02318
0.72 0.02305
0.70 0.02290
0.68 0.02275
0.67 0.02263
0.65 0.02250
0.64 0.02237
0.62 0.02224
0.61 0.02211
0.59 0.02197
0.58 0.02183
0.56 0.02170
0.54 0.02158
0.53 0.02142
0.51 0.02131
0.50 0.02119
0.48 0.02106
0.47 0.02093
0.45 0.02081
0.44 0.02069
0.42 0.02056
0.40 0.02042
0.39 0.02031
0.37 0.02019
0.36 0.02006
0.34 0.01993
0.33 0.01980
0.31 0.01967
0.30 0.01952
0.28 0.01938
0.26 0.01925
0.25 0.01912
0.23 0.01899
0.22 0.01885
0.20 0.01872
0.19 0.01859
0.17 0.01846
0.16 0.01832
0.14 0.01818
0.12 0.01803
0.11 0.01788
0.09 0.01773
0.08 0.01758
0.06 0.01742
0.05 0.01726
0.03 0.01709
0.02 0.01691
0.00 0.01671
0.49 0.01575
0.49 0.01580
0.48 0.01608
0.47 0.01587
0.47 0.01584
0.46 0.01572
0.46 0.01576
0.45 0.01569
0.44 0.01558
0.44 0.01551
0.43 0.01549
0.43 0.01546
0.42 0.01542
0.42 0.01539
0.41 0.01535
0.40 0.01527
0.40 0.01520
0.39 0.01513
0.39 0.01508
0.38 0.01504
0.37 0.01497
0.37 0.01492
0.36 0.01488
0.36 0.01485
0.35 0.01481
0.35 0.01475
0.34 0.01466
0.33 0.01460
0.33 0.01456
0.32 0.01451
0.32 0.01447
0.31 0.01442
0.30 0.01436
0.30 0.01430
0.29 0.01423
0.29 0.01419
0.28 0.01415
0.28 0.01408
0.27 0.01402
0.26 0.01396
0.26 0.01391
0.25 0.01385
0.25 0.01379
0.24 0.01374
0.23 0.01369
0.23 0.01362
0.22 0.01356
0.22 0.01349
0.21 0.01342
0.20 0.01335
0.20 0.01329
0.19 0.01323
0.19 0.01317
0.18 0.01311
0.18 0.01303
0.17 0.01296
0.16 0.01289
0.16 0.01283
0.15 0.01277
0.15 0.01270
0.14 0.01263
0.13 0.01257
0.13 0.01250
0.12 0.01244
0.12 0.01237
0.11 0.01230
0.11 0.01223
0.10 0.01216
0.09 0.01208
0.09 0.01201
0.08 0.01194
0.08 0.01187
0.07 0.01179
0.06 0.01171
0.06 0.01162
0.05 0.01154
0.05 0.01145
0.04 0.01137
0.04 0.01128
0.03 0.01119
0.02 0.01109
0.02 0.01099
0.01 0.01089
0.01 0.01078
0.00 0.01066
0.20 0.01021
0.19 0.01013
0.19 0.01012
0.19 0.01002
0.19 0.01001
0.19 0.00998
0.18 0.00993
0.18 0.00995
0.18 0.00991
0.18 0.00985
0.17 0.00982
0.17 0.00980
0.17 0.00976
0.17 0.00971
0.17 0.00965
0.16 0.00966
0.16 0.00962
0.16 0.00957
0.16 0.00955
0.15 0.00951
0.15 0.00949
0.15 0.00947
0.15 0.00947
0.15 0.00945
0.14 0.00942
0.14 0.00938
0.14 0.00938
0.14 0.00936
0.13 0.00935
0.13 0.00932
0.13 0.00932
0.13 0.00928
0.13 0.00924
0.12 0.00922
0.12 0.00921
0.12 0.00919
0.12 0.00916
0.11 0.00913
0.11 0.00910
0.11 0.00906
0.11 0.00902
0.11 0.00899
0.10 0.00896
0.10 0.00892
0.10 0.00887
0.10 0.00884
0.09 0.00880
0.09 0.00876
0.09 0.00872
0.09 0.00868
0.09 0.00864
0.08 0.00861
0.08 0.00857
0.08 0.00853
0.08 0.00849
0.08 0.00845
0.07 0.00842
0.07 0.00838
0.07 0.00835
0.07 0.00831
0.06 0.00826
0.06 0.00822
0.06 0.00817
0.06 0.00812
0.06 0.00808
0.05 0.00804
0.05 0.00800
0.05 0.00795
0.05 0.00790
0.04 0.00786
0.04 0.00781
0.04 0.00776
0.04 0.00772
0.04 0.00768
0.03 0.00763
0.03 0.00758
0.03 0.00753
0.03 0.00748
0.02 0.00742
0.02 0.00738
0.02 0.00733
0.02 0.00727
0.02 0.00722
0.01 0.00716
0.01 0.00711
0.01 0.00705
0.01 0.00699
0.00 0.00693
0.00 0.00687
0.00 0.00679
0.08 0.00606
0.08 0.00608
0.08 0.00603
0.08 0.00604
0.08 0.00608
0.07 0.00603
0.07 0.00603
0.07 0.00605
0.07 0.00605
0.07 0.00604
0.07 0.00606
0.07 0.00603
0.07 0.00603
0.07 0.00602
0.07 0.00603
0.07 0.00602
0.07 0.00599
0.06 0.00597
0.06 0.00594
0.06 0.00594
0.06 0.00592
0.06 0.00593
0.06 0.00592
0.06 0.00590
0.06 0.00588
0.06 0.00585
0.06 0.00582
0.06 0.00581
0.06 0.00579
0.05 0.00577
0.05 0.00576
0.05 0.00574
0.05 0.00573
0.05 0.00571
0.05 0.00569
0.05 0.00568
0.05 0.00567
0.05 0.00566
0.05 0.00564
0.05 0.00562
0.05 0.00560
0.04 0.00557
0.04 0.00555
0.04 0.00553
0.04 0.00551
0.04 0.00549
0.04 0.00547
0.04 0.00545
0.04 0.00544
0.04 0.00541
0.04 0.00538
0.04 0.00536
0.04 0.00534
0.03 0.00532
0.03 0.00529
0.03 0.00527
0.03 0.00526
0.03 0.00524
0.03 0.00522
0.03 0.00519
0.03 0.00517
0.03 0.00514
0.03 0.00512
0.03 0.00510
0.03 0.00507
0.02 0.00505
0.02 0.00502
0.02 0.00500
0.02 0.00497
0.02 0.00495
0.02 0.00493
0.02 0.00490
0.02 0.00488
0.02 0.00485
0.02 0.00483
0.02 0.00481
0.02 0.00478
0.01 0.00475
0.01 0.00472
0.01 0.00470
0.01 0.00467
0.01 0.00464
0.01 0.00462
0.01 0.00459
0.01 0.00456
0.01 0.00453
0.01 0.00450
0.01 0.00446
0.01 0.00443
0.00 0.00440
0.00 0.00436
0.00 0.00433
0.00 0.00429
0.00 0.00425
0.00 0.00421
0.00 0.01542
0.00 0.01026
0.00 0.00823
0.00 0.00690
0.00 0.00594
0.00 0.00544
0.00 0.00496
0.00 0.00468
0.00 0.00431
0.00 0.00401
0.00 0.00380
0.00 0.00362
0.00 0.00344
0.00 0.00328
0.00 0.00317
0.00 0.00307
0.00 0.00295
0.00 0.00284
0.00 0.00277
0.00 0.00268
0.00 0.00258
0.00 0.00252
0.00 0.00248
0.00 0.00242
0.00 0.00234
0.00 0.00228
0.00 0.00225
0.00 0.00220
0.00 0.00216
0.00 0.00212
0.00 0.00208
0.00 0.00205
0.00 0.00202
0.00 0.00198
0.00 0.00194
0.00 0.00190
0.00 0.00187
0.00 0.00183
0.00 0.00179
0.00 0.00176
0.00 0.00173
0.00 0.00171
0.00 0.00169
0.00 0.00167
0.00 0.00164
0.00 0.00162
0.00 0.00159
0.00 0.00157
0.00 0.00155
0.00 0.00154
0.00 0.00152
0.00 0.00151
0.00 0.00150
0.00 0.00148
0.00 0.00146
0.00 0.00144
0.00 0.00143
0.00 0.00141
0.00 0.00140
0.00 0.00138
0.00 0.00137
0.00 0.00136
0.00 0.00135
0.00 0.00134
0.00 0.00133
0.00 0.00132
0.00 0.00131
0.00 0.00130
0.00 0.00129
0.00 0.00128
0.00 0.00128
0.00 0.00127
0.00 0.00126
0.00 0.00126
0.00 0.00125
0.00 0.00125
0.00 0.00124
0.00 0.00123
0.00 0.00122
0.00 0.00121
0.00 0.00120
0.00 0.00119
0.00 0.00118
0.00 0.00118
0.00 0.00117
0.00 0.00116
0.00 0.00115
0.00 0.00115
0.00 0.00114
0.00 0.00113
0.00 0.00112
0.00 0.00112
0.00 0.00111
0.00 0.00110
0.00 0.00109
0.00 0.00109
0.00 0.00108
0.00 0.00107
0.00 0.00107
0.00 0.00106
