150.00 0.92510
133.33 0.92390
116.67 0.92380
100.00 0.92044
83.33 0.91123
66.67 0.90717
50.00 0.90037
33.33 0.86749
16.67 0.82639
0.00 0.74385
120.00 0.92325
106.67 0.91963
93.33 0.91855
80.00 0.91175
66.67 0.90878
53.33 0.89914
40.00 0.87592
26.67 0.84236
13.33 0.79775
0.00 0.71807
96.00 0.91640
85.33 0.91533
74.67 0.90518
64.00 0.89689
53.33 0.88882
42.67 0.87250
32.00 0.84453
21.33 0.80563
10.67 0.75952
0.00 0.68370
76.80 0.88750
68.27 0.88655
59.73 0.88023
51.20 0.86976
42.67 0.84591
34.13 0.81996
25.60 0.79020
17.07 0.75375
8.53 0.70862
0.00 0.63786
