300.00 0.47014
293.88 0.46391
287.76 0.45654
281.63 0.45168
275.51 0.44713
269.39 0.44388
263.27 0.44046
257.14 0.43688
251.02 0.43405
244.90 0.43112
238.78 0.42780
232.65 0.42468
226.53 0.42163
220.41 0.41843
214.29 0.41542
208.16 0.41194
202.04 0.40901
195.92 0.40602
189.80 0.40315
183.67 0.39986
177.55 0.39682
171.43 0.39333
165.31 0.39027
159.18 0.38720
153.06 0.38390
146.94 0.38048
140.82 0.37727
134.69 0.37384
128.57 0.37031
122.45 0.36676
116.33 0.36320
110.20 0.35968
104.08 0.35583
97.96 0.35208
91.84 0.34819
85.71 0.34445
79.59 0.34048
73.47 0.33650
67.35 0.33247
61.22 0.32820
55.10 0.32392
48.98 0.31959
42.86 0.31524
36.73 0.31099
30.61 0.30638
24.49 0.30168
18.37 0.29681
12.24 0.29186
6.12 0.28661
0.00 0.28091
120.00 0.25764
117.78 0.25893
115.56 0.25647
113.33 0.25468
111.11 0.25306
108.89 0.25089
106.67 0.24964
104.44 0.24826
102.22 0.24683
100.00 0.24490
97.78 0.24323
95.56 0.24130
93.33 0.23948
91.11 0.23765
88.89 0.23583
86.67 0.23412
84.44 0.23260
82.22 0.23095
80.00 0.22916
77.78 0.22758
75.56 0.22602
73.33 0.22408
71.11 0.22229
68.89 0.22037
66.67 0.21859
64.44 0.21650
62.22 0.21481
60.00 0.21290
57.78 0.21087
55.56 0.20882
53.33 0.20691
51.11 0.20489
48.89 0.20278
46.67 0.20091
44.44 0.19887
42.22 0.19691
40.00 0.19504
37.78 0.19295
35.56 0.19078
33.33 0.18864
31.11 0.18662
28.89 0.18450
26.67 0.18253
24.44 0.18032
22.22 0.17811
20.00 0.17595
17.78 0.17384
15.56 0.17165
13.33 0.16938
11.11 0.16707
8.89 0.16475
6.67 0.16238
4.44 0.15990
2.22 0.15735
0.00 0.15451
48.00 0.14437
47.19 0.13744
46.37 0.13656
45.56 0.13664
44.75 0.13634
43.93 0.13678
43.12 0.13544
42.31 0.13398
41.49 0.13293
40.68 0.13148
39.86 0.13050
39.05 0.13020
38.24 0.12915
37.42 0.12822
36.61 0.12737
35.80 0.12674
34.98 0.12595
34.17 0.12514
33.36 0.12425
32.54 0.12363
31.73 0.12275
30.92 0.12209
30.10 0.12158
29.29 0.12066
28.47 0.11996
27.66 0.11908
26.85 0.11819
26.03 0.11718
25.22 0.11648
24.41 0.11559
23.59 0.11450
22.78 0.11331
21.97 0.11214
21.15 0.11111
20.34 0.11008
19.53 0.10892
18.71 0.10781
17.90 0.10676
17.08 0.10575
16.27 0.10487
15.46 0.10394
14.64 0.10284
13.83 0.10179
13.02 0.10070
12.20 0.09962
11.39 0.09853
10.58 0.09745
9.76 0.09639
8.95 0.09534
8.14 0.09428
7.32 0.09323
6.51 0.09213
5.69 0.09101
4.88 0.08990
4.07 0.08879
3.25 0.08765
2.44 0.08650
1.63 0.08533
0.81 0.08410
0.00 0.08272
19.20 0.06962
18.90 0.06763
18.60 0.06824
18.30 0.06816
18.00 0.06737
17.70 0.06691
17.40 0.06718
17.10 0.06709
16.80 0.06708
16.50 0.06722
16.20 0.06732
15.90 0.06781
15.60 0.06807
15.30 0.06847
15.00 0.06864
14.70 0.06869
14.40 0.06853
14.10 0.06854
13.80 0.06849
13.50 0.06843
13.20 0.06851
12.90 0.06841
12.60 0.06831
12.30 0.06818
12.00 0.06806
11.70 0.06788
11.40 0.06755
11.10 0.06720
10.80 0.06704
10.50 0.06657
10.20 0.06632
9.90 0.06617
9.60 0.06594
9.30 0.06559
9.00 0.06520
8.70 0.06491
8.40 0.06475
8.10 0.06449
7.80 0.06410
7.50 0.06367
7.20 0.06327
6.90 0.06298
6.60 0.06258
6.30 0.06211
6.00 0.06163
5.70 0.06118
5.40 0.06077
5.10 0.06037
4.80 0.05994
4.50 0.05958
4.20 0.05922
3.90 0.05881
3.60 0.05839
3.30 0.05794
3.00 0.05752
2.70 0.05709
2.40 0.05660
2.10 0.05604
1.80 0.05549
1.50 0.05496
1.20 0.05444
0.90 0.05384
0.60 0.05320
0.30 0.05250
0.00 0.05170
7.68 0.05293
7.57 0.05241
7.46 0.05276
7.35 0.05241
7.23 0.05074
7.12 0.05039
7.01 0.05043
6.90 0.05040
6.79 0.05038
6.68 0.05051
6.57 0.05044
6.46 0.04983
6.34 0.04937
6.23 0.04885
6.12 0.04836
6.01 0.04800
5.90 0.04768
5.79 0.04733
5.68 0.04686
5.57 0.04642
5.45 0.04610
5.34 0.04580
5.23 0.04544
5.12 0.04499
5.01 0.04456
4.90 0.04422
4.79 0.04393
4.67 0.04374
4.56 0.04356
4.45 0.04335
4.34 0.04312
4.23 0.04289
4.12 0.04263
4.01 0.04235
3.90 0.04202
3.78 0.04173
3.67 0.04152
3.56 0.04125
3.45 0.04096
3.34 0.04064
3.23 0.04036
3.12 0.04008
3.01 0.03980
2.89 0.03952
2.78 0.03926
2.67 0.03899
2.56 0.03871
2.45 0.03842
2.34 0.03814
2.23 0.03786
2.11 0.03758
2.00 0.03730
1.89 0.03700
1.78 0.03673
1.67 0.03646
1.56 0.03617
1.45 0.03586
1.34 0.03557
1.22 0.03527
1.11 0.03497
1.00 0.03466
0.89 0.03435
0.78 0.03404
0.67 0.03370
0.56 0.03337
0.45 0.03303
0.33 0.03267
0.22 0.03230
0.11 0.03191
0.00 0.03146
3.07 0.02832
3.03 0.02840
2.99 0.02784
2.95 0.02769
2.91 0.02747
2.86 0.02742
2.82 0.02743
2.78 0.02731
2.74 0.02717
2.70 0.02703
2.66 0.02690
2.62 0.02678
2.57 0.02662
2.53 0.02643
2.49 0.02638
2.45 0.02632
2.41 0.02624
2.37 0.02617
2.32 0.02608
2.28 0.02596
2.24 0.02583
2.20 0.02574
2.16 0.02564
2.12 0.02554
2.08 0.02544
2.03 0.02535
1.99 0.02527
1.95 0.02519
1.91 0.02508
1.87 0.02495
1.83 0.02484
1.79 0.02474
1.74 0.02465
1.70 0.02455
1.66 0.02446
1.62 0.02434
1.58 0.02420
1.54 0.02409
1.49 0.02397
1.45 0.02387
1.41 0.02377
1.37 0.02366
1.33 0.02354
1.29 0.02340
1.25 0.02326
1.20 0.02312
1.16 0.02300
1.12 0.02286
1.08 0.02271
1.04 0.02256
1.00 0.02244
0.95 0.02232
0.91 0.02218
0.87 0.02205
0.83 0.02190
0.79 0.02177
0.75 0.02162
0.71 0.02147
0.66 0.02131
0.62 0.02117
0.58 0.02102
0.54 0.02087
0.50 0.02071
0.46 0.02055
0.42 0.02039
0.37 0.02022
0.33 0.02005
0.29 0.01988
0.25 0.01971
0.21 0.01953
0.17 0.01934
0.12 0.01913
0.08 0.01893
0.04 0.01872
0.00 0.01848
1.23 0.01778
1.21 0.01773
1.20 0.01762
1.18 0.01735
1.17 0.01723
1.15 0.01717
1.14 0.01711
1.12 0.01707
1.10 0.01696
1.09 0.01690
1.07 0.01684
1.06 0.01681
1.04 0.01677
1.03 0.01670
1.01 0.01665
1.00 0.01664
0.98 0.01659
0.96 0.01654
0.95 0.01647
0.93 0.01641
0.92 0.01634
0.90 0.01627
0.89 0.01620
0.87 0.01614
0.86 0.01611
0.84 0.01606
0.82 0.01602
0.81 0.01597
0.79 0.01590
0.78 0.01587
0.76 0.01580
0.75 0.01574
0.73 0.01570
0.72 0.01565
0.70 0.01559
0.68 0.01554
0.67 0.01546
0.65 0.01539
0.64 0.01532
0.62 0.01525
0.61 0.01519
0.59 0.01513
0.58 0.01505
0.56 0.01495
0.54 0.01489
0.53 0.01482
0.51 0.01475
0.50 0.01467
0.48 0.01460
0.47 0.01453
0.45 0.01445
0.44 0.01438
0.42 0.01430
0.40 0.01422
0.39 0.01415
0.37 0.01407
0.36 0.01399
0.34 0.01392
0.33 0.01384
0.31 0.01376
0.30 0.01368
0.28 0.01360
0.26 0.01352
0.25 0.01344
0.23 0.01334
0.22 0.01325
0.20 0.01316
0.19 0.01307
0.17 0.01298
0.16 0.01289
0.14 0.01279
0.12 0.01269
0.11 0.01259
0.09 0.01249
0.08 0.01238
0.06 0.01228
0.05 0.01216
0.03 0.01204
0.02 0.01191
0.00 0.01177
0.49 0.01103
0.49 0.01106
0.48 0.01093
0.47 0.01105
0.47 0.01102
0.46 0.01093
0.46 0.01091
0.45 0.01091
0.44 0.01089
0.44 0.01078
0.43 0.01074
0.43 0.01075
0.42 0.01074
0.42 0.01071
0.41 0.01069
0.40 0.01062
0.40 0.01061
0.39 0.01058
0.39 0.01055
0.38 0.01050
0.37 0.01049
0.37 0.01045
0.36 0.01040
0.36 0.01036
0.35 0.01031
0.35 0.01029
0.34 0.01026
0.33 0.01024
0.33 0.01019
0.32 0.01016
0.32 0.01012
0.31 0.01009
0.30 0.01005
0.30 0.01000
0.29 0.00996
0.29 0.00993
0.28 0.00988
0.28 0.00983
0.27 0.00977
0.26 0.00974
0.26 0.00971
0.25 0.00966
0.25 0.00963
0.24 0.00958
0.23 0.00954
0.23 0.00950
0.22 0.00946
0.22 0.00941
0.21 0.00936
0.20 0.00932
0.20 0.00927
0.19 0.00923
0.19 0.00920
0.18 0.00915
0.18 0.00910
0.17 0.00906
0.16 0.00902
0.16 0.00897
0.15 0.00893
0.15 0.00889
0.14 0.00884
0.13 0.00879
0.13 0.00874
0.12 0.00869
0.12 0.00864
0.11 0.00859
0.11 0.00854
0.10 0.00849
0.09 0.00843
0.09 0.00838
0.08 0.00832
0.08 0.00827
0.07 0.00822
0.06 0.00816
0.06 0.00810
0.05 0.00804
0.05 0.00798
0.04 0.00792
0.04 0.00785
0.03 0.00779
0.02 0.00772
0.02 0.00765
0.01 0.00758
0.01 0.00750
0.00 0.00742
0.20 0.00674
0.19 0.00692
0.19 0.00702
0.19 0.00696
0.19 0.00689
0.19 0.00689
0.18 0.00684
0.18 0.00687
0.18 0.00692
0.18 0.00690
0.17 0.00688
0.17 0.00689
0.17 0.00688
0.17 0.00686
0.17 0.00684
0.16 0.00683
0.16 0.00682
0.16 0.00680
0.16 0.00678
0.15 0.00675
0.15 0.00673
0.15 0.00667
0.15 0.00665
0.15 0.00664
0.14 0.00663
0.14 0.00663
0.14 0.00661
0.14 0.00657
0.13 0.00655
0.13 0.00653
0.13 0.00652
0.13 0.00649
0.13 0.00648
0.12 0.00645
0.12 0.00643
0.12 0.00641
0.12 0.00639
0.11 0.00637
0.11 0.00635
0.11 0.00632
0.11 0.00628
0.11 0.00626
0.10 0.00624
0.10 0.00621
0.10 0.00619
0.10 0.00617
0.09 0.00614
0.09 0.00611
0.09 0.00609
0.09 0.00607
0.09 0.00604
0.08 0.00602
0.08 0.00599
0.08 0.00597
0.08 0.00594
0.08 0.00590
0.07 0.00588
0.07 0.00585
0.07 0.00582
0.07 0.00580
0.06 0.00577
0.06 0.00574
0.06 0.00572
0.06 0.00569
0.06 0.00566
0.05 0.00562
0.05 0.00560
0.05 0.00556
0.05 0.00552
0.04 0.00550
0.04 0.00547
0.04 0.00543
0.04 0.00540
0.04 0.00536
0.03 0.00533
0.03 0.00530
0.03 0.00526
0.03 0.00523
0.02 0.00520
0.02 0.00516
0.02 0.00512
0.02 0.00509
0.02 0.00505
0.01 0.00502
0.01 0.00498
0.01 0.00494
0.01 0.00490
0.00 0.00485
0.00 0.00481
0.00 0.00475
0.08 0.00441
0.08 0.00435
0.08 0.00434
0.08 0.00435
0.08 0.00434
0.07 0.00441
0.07 0.00444
0.07 0.00442
0.07 0.00441
0.07 0.00437
0.07 0.00435
0.07 0.00433
0.07 0.00432
0.07 0.00432
0.07 0.00432
0.07 0.00431
0.07 0.00430
0.06 0.00430
0.06 0.00428
0.06 0.00428
0.06 0.00425
0.06 0.00424
0.06 0.00423
0.06 0.00422
0.06 0.00421
0.06 0.00420
0.06 0.00418
0.06 0.00417
0.06 0.00415
0.05 0.00413
0.05 0.00413
0.05 0.00412
0.05 0.00410
0.05 0.00408
0.05 0.00406
0.05 0.00405
0.05 0.00404
0.05 0.00403
0.05 0.00401
0.05 0.00400
0.05 0.00398
0.04 0.00397
0.04 0.00396
0.04 0.00396
0.04 0.00394
0.04 0.00393
0.04 0.00392
0.04 0.00390
0.04 0.00389
0.04 0.00387
0.04 0.00386
0.04 0.00385
0.04 0.00383
0.03 0.00382
0.03 0.00381
0.03 0.00379
0.03 0.00377
0.03 0.00376
0.03 0.00374
0.03 0.00373
0.03 0.00371
0.03 0.00369
0.03 0.00368
0.03 0.00367
0.03 0.00365
0.02 0.00363
0.02 0.00361
0.02 0.00359
0.02 0.00358
0.02 0.00356
0.02 0.00354
0.02 0.00353
0.02 0.00351
0.02 0.00348
0.02 0.00346
0.02 0.00344
0.02 0.00343
0.01 0.00341
0.01 0.00339
0.01 0.00337
0.01 0.00335
0.01 0.00333
0.01 0.00331
0.01 0.00329
0.01 0.00326
0.01 0.00324
0.01 0.00322
0.01 0.00319
0.01 0.00317
0.00 0.00315
0.00 0.00312
0.00 0.00310
0.00 0.00307
0.00 0.00304
0.00 0.00301
0.00 0.01087
0.00 0.00781
0.00 0.00635
0.00 0.00541
0.00 0.00494
0.00 0.00450
0.00 0.00426
0.00 0.00405
0.00 0.00383
0.00 0.00358
0.00 0.00343
0.00 0.00320
0.00 0.00308
0.00 0.00294
0.00 0.00282
0.00 0.00277
0.00 0.00269
0.00 0.00260
0.00 0.00252
0.00 0.00245
0.00 0.00240
0.00 0.00236
0.00 0.00233
0.00 0.00231
0.00 0.00225
0.00 0.00219
0.00 0.00214
0.00 0.00210
0.00 0.00207
0.00 0.00202
0.00 0.00199
0.00 0.00195
0.00 0.00191
0.00 0.00189
0.00 0.00186
0.00 0.00184
0.00 0.00183
0.00 0.00180
0.00 0.00177
0.00 0.00175
0.00 0.00173
0.00 0.00172
0.00 0.00168
0.00 0.00166
0.00 0.00163
0.00 0.00163
0.00 0.00161
0.00 0.00159
0.00 0.00157
0.00 0.00156
0.00 0.00155
0.00 0.00152
0.00 0.00151
0.00 0.00149
0.00 0.00147
0.00 0.00146
0.00 0.00145
0.00 0.00143
0.00 0.00142
0.00 0.00140
0.00 0.00139
0.00 0.00137
0.00 0.00137
0.00 0.00136
0.00 0.00135
0.00 0.00133
0.00 0.00133
0.00 0.00131
0.00 0.00130
0.00 0.00129
0.00 0.00128
0.00 0.00128
0.00 0.00127
0.00 0.00126
0.00 0.00125
0.00 0.00123
0.00 0.00122
0.00 0.00121
0.00 0.00120
0.00 0.00119
0.00 0.00119
0.00 0.00118
0.00 0.00117
0.00 0.00115
0.00 0.00114
0.00 0.00114
0.00 0.00113
0.00 0.00113
0.00 0.00113
0.00 0.00112
0.00 0.00111
0.00 0.00110
0.00 0.00109
0.00 0.00108
0.00 0.00108
0.00 0.00107
0.00 0.00107
0.00 0.00106
0.00 0.00105
0.00 0.00105
