150.00 0.94660
133.33 0.94795
116.67 0.94773
100.00 0.94778
83.33 0.94643
66.67 0.94658
50.00 0.94602
33.33 0.94539
16.67 0.94321
0.00 0.85076
120.00 0.94200
106.67 0.94317
93.33 0.94358
80.00 0.94458
66.67 0.94447
53.33 0.94331
40.00 0.94215
26.67 0.94256
13.33 0.94183
0.00 0.84855
96.00 0.95315
85.33 0.94700
74.67 0.94708
64.00 0.94806
53.33 0.94761
42.67 0.94754
32.00 0.94599
21.33 0.94523
10.67 0.94279
0.00 0.85006
76.80 0.94860
68.27 0.94690
59.73 0.94777
51.20 0.94749
42.67 0.94748
34.13 0.94715
25.60 0.94644
17.07 0.94564
8.53 0.94343
0.00 0.85001
