150.00 0.95630
133.33 0.95112
116.67 0.95308
100.00 0.95209
83.33 0.95134
66.67 0.95052
50.00 0.94962
33.33 0.94950
16.67 0.94842
0.00 0.85362
120.00 0.94655
106.67 0.95115
93.33 0.95137
80.00 0.95032
66.67 0.95164
53.33 0.95124
40.00 0.95129
26.67 0.94930
13.33 0.94606
0.00 0.85175
96.00 0.95040
85.33 0.95285
74.67 0.95082
64.00 0.95036
53.33 0.94958
42.67 0.94962
32.00 0.94844
21.33 0.94766
10.67 0.93932
0.00 0.84579
76.80 0.95100
68.27 0.95183
59.73 0.95302
51.20 0.95139
42.67 0.95079
34.13 0.95083
25.60 0.94970
17.07 0.94663
8.53 0.93616
0.00 0.84261
