150.00 0.91210
133.33 0.90660
116.67 0.90348
100.00 0.89600
83.33 0.89188
66.67 0.88520
50.00 0.86329
33.33 0.83189
16.67 0.78467
0.00 0.70635
120.00 0.89560
106.67 0.89775
93.33 0.89273
80.00 0.88782
66.67 0.88141
53.33 0.86550
40.00 0.83801
26.67 0.80053
13.33 0.75266
0.00 0.67763
96.00 0.87765
85.33 0.88215
74.67 0.87368
64.00 0.86626
53.33 0.85168
42.67 0.81991
32.00 0.78751
21.33 0.74833
10.67 0.70121
0.00 0.63133
76.80 0.83540
68.27 0.84260
59.73 0.83237
51.20 0.82789
42.67 0.79960
34.13 0.76809
25.60 0.73165
17.07 0.69338
8.53 0.64624
0.00 0.58186
