150.00 0.94480
133.33 0.93995
116.67 0.93707
100.00 0.93351
83.33 0.92984
66.67 0.92977
50.00 0.92216
33.33 0.90701
16.67 0.88017
0.00 0.79219
120.00 0.93320
106.67 0.93625
93.33 0.93357
80.00 0.93053
66.67 0.92721
53.33 0.92047
40.00 0.91160
26.67 0.89227
13.33 0.86355
0.00 0.77724
96.00 0.93085
85.33 0.92758
74.67 0.92337
64.00 0.91481
53.33 0.91039
42.67 0.90243
32.00 0.88434
21.33 0.86336
10.67 0.83357
0.00 0.75026
76.80 0.91735
68.27 0.90355
59.73 0.90140
51.20 0.89316
42.67 0.88485
34.13 0.87118
25.60 0.85004
17.07 0.82893
8.53 0.79995
0.00 0.72001
