300.00 0.49361
293.88 0.47206
287.76 0.46119
281.63 0.45902
275.51 0.45268
269.39 0.44796
263.27 0.44399
257.14 0.44099
251.02 0.43791
244.90 0.43406
238.78 0.43009
232.65 0.42672
226.53 0.42300
220.41 0.41931
214.29 0.41593
208.16 0.41244
202.04 0.40924
195.92 0.40542
189.80 0.40225
183.67 0.39911
177.55 0.39603
171.43 0.39281
165.31 0.38948
159.18 0.38643
153.06 0.38328
146.94 0.37977
140.82 0.37644
134.69 0.37301
128.57 0.36949
122.45 0.36600
116.33 0.36246
110.20 0.35894
104.08 0.35531
97.96 0.35164
91.84 0.34784
85.71 0.34401
79.59 0.34003
73.47 0.33605
67.35 0.33194
61.22 0.32778
55.10 0.32363
48.98 0.31934
42.86 0.31494
36.73 0.31035
30.61 0.30564
24.49 0.30086
18.37 0.29599
12.24 0.29094
6.12 0.28579
0.00 0.28012
120.00 0.26017
117.78 0.25651
115.56 0.25356
113.33 0.25195
111.11 0.25080
108.89 0.24918
106.67 0.24771
104.44 0.24649
102.22 0.24448
100.00 0.24280
97.78 0.24113
95.56 0.24005
93.33 0.23834
91.11 0.23685
88.89 0.23476
86.67 0.23315
84.44 0.23159
82.22 0.22975
80.00 0.22782
77.78 0.22583
75.56 0.22435
73.33 0.22263
71.11 0.22094
68.89 0.21915
66.67 0.21741
64.44 0.21551
62.22 0.21348
60.00 0.21144
57.78 0.20957
55.56 0.20777
53.33 0.20567
51.11 0.20373
48.89 0.20188
46.67 0.19999
44.44 0.19810
42.22 0.19612
40.00 0.19407
37.78 0.19222
35.56 0.19029
33.33 0.18842
31.11 0.18657
28.89 0.18472
26.67 0.18278
24.44 0.18087
22.22 0.17889
20.00 0.17695
17.78 0.17494
15.56 0.17290
13.33 0.17085
11.11 0.16887
8.89 0.16692
6.67 0.16487
4.44 0.16261
2.22 0.16015
0.00 0.15727
48.00 0.14721
47.19 0.14711
46.37 0.14414
45.56 0.14200
44.75 0.14157
43.93 0.14090
43.12 0.13857
42.31 0.13718
41.49 0.13583
40.68 0.13462
39.86 0.13376
39.05 0.13245
38.24 0.13102
37.42 0.13039
36.61 0.12959
35.80 0.12910
34.98 0.12854
34.17 0.12779
33.36 0.12733
32.54 0.12644
31.73 0.12569
30.92 0.12479
30.10 0.12422
29.29 0.12358
28.47 0.12295
27.66 0.12232
26.85 0.12130
26.03 0.12020
25.22 0.11925
24.41 0.11818
23.59 0.11718
22.78 0.11622
21.97 0.11520
21.15 0.11416
20.34 0.11334
19.53 0.11253
18.71 0.11163
17.90 0.11076
17.08 0.10984
16.27 0.10898
15.46 0.10808
14.64 0.10722
13.83 0.10626
13.02 0.10536
12.20 0.10439
11.39 0.10342
10.58 0.10246
9.76 0.10147
8.95 0.10042
8.14 0.09935
7.32 0.09828
6.51 0.09720
5.69 0.09609
4.88 0.09495
4.07 0.09382
3.25 0.09265
2.44 0.09147
1.63 0.09023
0.81 0.08895
0.00 0.08749
19.20 0.07425
18.90 0.07454
18.60 0.07416
18.30 0.07435
18.00 0.07432
17.70 0.07424
17.40 0.07372
17.10 0.07300
16.80 0.07235
16.50 0.07179
16.20 0.07100
15.90 0.07051
15.60 0.06996
15.30 0.06962
15.00 0.06919
14.70 0.06873
14.40 0.06816
14.10 0.06769
13.80 0.06726
13.50 0.06684
13.20 0.06652
12.90 0.06613
12.60 0.06568
12.30 0.06520
12.00 0.06481
11.70 0.06432
11.40 0.06388
11.10 0.06353
10.80 0.06312
10.50 0.06271
10.20 0.06233
9.90 0.06198
9.60 0.06158
9.30 0.06120
9.00 0.06078
8.70 0.06037
8.40 0.05996
8.10 0.05957
7.80 0.05916
7.50 0.05876
7.20 0.05832
6.90 0.05790
6.60 0.05751
6.30 0.05707
6.00 0.05664
5.70 0.05621
5.40 0.05577
5.10 0.05534
4.80 0.05491
4.50 0.05444
4.20 0.05400
3.90 0.05359
3.60 0.05313
3.30 0.05267
3.00 0.05218
2.70 0.05170
2.40 0.05123
2.10 0.05072
1.80 0.05023
1.50 0.04972
1.20 0.04919
0.90 0.04863
0.60 0.04804
0.30 0.04742
0.00 0.04670
7.68 0.04411
7.57 0.04369
7.46 0.04361
7.35 0.04354
7.23 0.04329
7.12 0.04321
7.01 0.04313
6.90 0.04317
6.79 0.04304
6.68 0.04285
6.57 0.04278
6.46 0.04255
6.34 0.04231
6.23 0.04207
6.12 0.04177
6.01 0.04147
5.90 0.04128
5.79 0.04101
5.68 0.04077
5.57 0.04055
5.45 0.04036
5.34 0.04018
5.23 0.03998
5.12 0.03975
5.01 0.03955
4.90 0.03934
4.79 0.03916
4.67 0.03892
4.56 0.03869
4.45 0.03846
4.34 0.03827
4.23 0.03803
4.12 0.03781
4.01 0.03758
3.90 0.03735
3.78 0.03716
3.67 0.03697
3.56 0.03677
3.45 0.03658
3.34 0.03636
3.23 0.03617
3.12 0.03596
3.01 0.03574
2.89 0.03550
2.78 0.03527
2.67 0.03505
2.56 0.03481
2.45 0.03456
2.34 0.03431
2.23 0.03408
2.11 0.03384
2.00 0.03359
1.89 0.03335
1.78 0.03311
1.67 0.03287
1.56 0.03262
1.45 0.03236
1.34 0.03210
1.22 0.03184
1.11 0.03158
1.00 0.03131
0.89 0.03103
0.78 0.03075
0.67 0.03044
0.56 0.03014
0.45 0.02984
0.33 0.02952
0.22 0.02919
0.11 0.02884
0.00 0.02843
3.07 0.02469
3.03 0.02525
2.99 0.02564
2.95 0.02561
2.91 0.02573
2.86 0.02572
2.82 0.02569
2.78 0.02569
2.74 0.02564
2.70 0.02561
2.66 0.02557
2.62 0.02560
2.57 0.02548
2.53 0.02543
2.49 0.02529
2.45 0.02522
2.41 0.02511
2.37 0.02497
2.32 0.02489
2.28 0.02482
2.24 0.02473
2.20 0.02461
2.16 0.02452
2.12 0.02442
2.08 0.02433
2.03 0.02424
1.99 0.02413
1.95 0.02402
1.91 0.02391
1.87 0.02378
1.83 0.02366
1.79 0.02358
1.74 0.02348
1.70 0.02339
1.66 0.02328
1.62 0.02318
1.58 0.02308
1.54 0.02296
1.49 0.02285
1.45 0.02272
1.41 0.02261
1.37 0.02249
1.33 0.02236
1.29 0.02226
1.25 0.02215
1.20 0.02203
1.16 0.02190
1.12 0.02177
1.08 0.02165
1.04 0.02152
1.00 0.02141
0.95 0.02126
0.91 0.02114
0.87 0.02101
0.83 0.02087
0.79 0.02074
0.75 0.02062
0.71 0.02049
0.66 0.02034
0.62 0.02021
0.58 0.02006
0.54 0.01992
0.50 0.01978
0.46 0.01963
0.42 0.01947
0.37 0.01932
0.33 0.01915
0.29 0.01898
0.25 0.01881
0.21 0.01864
0.17 0.01846
0.12 0.01828
0.08 0.01809
0.04 0.01788
0.00 0.01765
1.23 0.01687
1.21 0.01663
1.20 0.01682
1.18 0.01674
1.17 0.01659
1.15 0.01657
1.14 0.01655
1.12 0.01641
1.10 0.01641
1.09 0.01641
1.07 0.01639
1.06 0.01630
1.04 0.01622
1.03 0.01613
1.01 0.01608
1.00 0.01609
0.98 0.01605
0.96 0.01599
0.95 0.01591
0.93 0.01586
0.92 0.01576
0.90 0.01569
0.89 0.01561
0.87 0.01559
0.86 0.01553
0.84 0.01545
0.82 0.01539
0.81 0.01532
0.79 0.01525
0.78 0.01517
0.76 0.01513
0.75 0.01505
0.73 0.01498
0.72 0.01490
0.70 0.01483
0.68 0.01477
0.67 0.01469
0.65 0.01462
0.64 0.01455
0.62 0.01448
0.61 0.01441
0.59 0.01434
0.58 0.01428
0.56 0.01421
0.54 0.01413
0.53 0.01406
0.51 0.01398
0.50 0.01391
0.48 0.01384
0.47 0.01377
0.45 0.01370
0.44 0.01363
0.42 0.01357
0.40 0.01350
0.39 0.01342
0.37 0.01333
0.36 0.01326
0.34 0.01319
0.33 0.01311
0.31 0.01303
0.30 0.01296
0.28 0.01288
0.26 0.01280
0.25 0.01272
0.23 0.01264
0.22 0.01254
0.20 0.01246
0.19 0.01237
0.17 0.01228
0.16 0.01219
0.14 0.01209
0.12 0.01200
0.11 0.01190
0.09 0.01180
0.08 0.01170
0.06 0.01159
0.05 0.01148
0.03 0.01137
0.02 0.01125
0.00 0.01111
0.49 0.00985
0.49 0.00992
0.48 0.01008
0.47 0.01006
0.47 0.01002
0.46 0.01004
0.46 0.01017
0.45 0.01021
0.44 0.01020
0.44 0.01021
0.43 0.01021
0.43 0.01018
0.42 0.01014
0.42 0.01011
0.41 0.01007
0.40 0.01002
0.40 0.00999
0.39 0.00994
0.39 0.00992
0.38 0.00989
0.37 0.00984
0.37 0.00981
0.36 0.00978
0.36 0.00974
0.35 0.00969
0.35 0.00966
0.34 0.00963
0.33 0.00961
0.33 0.00958
0.32 0.00954
0.32 0.00951
0.31 0.00947
0.30 0.00945
0.30 0.00941
0.29 0.00938
0.29 0.00934
0.28 0.00930
0.28 0.00925
0.27 0.00922
0.26 0.00919
0.26 0.00915
0.25 0.00912
0.25 0.00907
0.24 0.00904
0.23 0.00901
0.23 0.00897
0.22 0.00893
0.22 0.00889
0.21 0.00886
0.20 0.00881
0.20 0.00877
0.19 0.00873
0.19 0.00868
0.18 0.00863
0.18 0.00859
0.17 0.00855
0.16 0.00850
0.16 0.00846
0.15 0.00842
0.15 0.00838
0.14 0.00833
0.13 0.00829
0.13 0.00825
0.12 0.00820
0.12 0.00815
0.11 0.00810
0.11 0.00805
0.10 0.00800
0.09 0.00795
0.09 0.00789
0.08 0.00784
0.08 0.00779
0.07 0.00774
0.06 0.00768
0.06 0.00762
0.05 0.00757
0.05 0.00751
0.04 0.00745
0.04 0.00739
0.03 0.00733
0.02 0.00727
0.02 0.00721
0.01 0.00714
0.01 0.00707
0.00 0.00699
0.20 0.00666
0.19 0.00645
0.19 0.00653
0.19 0.00658
0.19 0.00654
0.19 0.00654
0.18 0.00647
0.18 0.00643
0.18 0.00645
0.18 0.00645
0.17 0.00644
0.17 0.00641
0.17 0.00639
0.17 0.00640
0.17 0.00637
0.16 0.00638
0.16 0.00638
0.16 0.00638
0.16 0.00637
0.15 0.00635
0.15 0.00632
0.15 0.00629
0.15 0.00627
0.15 0.00623
0.14 0.00621
0.14 0.00621
0.14 0.00617
0.14 0.00614
0.13 0.00613
0.13 0.00611
0.13 0.00608
0.13 0.00606
0.13 0.00603
0.12 0.00601
0.12 0.00598
0.12 0.00594
0.12 0.00592
0.11 0.00590
0.11 0.00587
0.11 0.00585
0.11 0.00583
0.11 0.00581
0.10 0.00579
0.10 0.00576
0.10 0.00575
0.10 0.00573
0.09 0.00571
0.09 0.00569
0.09 0.00565
0.09 0.00563
0.09 0.00560
0.08 0.00558
0.08 0.00556
0.08 0.00554
0.08 0.00551
0.08 0.00549
0.07 0.00546
0.07 0.00543
0.07 0.00541
0.07 0.00538
0.06 0.00535
0.06 0.00533
0.06 0.00530
0.06 0.00528
0.06 0.00525
0.05 0.00523
0.05 0.00520
0.05 0.00517
0.05 0.00514
0.04 0.00512
0.04 0.00508
0.04 0.00506
0.04 0.00502
0.04 0.00499
0.03 0.00497
0.03 0.00494
0.03 0.00491
0.03 0.00487
0.02 0.00484
0.02 0.00481
0.02 0.00477
0.02 0.00473
0.02 0.00470
0.01 0.00466
0.01 0.00463
0.01 0.00459
0.01 0.00455
0.00 0.00451
0.00 0.00447
0.00 0.00442
0.08 0.00427
0.08 0.00400
0.08 0.00398
0.08 0.00392
0.08 0.00399
0.07 0.00395
0.07 0.00397
0.07 0.00394
0.07 0.00400
0.07 0.00395
0.07 0.00398
0.07 0.00399
0.07 0.00399
0.07 0.00399
0.07 0.00398
0.07 0.00398
0.07 0.00395
0.06 0.00394
0.06 0.00395
0.06 0.00392
0.06 0.00391
0.06 0.00389
0.06 0.00389
0.06 0.00388
0.06 0.00388
0.06 0.00386
0.06 0.00385
0.06 0.00384
0.06 0.00383
0.05 0.00382
0.05 0.00381
0.05 0.00379
0.05 0.00378
0.05 0.00376
0.05 0.00374
0.05 0.00373
0.05 0.00372
0.05 0.00371
0.05 0.00369
0.05 0.00368
0.05 0.00367
0.04 0.00367
0.04 0.00365
0.04 0.00364
0.04 0.00363
0.04 0.00362
0.04 0.00360
0.04 0.00359
0.04 0.00358
0.04 0.00356
0.04 0.00355
0.04 0.00353
0.04 0.00352
0.03 0.00351
0.03 0.00348
0.03 0.00347
0.03 0.00346
0.03 0.00344
0.03 0.00343
0.03 0.00342
0.03 0.00340
0.03 0.00339
0.03 0.00338
0.03 0.00336
0.03 0.00334
0.02 0.00332
0.02 0.00331
0.02 0.00330
0.02 0.00328
0.02 0.00327
0.02 0.00325
0.02 0.00323
0.02 0.00322
0.02 0.00320
0.02 0.00318
0.02 0.00317
0.02 0.00315
0.01 0.00313
0.01 0.00312
0.01 0.00310
0.01 0.00308
0.01 0.00306
0.01 0.00304
0.01 0.00302
0.01 0.00300
0.01 0.00298
0.01 0.00296
0.01 0.00294
0.01 0.00292
0.00 0.00289
0.00 0.00287
0.00 0.00285
0.00 0.00282
0.00 0.00280
0.00 0.00277
0.00 0.00830
0.00 0.00592
0.00 0.00470
0.00 0.00402
0.00 0.00337
0.00 0.00292
0.00 0.00264
0.00 0.00242
0.00 0.00227
0.00 0.00211
0.00 0.00201
0.00 0.00193
0.00 0.00186
0.00 0.00177
0.00 0.00171
0.00 0.00168
0.00 0.00162
0.00 0.00158
0.00 0.00153
0.00 0.00149
0.00 0.00148
0.00 0.00146
0.00 0.00144
0.00 0.00140
0.00 0.00136
0.00 0.00131
0.00 0.00128
0.00 0.00126
0.00 0.00123
0.00 0.00121
0.00 0.00119
0.00 0.00117
0.00 0.00116
0.00 0.00113
0.00 0.00111
0.00 0.00109
0.00 0.00107
0.00 0.00105
0.00 0.00103
0.00 0.00101
0.00 0.00100
0.00 0.00099
0.00 0.00098
0.00 0.00098
0.00 0.00097
0.00 0.00095
0.00 0.00094
0.00 0.00093
0.00 0.00092
0.00 0.00092
0.00 0.00091
0.00 0.00090
0.00 0.00089
0.00 0.00089
0.00 0.00088
0.00 0.00087
0.00 0.00086
0.00 0.00084
0.00 0.00083
0.00 0.00082
0.00 0.00081
0.00 0.00080
0.00 0.00079
0.00 0.00078
0.00 0.00077
0.00 0.00077
0.00 0.00077
0.00 0.00076
0.00 0.00076
0.00 0.00076
0.00 0.00075
0.00 0.00075
0.00 0.00074
0.00 0.00074
0.00 0.00074
0.00 0.00074
0.00 0.00073
0.00 0.00073
0.00 0.00073
0.00 0.00073
0.00 0.00073
0.00 0.00073
0.00 0.00072
0.00 0.00072
0.00 0.00072
0.00 0.00071
0.00 0.00071
0.00 0.00070
0.00 0.00070
0.00 0.00070
0.00 0.00069
0.00 0.00069
0.00 0.00068
0.00 0.00067
0.00 0.00067
0.00 0.00066
0.00 0.00066
0.00 0.00065
0.00 0.00065
0.00 0.00064
