25.00 0.94605
22.22 0.94690
19.44 0.94835
16.67 0.94729
13.89 0.94677
11.11 0.94784
8.33 0.94621
5.56 0.94512
2.78 0.93879
0.00 0.84524
20.00 0.94475
17.78 0.94445
15.56 0.94518
13.33 0.94773
11.11 0.94707
8.89 0.94611
6.67 0.94544
4.44 0.94289
2.22 0.92839
0.00 0.83559
16.00 0.94455
14.22 0.95017
12.44 0.94913
10.67 0.94609
8.89 0.94603
7.11 0.94487
5.33 0.94490
3.56 0.94233
1.78 0.92438
0.00 0.83203
12.80 0.94095
11.38 0.94245
9.96 0.94375
8.53 0.94414
7.11 0.94292
5.69 0.94079
4.27 0.93862
2.84 0.93167
1.42 0.90027
0.00 0.81034
