150.00 0.94960
133.33 0.94680
116.67 0.94482
100.00 0.94550
83.33 0.94388
66.67 0.94199
50.00 0.93951
33.33 0.93583
16.67 0.92502
0.00 0.83347
120.00 0.93935
106.67 0.93822
93.33 0.93852
80.00 0.93805
66.67 0.93823
53.33 0.93746
40.00 0.93581
26.67 0.93236
13.33 0.91099
0.00 0.82034
96.00 0.93950
85.33 0.94058
74.67 0.93853
64.00 0.93966
53.33 0.93727
42.67 0.93449
32.00 0.93181
21.33 0.92778
10.67 0.89365
0.00 0.80458
76.80 0.93685
68.27 0.93315
59.73 0.93308
51.20 0.93259
42.67 0.93075
34.13 0.92824
25.60 0.92401
17.07 0.91487
8.53 0.87258
0.00 0.78565
