150.00 0.93150
133.33 0.93248
116.67 0.93052
100.00 0.93194
83.33 0.92775
66.67 0.91806
50.00 0.90336
33.33 0.87592
16.67 0.83766
0.00 0.75397
120.00 0.92225
106.67 0.92307
93.33 0.91910
80.00 0.91665
66.67 0.90861
53.33 0.89905
40.00 0.87956
26.67 0.84646
13.33 0.80674
0.00 0.72613
96.00 0.92260
85.33 0.92170
74.67 0.91182
64.00 0.90346
53.33 0.88627
42.67 0.87156
32.00 0.84854
21.33 0.81544
10.67 0.77529
0.00 0.69786
76.80 0.92215
68.27 0.91053
59.73 0.89905
51.20 0.88906
42.67 0.86605
34.13 0.83711
25.60 0.80553
17.07 0.77279
8.53 0.73253
0.00 0.65936
