150.00 0.94325
133.33 0.94565
116.67 0.94402
100.00 0.94305
83.33 0.94292
66.67 0.94313
50.00 0.94167
33.33 0.93829
16.67 0.92767
0.00 0.83588
120.00 0.94035
106.67 0.93922
93.33 0.93945
80.00 0.94000
66.67 0.93980
53.33 0.93935
40.00 0.93631
26.67 0.93384
13.33 0.91661
0.00 0.82617
96.00 0.93905
85.33 0.93578
74.67 0.93680
64.00 0.93817
53.33 0.93672
42.67 0.93526
32.00 0.93276
21.33 0.92752
10.67 0.90376
0.00 0.81368
76.80 0.94010
68.27 0.93755
59.73 0.93532
51.20 0.93379
42.67 0.93333
34.13 0.93093
25.60 0.92666
17.07 0.91811
8.53 0.88229
0.00 0.79431
