150.00 0.95875
133.33 0.95657
116.67 0.95477
100.00 0.95347
83.33 0.95343
66.67 0.95233
50.00 0.95164
33.33 0.94983
16.67 0.94598
0.00 0.85149
120.00 0.95595
106.67 0.95355
93.33 0.95302
80.00 0.95291
66.67 0.95148
53.33 0.95088
40.00 0.95049
26.67 0.94947
13.33 0.94499
0.00 0.85063
96.00 0.94815
85.33 0.94857
74.67 0.94763
64.00 0.94804
53.33 0.94896
42.67 0.94858
32.00 0.94852
21.33 0.94747
10.67 0.93954
0.00 0.84588
76.80 0.94265
68.27 0.94503
59.73 0.94505
51.20 0.94789
42.67 0.94862
34.13 0.94740
25.60 0.94654
17.07 0.94473
8.53 0.93396
0.00 0.84077
