150.00 0.92625
133.33 0.92188
116.67 0.91432
100.00 0.90596
83.33 0.89842
66.67 0.88630
50.00 0.86210
33.33 0.83313
16.67 0.79573
0.00 0.71622
120.00 0.91130
106.67 0.90205
93.33 0.89318
80.00 0.88249
66.67 0.87022
53.33 0.85732
40.00 0.83221
26.67 0.80298
13.33 0.76324
0.00 0.68698
96.00 0.88335
85.33 0.87215
74.67 0.85630
64.00 0.84049
53.33 0.82691
42.67 0.80569
32.00 0.77758
21.33 0.74960
10.67 0.71264
0.00 0.64145
76.80 0.83245
68.27 0.82337
59.73 0.80527
51.20 0.78714
42.67 0.76550
34.13 0.73972
25.60 0.71744
17.07 0.69105
8.53 0.65564
0.00 0.59013
