150.00 0.94305
133.33 0.94117
116.67 0.93960
100.00 0.93724
83.33 0.93733
66.67 0.93712
50.00 0.93389
33.33 0.93066
16.67 0.92207
0.00 0.83178
120.00 0.93580
106.67 0.93585
93.33 0.93645
80.00 0.93530
66.67 0.93442
53.33 0.93284
40.00 0.93051
26.67 0.92711
13.33 0.91105
0.00 0.82105
96.00 0.93665
85.33 0.93698
74.67 0.93508
64.00 0.93468
53.33 0.93251
42.67 0.93060
32.00 0.92857
21.33 0.92236
10.67 0.88357
0.00 0.79546
76.80 0.93110
68.27 0.92763
59.73 0.92792
51.20 0.92876
42.67 0.92870
34.13 0.92605
25.60 0.92147
17.07 0.90301
8.53 0.85803
0.00 0.77247
