300.00 0.50261
293.88 0.48535
287.76 0.47015
281.63 0.46365
275.51 0.45535
269.39 0.45166
263.27 0.44781
257.14 0.44312
251.02 0.43940
244.90 0.43535
238.78 0.43172
232.65 0.42806
226.53 0.42458
220.41 0.42089
214.29 0.41790
208.16 0.41447
202.04 0.41070
195.92 0.40782
189.80 0.40457
183.67 0.40162
177.55 0.39845
171.43 0.39525
165.31 0.39203
159.18 0.38875
153.06 0.38537
146.94 0.38182
140.82 0.37848
134.69 0.37498
128.57 0.37162
122.45 0.36826
116.33 0.36460
110.20 0.36094
104.08 0.35705
97.96 0.35309
91.84 0.34895
85.71 0.34500
79.59 0.34097
73.47 0.33699
67.35 0.33291
61.22 0.32898
55.10 0.32477
48.98 0.32062
42.86 0.31625
36.73 0.31173
30.61 0.30721
24.49 0.30260
18.37 0.29798
12.24 0.29307
6.12 0.28797
0.00 0.28225
120.00 0.25957
117.78 0.25646
115.56 0.25621
113.33 0.25519
111.11 0.25304
108.89 0.25129
106.67 0.24986
104.44 0.24737
102.22 0.24615
100.00 0.24469
97.78 0.24325
95.56 0.24210
93.33 0.24065
91.11 0.23856
88.89 0.23720
86.67 0.23590
84.44 0.23384
82.22 0.23181
80.00 0.23005
77.78 0.22811
75.56 0.22638
73.33 0.22469
71.11 0.22265
68.89 0.22049
66.67 0.21842
64.44 0.21640
62.22 0.21445
60.00 0.21255
57.78 0.21072
55.56 0.20879
53.33 0.20677
51.11 0.20479
48.89 0.20274
46.67 0.20070
44.44 0.19874
42.22 0.19668
40.00 0.19464
37.78 0.19268
35.56 0.19070
33.33 0.18868
31.11 0.18669
28.89 0.18462
26.67 0.18261
24.44 0.18051
22.22 0.17835
20.00 0.17614
17.78 0.17390
15.56 0.17163
13.33 0.16943
11.11 0.16723
8.89 0.16498
6.67 0.16265
4.44 0.16025
2.22 0.15778
0.00 0.15494
48.00 0.13389
47.19 0.13240
46.37 0.13170
45.56 0.13157
44.75 0.13205
43.93 0.13176
43.12 0.13192
42.31 0.13199
41.49 0.13086
40.68 0.13022
39.86 0.12977
39.05 0.12957
38.24 0.12920
37.42 0.12863
36.61 0.12803
35.80 0.12747
34.98 0.12682
34.17 0.12590
33.36 0.12492
32.54 0.12414
31.73 0.12343
30.92 0.12297
30.10 0.12245
29.29 0.12171
28.47 0.12108
27.66 0.12042
26.85 0.11976
26.03 0.11921
25.22 0.11857
24.41 0.11786
23.59 0.11721
22.78 0.11658
21.97 0.11592
21.15 0.11523
20.34 0.11447
19.53 0.11370
18.71 0.11286
17.90 0.11202
17.08 0.11120
16.27 0.11037
15.46 0.10959
14.64 0.10883
13.83 0.10792
13.02 0.10706
12.20 0.10625
11.39 0.10534
10.58 0.10441
9.76 0.10349
8.95 0.10254
8.14 0.10160
7.32 0.10063
6.51 0.09967
5.69 0.09862
4.88 0.09758
4.07 0.09652
3.25 0.09542
2.44 0.09427
1.63 0.09305
0.81 0.09177
0.00 0.09027
19.20 0.08504
18.90 0.08725
18.60 0.08590
18.30 0.08514
18.00 0.08438
17.70 0.08351
17.40 0.08312
17.10 0.08276
16.80 0.08278
16.50 0.08254
16.20 0.08190
15.90 0.08158
15.60 0.08132
15.30 0.08110
15.00 0.08081
14.70 0.08064
14.40 0.08027
14.10 0.07984
13.80 0.07941
13.50 0.07897
13.20 0.07872
12.90 0.07827
12.60 0.07788
12.30 0.07752
12.00 0.07714
11.70 0.07666
11.40 0.07630
11.10 0.07595
10.80 0.07557
10.50 0.07522
10.20 0.07487
9.90 0.07448
9.60 0.07403
9.30 0.07366
9.00 0.07323
8.70 0.07280
8.40 0.07238
8.10 0.07199
7.80 0.07153
7.50 0.07115
7.20 0.07079
6.90 0.07042
6.60 0.06997
6.30 0.06943
6.00 0.06885
5.70 0.06832
5.40 0.06782
5.10 0.06724
4.80 0.06674
4.50 0.06622
4.20 0.06569
3.90 0.06512
3.60 0.06456
3.30 0.06399
3.00 0.06344
2.70 0.06290
2.40 0.06234
2.10 0.06174
1.80 0.06112
1.50 0.06048
1.20 0.05984
0.90 0.05915
0.60 0.05845
0.30 0.05769
0.00 0.05682
7.68 0.05466
7.57 0.05486
7.46 0.05411
7.35 0.05378
7.23 0.05381
7.12 0.05314
7.01 0.05243
6.90 0.05172
6.79 0.05118
6.68 0.05111
6.57 0.05134
6.46 0.05128
6.34 0.05125
6.23 0.05099
6.12 0.05070
6.01 0.05039
5.90 0.04995
5.79 0.04960
5.68 0.04926
5.57 0.04896
5.45 0.04875
5.34 0.04849
5.23 0.04829
5.12 0.04811
5.01 0.04806
4.90 0.04799
4.79 0.04786
4.67 0.04769
4.56 0.04764
4.45 0.04751
4.34 0.04740
4.23 0.04731
4.12 0.04717
4.01 0.04709
3.90 0.04685
3.78 0.04665
3.67 0.04645
3.56 0.04630
3.45 0.04613
3.34 0.04594
3.23 0.04577
3.12 0.04559
3.01 0.04542
2.89 0.04521
2.78 0.04502
2.67 0.04474
2.56 0.04444
2.45 0.04419
2.34 0.04389
2.23 0.04357
2.11 0.04327
2.00 0.04298
1.89 0.04268
1.78 0.04235
1.67 0.04204
1.56 0.04174
1.45 0.04143
1.34 0.04111
1.22 0.04079
1.11 0.04048
1.00 0.04016
0.89 0.03983
0.78 0.03946
0.67 0.03910
0.56 0.03873
0.45 0.03836
0.33 0.03796
0.22 0.03754
0.11 0.03710
0.00 0.03658
3.07 0.03577
3.03 0.03423
2.99 0.03419
2.95 0.03419
2.91 0.03424
2.86 0.03435
2.82 0.03415
2.78 0.03394
2.74 0.03360
2.70 0.03332
2.66 0.03331
2.62 0.03317
2.57 0.03311
2.53 0.03296
2.49 0.03289
2.45 0.03277
2.41 0.03262
2.37 0.03252
2.32 0.03236
2.28 0.03220
2.24 0.03202
2.20 0.03187
2.16 0.03166
2.12 0.03149
2.08 0.03134
2.03 0.03125
1.99 0.03108
1.95 0.03093
1.91 0.03079
1.87 0.03068
1.83 0.03054
1.79 0.03041
1.74 0.03026
1.70 0.03010
1.66 0.02996
1.62 0.02980
1.58 0.02967
1.54 0.02952
1.49 0.02939
1.45 0.02924
1.41 0.02907
1.37 0.02891
1.33 0.02873
1.29 0.02856
1.25 0.02840
1.20 0.02823
1.16 0.02807
1.12 0.02793
1.08 0.02776
1.04 0.02760
1.00 0.02746
0.95 0.02729
0.91 0.02712
0.87 0.02695
0.83 0.02679
0.79 0.02664
0.75 0.02646
0.71 0.02629
0.66 0.02611
0.62 0.02592
0.58 0.02573
0.54 0.02553
0.50 0.02535
0.46 0.02516
0.42 0.02496
0.37 0.02476
0.33 0.02456
0.29 0.02435
0.25 0.02413
0.21 0.02392
0.17 0.02369
0.12 0.02345
0.08 0.02320
0.04 0.02295
0.00 0.02265
1.23 0.02165
1.21 0.02164
1.20 0.02142
1.18 0.02119
1.17 0.02102
1.15 0.02087
1.14 0.02081
1.12 0.02073
1.10 0.02066
1.09 0.02060
1.07 0.02055
1.06 0.02049
1.04 0.02039
1.03 0.02030
1.01 0.02021
1.00 0.02018
0.98 0.02015
0.96 0.02004
0.95 0.01998
0.93 0.01991
0.92 0.01980
0.90 0.01969
0.89 0.01958
0.87 0.01951
0.86 0.01943
0.84 0.01935
0.82 0.01929
0.81 0.01921
0.79 0.01916
0.78 0.01907
0.76 0.01899
0.75 0.01893
0.73 0.01887
0.72 0.01880
0.70 0.01870
0.68 0.01862
0.67 0.01856
0.65 0.01847
0.64 0.01837
0.62 0.01828
0.61 0.01820
0.59 0.01811
0.58 0.01802
0.56 0.01793
0.54 0.01783
0.53 0.01775
0.51 0.01765
0.50 0.01755
0.48 0.01745
0.47 0.01735
0.45 0.01726
0.44 0.01716
0.42 0.01706
0.40 0.01695
0.39 0.01686
0.37 0.01677
0.36 0.01667
0.34 0.01658
0.33 0.01647
0.31 0.01638
0.30 0.01628
0.28 0.01618
0.26 0.01608
0.25 0.01597
0.23 0.01586
0.22 0.01575
0.20 0.01563
0.19 0.01553
0.17 0.01541
0.16 0.01530
0.14 0.01518
0.12 0.01506
0.11 0.01494
0.09 0.01481
0.08 0.01468
0.06 0.01456
0.05 0.01442
0.03 0.01428
0.02 0.01413
0.00 0.01396
0.49 0.01274
0.49 0.01281
0.48 0.01277
0.47 0.01276
0.47 0.01275
0.46 0.01285
0.46 0.01291
0.45 0.01295
0.44 0.01290
0.44 0.01284
0.43 0.01279
0.43 0.01280
0.42 0.01276
0.42 0.01274
0.41 0.01272
0.40 0.01263
0.40 0.01258
0.39 0.01252
0.39 0.01253
0.38 0.01249
0.37 0.01245
0.37 0.01243
0.36 0.01237
0.36 0.01233
0.35 0.01227
0.35 0.01222
0.34 0.01218
0.33 0.01214
0.33 0.01208
0.32 0.01202
0.32 0.01197
0.31 0.01194
0.30 0.01189
0.30 0.01184
0.29 0.01178
0.29 0.01173
0.28 0.01168
0.28 0.01163
0.27 0.01157
0.26 0.01152
0.26 0.01148
0.25 0.01143
0.25 0.01140
0.24 0.01137
0.23 0.01132
0.23 0.01128
0.22 0.01123
0.22 0.01118
0.21 0.01113
0.20 0.01108
0.20 0.01103
0.19 0.01097
0.19 0.01092
0.18 0.01087
0.18 0.01082
0.17 0.01076
0.16 0.01071
0.16 0.01066
0.15 0.01060
0.15 0.01054
0.14 0.01049
0.13 0.01044
0.13 0.01038
0.12 0.01032
0.12 0.01026
0.11 0.01020
0.11 0.01015
0.10 0.01008
0.09 0.01002
0.09 0.00996
0.08 0.00990
0.08 0.00983
0.07 0.00976
0.06 0.00970
0.06 0.00963
0.05 0.00955
0.05 0.00948
0.04 0.00941
0.04 0.00933
0.03 0.00926
0.02 0.00918
0.02 0.00910
0.01 0.00902
0.01 0.00893
0.00 0.00883
0.20 0.00806
0.19 0.00816
0.19 0.00822
0.19 0.00813
0.19 0.00818
0.19 0.00809
0.18 0.00816
0.18 0.00815
0.18 0.00813
0.18 0.00813
0.17 0.00812
0.17 0.00809
0.17 0.00806
0.17 0.00806
0.17 0.00804
0.16 0.00803
0.16 0.00802
0.16 0.00800
0.16 0.00796
0.15 0.00795
0.15 0.00791
0.15 0.00788
0.15 0.00785
0.15 0.00782
0.14 0.00780
0.14 0.00778
0.14 0.00775
0.14 0.00772
0.13 0.00769
0.13 0.00767
0.13 0.00764
0.13 0.00763
0.13 0.00762
0.12 0.00760
0.12 0.00757
0.12 0.00752
0.12 0.00749
0.11 0.00746
0.11 0.00743
0.11 0.00740
0.11 0.00738
0.11 0.00736
0.10 0.00734
0.10 0.00731
0.10 0.00728
0.10 0.00725
0.09 0.00721
0.09 0.00719
0.09 0.00717
0.09 0.00713
0.09 0.00710
0.08 0.00707
0.08 0.00704
0.08 0.00701
0.08 0.00698
0.08 0.00695
0.07 0.00692
0.07 0.00689
0.07 0.00687
0.07 0.00684
0.06 0.00681
0.06 0.00678
0.06 0.00674
0.06 0.00670
0.06 0.00668
0.05 0.00665
0.05 0.00661
0.05 0.00657
0.05 0.00654
0.04 0.00650
0.04 0.00647
0.04 0.00643
0.04 0.00639
0.04 0.00635
0.03 0.00631
0.03 0.00627
0.03 0.00623
0.03 0.00619
0.02 0.00616
0.02 0.00612
0.02 0.00608
0.02 0.00603
0.02 0.00599
0.01 0.00595
0.01 0.00590
0.01 0.00585
0.01 0.00580
0.00 0.00575
0.00 0.00570
0.00 0.00564
0.08 0.00521
0.08 0.00530
0.08 0.00530
0.08 0.00530
0.08 0.00530
0.07 0.00522
0.07 0.00516
0.07 0.00516
0.07 0.00518
0.07 0.00520
0.07 0.00526
0.07 0.00524
0.07 0.00520
0.07 0.00520
0.07 0.00518
0.07 0.00516
0.07 0.00512
0.06 0.00511
0.06 0.00508
0.06 0.00508
0.06 0.00508
0.06 0.00506
0.06 0.00504
0.06 0.00501
0.06 0.00498
0.06 0.00495
0.06 0.00493
0.06 0.00493
0.06 0.00491
0.05 0.00490
0.05 0.00487
0.05 0.00486
0.05 0.00485
0.05 0.00482
0.05 0.00480
0.05 0.00478
0.05 0.00476
0.05 0.00474
0.05 0.00473
0.05 0.00471
0.05 0.00469
0.04 0.00468
0.04 0.00466
0.04 0.00465
0.04 0.00463
0.04 0.00462
0.04 0.00460
0.04 0.00459
0.04 0.00457
0.04 0.00456
0.04 0.00454
0.04 0.00452
0.04 0.00450
0.03 0.00448
0.03 0.00446
0.03 0.00445
0.03 0.00443
0.03 0.00441
0.03 0.00439
0.03 0.00437
0.03 0.00435
0.03 0.00434
0.03 0.00432
0.03 0.00430
0.03 0.00428
0.02 0.00426
0.02 0.00424
0.02 0.00422
0.02 0.00420
0.02 0.00418
0.02 0.00416
0.02 0.00413
0.02 0.00411
0.02 0.00409
0.02 0.00406
0.02 0.00405
0.02 0.00402
0.01 0.00400
0.01 0.00397
0.01 0.00395
0.01 0.00393
0.01 0.00391
0.01 0.00388
0.01 0.00385
0.01 0.00383
0.01 0.00380
0.01 0.00377
0.01 0.00375
0.01 0.00372
0.00 0.00369
0.00 0.00366
0.00 0.00364
0.00 0.00361
0.00 0.00357
0.00 0.00354
0.00 0.01811
0.00 0.01223
0.00 0.00977
0.00 0.00824
0.00 0.00740
0.00 0.00662
0.00 0.00611
0.00 0.00567
0.00 0.00541
0.00 0.00508
0.00 0.00480
0.00 0.00451
0.00 0.00426
0.00 0.00411
0.00 0.00404
0.00 0.00394
0.00 0.00385
0.00 0.00376
0.00 0.00371
0.00 0.00363
0.00 0.00353
0.00 0.00344
0.00 0.00342
0.00 0.00333
0.00 0.00328
0.00 0.00321
0.00 0.00316
0.00 0.00310
0.00 0.00307
0.00 0.00305
0.00 0.00302
0.00 0.00302
0.00 0.00300
0.00 0.00299
0.00 0.00294
0.00 0.00289
0.00 0.00284
0.00 0.00281
0.00 0.00278
0.00 0.00277
0.00 0.00275
0.00 0.00272
0.00 0.00273
0.00 0.00271
0.00 0.00268
0.00 0.00266
0.00 0.00263
0.00 0.00262
0.00 0.00261
0.00 0.00260
0.00 0.00259
0.00 0.00256
0.00 0.00256
0.00 0.00254
0.00 0.00252
0.00 0.00251
0.00 0.00249
0.00 0.00247
0.00 0.00246
0.00 0.00246
0.00 0.00245
0.00 0.00245
0.00 0.00243
0.00 0.00242
0.00 0.00242
0.00 0.00240
0.00 0.00238
0.00 0.00237
0.00 0.00235
0.00 0.00235
0.00 0.00234
0.00 0.00233
0.00 0.00234
0.00 0.00233
0.00 0.00232
0.00 0.00231
0.00 0.00230
0.00 0.00229
0.00 0.00229
0.00 0.00229
0.00 0.00228
0.00 0.00227
0.00 0.00227
0.00 0.00227
0.00 0.00225
0.00 0.00224
0.00 0.00222
0.00 0.00221
0.00 0.00220
0.00 0.00220
0.00 0.00219
0.00 0.00217
0.00 0.00217
0.00 0.00215
0.00 0.00214
0.00 0.00212
0.00 0.00212
0.00 0.00211
0.00 0.00211
0.00 0.00210
