150.00 0.94045
133.33 0.93390
116.67 0.92867
100.00 0.92602
83.33 0.91977
66.67 0.91054
50.00 0.89641
33.33 0.87742
16.67 0.85033
0.00 0.76536
120.00 0.92725
106.67 0.91727
93.33 0.91667
80.00 0.91150
66.67 0.90778
53.33 0.89769
40.00 0.88059
26.67 0.86051
13.33 0.83278
0.00 0.74955
96.00 0.90575
85.33 0.90353
74.67 0.89425
64.00 0.88164
53.33 0.87492
42.67 0.86672
32.00 0.84652
21.33 0.82508
10.67 0.79731
0.00 0.71764
76.80 0.88695
68.27 0.87733
59.73 0.87623
51.20 0.86136
42.67 0.84674
34.13 0.83090
25.60 0.81071
17.07 0.79049
8.53 0.76301
0.00 0.68675
