150.00 0.94730
133.33 0.94970
116.67 0.95020
100.00 0.95051
83.33 0.94813
66.67 0.94753
50.00 0.94604
33.33 0.94570
16.67 0.94410
0.00 0.85107
120.00 0.94285
106.67 0.94503
93.33 0.94552
80.00 0.94483
66.67 0.94650
53.33 0.94547
40.00 0.94534
26.67 0.94478
13.33 0.94229
0.00 0.84935
96.00 0.94900
85.33 0.94863
74.67 0.94908
64.00 0.94824
53.33 0.94654
42.67 0.94565
32.00 0.94421
21.33 0.94299
10.67 0.94082
0.00 0.84764
76.80 0.94165
68.27 0.94235
59.73 0.94375
51.20 0.94450
42.67 0.94437
34.13 0.94292
25.60 0.94211
17.07 0.94149
8.53 0.94002
0.00 0.84701
