300.00 0.52967
293.88 0.48557
287.76 0.46706
281.63 0.45935
275.51 0.45282
269.39 0.44809
263.27 0.44386
257.14 0.43997
251.02 0.43616
244.90 0.43269
238.78 0.42905
232.65 0.42558
226.53 0.42215
220.41 0.41919
214.29 0.41598
208.16 0.41241
202.04 0.40916
195.92 0.40571
189.80 0.40236
183.67 0.39905
177.55 0.39562
171.43 0.39222
165.31 0.38885
159.18 0.38570
153.06 0.38243
146.94 0.37909
140.82 0.37569
134.69 0.37223
128.57 0.36880
122.45 0.36513
116.33 0.36149
110.20 0.35799
104.08 0.35429
97.96 0.35057
91.84 0.34670
85.71 0.34277
79.59 0.33891
73.47 0.33475
67.35 0.33073
61.22 0.32665
55.10 0.32246
48.98 0.31816
42.86 0.31370
36.73 0.30920
30.61 0.30468
24.49 0.30004
18.37 0.29537
12.24 0.29045
6.12 0.28528
0.00 0.27959
120.00 0.25512
117.78 0.25335
115.56 0.25227
113.33 0.25199
111.11 0.25066
108.89 0.24955
106.67 0.24849
104.44 0.24707
102.22 0.24528
100.00 0.24385
97.78 0.24234
95.56 0.24091
93.33 0.23963
91.11 0.23804
88.89 0.23610
86.67 0.23424
84.44 0.23258
82.22 0.23089
80.00 0.22921
77.78 0.22775
75.56 0.22600
73.33 0.22415
71.11 0.22240
68.89 0.22051
66.67 0.21879
64.44 0.21708
62.22 0.21530
60.00 0.21361
57.78 0.21170
55.56 0.20996
53.33 0.20810
51.11 0.20623
48.89 0.20426
46.67 0.20225
44.44 0.20032
42.22 0.19827
40.00 0.19641
37.78 0.19451
35.56 0.19237
33.33 0.19037
31.11 0.18820
28.89 0.18604
26.67 0.18393
24.44 0.18169
22.22 0.17948
20.00 0.17718
17.78 0.17504
15.56 0.17287
13.33 0.17067
11.11 0.16850
8.89 0.16611
6.67 0.16368
4.44 0.16121
2.22 0.15864
0.00 0.15578
48.00 0.14342
47.19 0.14547
46.37 0.14387
45.56 0.14257
44.75 0.14050
43.93 0.13897
43.12 0.13838
42.31 0.13796
41.49 0.13630
40.68 0.13585
39.86 0.13467
39.05 0.13418
38.24 0.13345
37.42 0.13299
36.61 0.13152
35.80 0.13049
34.98 0.12986
34.17 0.12884
33.36 0.12788
32.54 0.12642
31.73 0.12527
30.92 0.12420
30.10 0.12355
29.29 0.12279
28.47 0.12199
27.66 0.12122
26.85 0.12018
26.03 0.11930
25.22 0.11836
24.41 0.11743
23.59 0.11660
22.78 0.11603
21.97 0.11554
21.15 0.11461
20.34 0.11406
19.53 0.11316
18.71 0.11240
17.90 0.11136
17.08 0.11032
16.27 0.10930
15.46 0.10852
14.64 0.10779
13.83 0.10708
13.02 0.10615
12.20 0.10523
11.39 0.10429
10.58 0.10337
9.76 0.10231
8.95 0.10150
8.14 0.10062
7.32 0.09962
6.51 0.09865
5.69 0.09758
4.88 0.09643
4.07 0.09525
3.25 0.09404
2.44 0.09283
1.63 0.09157
0.81 0.09026
0.00 0.08876
19.20 0.07883
18.90 0.08049
18.60 0.07957
18.30 0.07811
18.00 0.07825
17.70 0.07729
17.40 0.07593
17.10 0.07624
16.80 0.07730
16.50 0.07737
16.20 0.07710
15.90 0.07804
15.60 0.07915
15.30 0.07888
15.00 0.07844
14.70 0.07911
14.40 0.07865
14.10 0.07877
13.80 0.07846
13.50 0.07796
13.20 0.07730
12.90 0.07648
12.60 0.07549
12.30 0.07463
12.00 0.07380
11.70 0.07303
11.40 0.07227
11.10 0.07155
10.80 0.07084
10.50 0.07015
10.20 0.06945
9.90 0.06880
9.60 0.06823
9.30 0.06773
9.00 0.06725
8.70 0.06672
8.40 0.06621
8.10 0.06568
7.80 0.06517
7.50 0.06464
7.20 0.06412
6.90 0.06359
6.60 0.06307
6.30 0.06252
6.00 0.06206
5.70 0.06154
5.40 0.06105
5.10 0.06053
4.80 0.06001
4.50 0.05948
4.20 0.05896
3.90 0.05843
3.60 0.05789
3.30 0.05738
3.00 0.05686
2.70 0.05632
2.40 0.05576
2.10 0.05521
1.80 0.05464
1.50 0.05406
1.20 0.05346
0.90 0.05285
0.60 0.05221
0.30 0.05154
0.00 0.05075
7.68 0.04785
7.57 0.04893
7.46 0.04824
7.35 0.04823
7.23 0.04784
7.12 0.04761
7.01 0.04738
6.90 0.04710
6.79 0.04664
6.68 0.04631
6.57 0.04591
6.46 0.04554
6.34 0.04522
6.23 0.04486
6.12 0.04445
6.01 0.04400
5.90 0.04355
5.79 0.04314
5.68 0.04277
5.57 0.04240
5.45 0.04207
5.34 0.04183
5.23 0.04153
5.12 0.04123
5.01 0.04096
4.90 0.04069
4.79 0.04045
4.67 0.04023
4.56 0.03997
4.45 0.03974
4.34 0.03951
4.23 0.03929
4.12 0.03904
4.01 0.03877
3.90 0.03855
3.78 0.03830
3.67 0.03807
3.56 0.03786
3.45 0.03762
3.34 0.03739
3.23 0.03714
3.12 0.03690
3.01 0.03667
2.89 0.03644
2.78 0.03619
2.67 0.03594
2.56 0.03568
2.45 0.03545
2.34 0.03520
2.23 0.03495
2.11 0.03469
2.00 0.03445
1.89 0.03421
1.78 0.03394
1.67 0.03369
1.56 0.03343
1.45 0.03316
1.34 0.03289
1.22 0.03260
1.11 0.03233
1.00 0.03205
0.89 0.03177
0.78 0.03148
0.67 0.03119
0.56 0.03088
0.45 0.03056
0.33 0.03023
0.22 0.02989
0.11 0.02953
0.00 0.02912
3.07 0.02606
3.03 0.02676
2.99 0.02637
2.95 0.02644
2.91 0.02622
2.86 0.02617
2.82 0.02610
2.78 0.02604
2.74 0.02592
2.70 0.02575
2.66 0.02568
2.62 0.02560
2.57 0.02552
2.53 0.02543
2.49 0.02531
2.45 0.02521
2.41 0.02510
2.37 0.02501
2.32 0.02491
2.28 0.02479
2.24 0.02470
2.20 0.02462
2.16 0.02450
2.12 0.02437
2.08 0.02431
2.03 0.02419
1.99 0.02411
1.95 0.02401
1.91 0.02392
1.87 0.02383
1.83 0.02370
1.79 0.02362
1.74 0.02351
1.70 0.02340
1.66 0.02330
1.62 0.02318
1.58 0.02305
1.54 0.02292
1.49 0.02280
1.45 0.02271
1.41 0.02259
1.37 0.02246
1.33 0.02234
1.29 0.02222
1.25 0.02209
1.20 0.02198
1.16 0.02186
1.12 0.02174
1.08 0.02161
1.04 0.02148
1.00 0.02135
0.95 0.02122
0.91 0.02109
0.87 0.02096
0.83 0.02082
0.79 0.02068
0.75 0.02054
0.71 0.02039
0.66 0.02025
0.62 0.02010
0.58 0.01996
0.54 0.01981
0.50 0.01967
0.46 0.01953
0.42 0.01937
0.37 0.01922
0.33 0.01906
0.29 0.01890
0.25 0.01874
0.21 0.01857
0.17 0.01839
0.12 0.01821
0.08 0.01801
0.04 0.01781
0.00 0.01758
1.23 0.01697
1.21 0.01678
1.20 0.01666
1.18 0.01641
1.17 0.01625
1.15 0.01627
1.14 0.01627
1.12 0.01618
1.10 0.01607
1.09 0.01600
1.07 0.01595
1.06 0.01593
1.04 0.01590
1.03 0.01579
1.01 0.01570
1.00 0.01563
0.98 0.01558
0.96 0.01550
0.95 0.01543
0.93 0.01535
0.92 0.01533
0.90 0.01528
0.89 0.01519
0.87 0.01510
0.86 0.01502
0.84 0.01497
0.82 0.01489
0.81 0.01482
0.79 0.01475
0.78 0.01471
0.76 0.01466
0.75 0.01460
0.73 0.01455
0.72 0.01448
0.70 0.01442
0.68 0.01433
0.67 0.01427
0.65 0.01421
0.64 0.01416
0.62 0.01410
0.61 0.01405
0.59 0.01398
0.58 0.01392
0.56 0.01385
0.54 0.01378
0.53 0.01372
0.51 0.01366
0.50 0.01360
0.48 0.01353
0.47 0.01346
0.45 0.01339
0.44 0.01333
0.42 0.01326
0.40 0.01320
0.39 0.01312
0.37 0.01304
0.36 0.01297
0.34 0.01290
0.33 0.01283
0.31 0.01275
0.30 0.01268
0.28 0.01260
0.26 0.01252
0.25 0.01245
0.23 0.01237
0.22 0.01228
0.20 0.01220
0.19 0.01212
0.17 0.01203
0.16 0.01193
0.14 0.01184
0.12 0.01175
0.11 0.01165
0.09 0.01155
0.08 0.01145
0.06 0.01135
0.05 0.01124
0.03 0.01113
0.02 0.01102
0.00 0.01088
0.49 0.01050
0.49 0.01046
0.48 0.01043
0.47 0.01044
0.47 0.01036
0.46 0.01031
0.46 0.01030
0.45 0.01026
0.44 0.01024
0.44 0.01024
0.43 0.01017
0.43 0.01019
0.42 0.01013
0.42 0.01009
0.41 0.01005
0.40 0.01000
0.40 0.00996
0.39 0.00992
0.39 0.00986
0.38 0.00982
0.37 0.00981
0.37 0.00978
0.36 0.00973
0.36 0.00969
0.35 0.00962
0.35 0.00959
0.34 0.00956
0.33 0.00952
0.33 0.00948
0.32 0.00944
0.32 0.00941
0.31 0.00939
0.30 0.00936
0.30 0.00933
0.29 0.00928
0.29 0.00925
0.28 0.00921
0.28 0.00917
0.27 0.00911
0.26 0.00909
0.26 0.00905
0.25 0.00902
0.25 0.00898
0.24 0.00894
0.23 0.00889
0.23 0.00885
0.22 0.00880
0.22 0.00876
0.21 0.00872
0.20 0.00869
0.20 0.00865
0.19 0.00861
0.19 0.00857
0.18 0.00853
0.18 0.00849
0.17 0.00845
0.16 0.00840
0.16 0.00837
0.15 0.00832
0.15 0.00828
0.14 0.00823
0.13 0.00818
0.13 0.00814
0.12 0.00809
0.12 0.00804
0.11 0.00800
0.11 0.00795
0.10 0.00791
0.09 0.00786
0.09 0.00781
0.08 0.00775
0.08 0.00770
0.07 0.00765
0.06 0.00760
0.06 0.00754
0.05 0.00749
0.05 0.00744
0.04 0.00739
0.04 0.00733
0.03 0.00727
0.02 0.00721
0.02 0.00714
0.01 0.00708
0.01 0.00701
0.00 0.00693
0.20 0.00667
0.19 0.00658
0.19 0.00655
0.19 0.00658
0.19 0.00647
0.19 0.00649
0.18 0.00643
0.18 0.00639
0.18 0.00638
0.18 0.00636
0.17 0.00635
0.17 0.00636
0.17 0.00632
0.17 0.00629
0.17 0.00628
0.16 0.00625
0.16 0.00623
0.16 0.00623
0.16 0.00622
0.15 0.00618
0.15 0.00616
0.15 0.00615
0.15 0.00614
0.15 0.00610
0.14 0.00609
0.14 0.00607
0.14 0.00605
0.14 0.00602
0.13 0.00600
0.13 0.00597
0.13 0.00596
0.13 0.00596
0.13 0.00594
0.12 0.00594
0.12 0.00592
0.12 0.00590
0.12 0.00588
0.11 0.00587
0.11 0.00583
0.11 0.00580
0.11 0.00578
0.11 0.00576
0.10 0.00574
0.10 0.00572
0.10 0.00569
0.10 0.00567
0.09 0.00564
0.09 0.00562
0.09 0.00560
0.09 0.00558
0.09 0.00555
0.08 0.00552
0.08 0.00550
0.08 0.00548
0.08 0.00546
0.08 0.00543
0.07 0.00541
0.07 0.00539
0.07 0.00536
0.07 0.00534
0.06 0.00532
0.06 0.00529
0.06 0.00526
0.06 0.00523
0.06 0.00520
0.05 0.00517
0.05 0.00514
0.05 0.00511
0.05 0.00509
0.04 0.00506
0.04 0.00503
0.04 0.00500
0.04 0.00497
0.04 0.00494
0.03 0.00491
0.03 0.00488
0.03 0.00485
0.03 0.00481
0.02 0.00478
0.02 0.00474
0.02 0.00471
0.02 0.00468
0.02 0.00464
0.01 0.00460
0.01 0.00457
0.01 0.00453
0.01 0.00449
0.00 0.00446
0.00 0.00441
0.00 0.00437
0.08 0.00393
0.08 0.00397
0.08 0.00395
0.08 0.00400
0.08 0.00403
0.07 0.00408
0.07 0.00413
0.07 0.00412
0.07 0.00406
0.07 0.00405
0.07 0.00405
0.07 0.00402
0.07 0.00399
0.07 0.00398
0.07 0.00397
0.07 0.00395
0.07 0.00393
0.06 0.00393
0.06 0.00391
0.06 0.00390
0.06 0.00389
0.06 0.00388
0.06 0.00386
0.06 0.00386
0.06 0.00386
0.06 0.00385
0.06 0.00384
0.06 0.00382
0.06 0.00381
0.05 0.00380
0.05 0.00379
0.05 0.00377
0.05 0.00376
0.05 0.00375
0.05 0.00374
0.05 0.00372
0.05 0.00371
0.05 0.00369
0.05 0.00368
0.05 0.00367
0.05 0.00365
0.04 0.00364
0.04 0.00363
0.04 0.00362
0.04 0.00360
0.04 0.00359
0.04 0.00358
0.04 0.00357
0.04 0.00355
0.04 0.00354
0.04 0.00353
0.04 0.00351
0.04 0.00350
0.03 0.00349
0.03 0.00347
0.03 0.00346
0.03 0.00345
0.03 0.00343
0.03 0.00342
0.03 0.00340
0.03 0.00338
0.03 0.00337
0.03 0.00335
0.03 0.00334
0.03 0.00332
0.02 0.00331
0.02 0.00330
0.02 0.00328
0.02 0.00326
0.02 0.00325
0.02 0.00323
0.02 0.00322
0.02 0.00320
0.02 0.00318
0.02 0.00316
0.02 0.00314
0.02 0.00313
0.01 0.00311
0.01 0.00309
0.01 0.00308
0.01 0.00306
0.01 0.00304
0.01 0.00302
0.01 0.00300
0.01 0.00298
0.01 0.00296
0.01 0.00294
0.01 0.00292
0.01 0.00290
0.00 0.00288
0.00 0.00285
0.00 0.00283
0.00 0.00281
0.00 0.00278
0.00 0.00275
0.00 0.00684
0.00 0.00436
0.00 0.00350
0.00 0.00280
0.00 0.00238
0.00 0.00215
0.00 0.00197
0.00 0.00179
0.00 0.00166
0.00 0.00154
0.00 0.00142
0.00 0.00133
0.00 0.00125
0.00 0.00120
0.00 0.00116
0.00 0.00110
0.00 0.00105
0.00 0.00101
0.00 0.00096
0.00 0.00094
0.00 0.00092
0.00 0.00090
0.00 0.00088
0.00 0.00085
0.00 0.00082
0.00 0.00079
0.00 0.00076
0.00 0.00073
0.00 0.00071
0.00 0.00070
0.00 0.00069
0.00 0.00067
0.00 0.00065
0.00 0.00063
0.00 0.00061
0.00 0.00060
0.00 0.00058
0.00 0.00057
0.00 0.00056
0.00 0.00055
0.00 0.00054
0.00 0.00053
0.00 0.00053
0.00 0.00052
0.00 0.00051
0.00 0.00050
0.00 0.00049
0.00 0.00049
0.00 0.00048
0.00 0.00048
0.00 0.00047
0.00 0.00047
0.00 0.00047
0.00 0.00046
0.00 0.00045
0.00 0.00044
0.00 0.00044
0.00 0.00043
0.00 0.00044
0.00 0.00044
0.00 0.00044
0.00 0.00043
0.00 0.00043
0.00 0.00043
0.00 0.00043
0.00 0.00042
0.00 0.00042
0.00 0.00041
0.00 0.00041
0.00 0.00040
0.00 0.00040
0.00 0.00039
0.00 0.00039
0.00 0.00039
0.00 0.00038
0.00 0.00038
0.00 0.00037
0.00 0.00037
0.00 0.00036
0.00 0.00036
0.00 0.00035
0.00 0.00035
0.00 0.00035
0.00 0.00035
0.00 0.00035
0.00 0.00034
0.00 0.00034
0.00 0.00034
0.00 0.00033
0.00 0.00033
0.00 0.00033
0.00 0.00032
0.00 0.00032
0.00 0.00032
0.00 0.00032
0.00 0.00031
0.00 0.00031
0.00 0.00031
0.00 0.00031
0.00 0.00030
