300.00 0.48265
293.88 0.46955
287.76 0.46531
281.63 0.45721
275.51 0.45219
269.39 0.44710
263.27 0.44156
257.14 0.43806
251.02 0.43462
244.90 0.43240
238.78 0.42954
232.65 0.42651
226.53 0.42353
220.41 0.42030
214.29 0.41715
208.16 0.41394
202.04 0.41056
195.92 0.40789
189.80 0.40483
183.67 0.40151
177.55 0.39862
171.43 0.39536
165.31 0.39194
159.18 0.38845
153.06 0.38530
146.94 0.38195
140.82 0.37861
134.69 0.37487
128.57 0.37123
122.45 0.36762
116.33 0.36387
110.20 0.36019
104.08 0.35637
97.96 0.35273
91.84 0.34879
85.71 0.34493
79.59 0.34092
73.47 0.33676
67.35 0.33238
61.22 0.32804
55.10 0.32374
48.98 0.31944
42.86 0.31498
36.73 0.31044
30.61 0.30593
24.49 0.30128
18.37 0.29652
12.24 0.29175
6.12 0.28676
0.00 0.28108
120.00 0.25435
117.78 0.25584
115.56 0.25502
113.33 0.25397
111.11 0.25242
108.89 0.25139
106.67 0.24943
104.44 0.24786
102.22 0.24600
100.00 0.24419
97.78 0.24189
95.56 0.23996
93.33 0.23845
91.11 0.23663
88.89 0.23498
86.67 0.23304
84.44 0.23142
82.22 0.22998
80.00 0.22855
77.78 0.22716
75.56 0.22560
73.33 0.22404
71.11 0.22228
68.89 0.22032
66.67 0.21853
64.44 0.21656
62.22 0.21482
60.00 0.21294
57.78 0.21087
55.56 0.20896
53.33 0.20690
51.11 0.20492
48.89 0.20293
46.67 0.20095
44.44 0.19886
42.22 0.19665
40.00 0.19441
37.78 0.19224
35.56 0.19020
33.33 0.18815
31.11 0.18612
28.89 0.18409
26.67 0.18197
24.44 0.17986
22.22 0.17762
20.00 0.17537
17.78 0.17313
15.56 0.17083
13.33 0.16851
11.11 0.16624
8.89 0.16393
6.67 0.16156
4.44 0.15913
2.22 0.15659
0.00 0.15378
48.00 0.13539
47.19 0.13820
46.37 0.13699
45.56 0.13516
44.75 0.13356
43.93 0.13278
43.12 0.13241
42.31 0.13171
41.49 0.13060
40.68 0.12985
39.86 0.12909
39.05 0.12817
38.24 0.12751
37.42 0.12673
36.61 0.12576
35.80 0.12487
34.98 0.12401
34.17 0.12322
33.36 0.12234
32.54 0.12146
31.73 0.12070
30.92 0.11981
30.10 0.11891
29.29 0.11792
28.47 0.11702
27.66 0.11604
26.85 0.11497
26.03 0.11404
25.22 0.11305
24.41 0.11208
23.59 0.11112
22.78 0.11031
21.97 0.10949
21.15 0.10868
20.34 0.10792
19.53 0.10705
18.71 0.10625
17.90 0.10538
17.08 0.10459
16.27 0.10378
15.46 0.10304
14.64 0.10226
13.83 0.10151
13.02 0.10069
12.20 0.09991
11.39 0.09909
10.58 0.09818
9.76 0.09723
8.95 0.09632
8.14 0.09538
7.32 0.09445
6.51 0.09344
5.69 0.09240
4.88 0.09136
4.07 0.09028
3.25 0.08918
2.44 0.08804
1.63 0.08686
0.81 0.08564
0.00 0.08423
19.20 0.07712
18.90 0.07869
18.60 0.08087
18.30 0.07897
18.00 0.07881
17.70 0.07797
17.40 0.07693
17.10 0.07716
16.80 0.07708
16.50 0.07679
16.20 0.07631
15.90 0.07568
15.60 0.07489
15.30 0.07418
15.00 0.07363
14.70 0.07292
14.40 0.07231
14.10 0.07165
13.80 0.07102
13.50 0.07047
13.20 0.06986
12.90 0.06923
12.60 0.06863
12.30 0.06811
12.00 0.06764
11.70 0.06712
11.40 0.06664
11.10 0.06621
10.80 0.06569
10.50 0.06519
10.20 0.06472
9.90 0.06422
9.60 0.06370
9.30 0.06324
9.00 0.06273
8.70 0.06219
8.40 0.06172
8.10 0.06134
7.80 0.06089
7.50 0.06041
7.20 0.05998
6.90 0.05959
6.60 0.05914
6.30 0.05866
6.00 0.05817
5.70 0.05767
5.40 0.05716
5.10 0.05667
4.80 0.05616
4.50 0.05565
4.20 0.05515
3.90 0.05465
3.60 0.05414
3.30 0.05364
3.00 0.05312
2.70 0.05260
2.40 0.05207
2.10 0.05153
1.80 0.05098
1.50 0.05042
1.20 0.04985
0.90 0.04927
0.60 0.04865
0.30 0.04801
0.00 0.04729
7.68 0.04245
7.57 0.04233
7.46 0.04199
7.35 0.04170
7.23 0.04157
7.12 0.04128
7.01 0.04114
6.90 0.04133
6.79 0.04138
6.68 0.04152
6.57 0.04141
6.46 0.04124
6.34 0.04110
6.23 0.04088
6.12 0.04063
6.01 0.04033
5.90 0.04015
5.79 0.03986
5.68 0.03966
5.57 0.03947
5.45 0.03921
5.34 0.03905
5.23 0.03885
5.12 0.03865
5.01 0.03846
4.90 0.03828
4.79 0.03816
4.67 0.03798
4.56 0.03782
4.45 0.03766
4.34 0.03747
4.23 0.03729
4.12 0.03711
4.01 0.03699
3.90 0.03679
3.78 0.03661
3.67 0.03644
3.56 0.03625
3.45 0.03607
3.34 0.03590
3.23 0.03573
3.12 0.03558
3.01 0.03549
2.89 0.03538
2.78 0.03529
2.67 0.03522
2.56 0.03512
2.45 0.03495
2.34 0.03476
2.23 0.03453
2.11 0.03432
2.00 0.03410
1.89 0.03387
1.78 0.03365
1.67 0.03342
1.56 0.03319
1.45 0.03296
1.34 0.03272
1.22 0.03248
1.11 0.03223
1.00 0.03199
0.89 0.03173
0.78 0.03145
0.67 0.03118
0.56 0.03090
0.45 0.03063
0.33 0.03034
0.22 0.03002
0.11 0.02968
0.00 0.02927
3.07 0.02937
3.03 0.02859
2.99 0.02790
2.95 0.02775
2.91 0.02745
2.86 0.02748
2.82 0.02758
2.78 0.02759
2.74 0.02750
2.70 0.02764
2.66 0.02762
2.62 0.02763
2.57 0.02754
2.53 0.02741
2.49 0.02728
2.45 0.02713
2.41 0.02707
2.37 0.02701
2.32 0.02696
2.28 0.02689
2.24 0.02683
2.20 0.02676
2.16 0.02671
2.12 0.02666
2.08 0.02663
2.03 0.02658
1.99 0.02651
1.95 0.02636
1.91 0.02622
1.87 0.02604
1.83 0.02589
1.79 0.02573
1.74 0.02559
1.70 0.02544
1.66 0.02528
1.62 0.02513
1.58 0.02498
1.54 0.02484
1.49 0.02468
1.45 0.02453
1.41 0.02438
1.37 0.02423
1.33 0.02407
1.29 0.02392
1.25 0.02378
1.20 0.02362
1.16 0.02349
1.12 0.02333
1.08 0.02319
1.04 0.02303
1.00 0.02287
0.95 0.02272
0.91 0.02258
0.87 0.02243
0.83 0.02228
0.79 0.02214
0.75 0.02199
0.71 0.02183
0.66 0.02167
0.62 0.02151
0.58 0.02135
0.54 0.02119
0.50 0.02103
0.46 0.02087
0.42 0.02071
0.37 0.02053
0.33 0.02036
0.29 0.02019
0.25 0.02000
0.21 0.01981
0.17 0.01963
0.12 0.01943
0.08 0.01923
0.04 0.01901
0.00 0.01877
1.23 0.01708
1.21 0.01713
1.20 0.01719
1.18 0.01724
1.17 0.01743
1.15 0.01741
1.14 0.01731
1.12 0.01727
1.10 0.01712
1.09 0.01706
1.07 0.01697
1.06 0.01692
1.04 0.01687
1.03 0.01679
1.01 0.01672
1.00 0.01673
0.98 0.01661
0.96 0.01651
0.95 0.01646
0.93 0.01640
0.92 0.01630
0.90 0.01623
0.89 0.01615
0.87 0.01605
0.86 0.01598
0.84 0.01590
0.82 0.01585
0.81 0.01579
0.79 0.01572
0.78 0.01564
0.76 0.01558
0.75 0.01551
0.73 0.01544
0.72 0.01537
0.70 0.01530
0.68 0.01524
0.67 0.01515
0.65 0.01508
0.64 0.01500
0.62 0.01495
0.61 0.01487
0.59 0.01480
0.58 0.01472
0.56 0.01464
0.54 0.01457
0.53 0.01449
0.51 0.01442
0.50 0.01434
0.48 0.01427
0.47 0.01419
0.45 0.01412
0.44 0.01403
0.42 0.01395
0.40 0.01387
0.39 0.01380
0.37 0.01373
0.36 0.01364
0.34 0.01356
0.33 0.01348
0.31 0.01339
0.30 0.01331
0.28 0.01322
0.26 0.01314
0.25 0.01305
0.23 0.01296
0.22 0.01287
0.20 0.01279
0.19 0.01269
0.17 0.01260
0.16 0.01250
0.14 0.01240
0.12 0.01230
0.11 0.01220
0.09 0.01210
0.08 0.01200
0.06 0.01189
0.05 0.01178
0.03 0.01166
0.02 0.01153
0.00 0.01140
0.49 0.01044
0.49 0.01034
0.48 0.01022
0.47 0.01026
0.47 0.01035
0.46 0.01049
0.46 0.01048
0.45 0.01048
0.44 0.01044
0.44 0.01036
0.43 0.01033
0.43 0.01029
0.42 0.01022
0.42 0.01015
0.41 0.01009
0.40 0.01006
0.40 0.01003
0.39 0.01002
0.39 0.01002
0.38 0.01002
0.37 0.00999
0.37 0.00996
0.36 0.00994
0.36 0.00993
0.35 0.00989
0.35 0.00987
0.34 0.00983
0.33 0.00979
0.33 0.00978
0.32 0.00975
0.32 0.00970
0.31 0.00967
0.30 0.00966
0.30 0.00961
0.29 0.00955
0.29 0.00951
0.28 0.00947
0.28 0.00943
0.27 0.00940
0.26 0.00936
0.26 0.00932
0.25 0.00928
0.25 0.00924
0.24 0.00920
0.23 0.00916
0.23 0.00912
0.22 0.00908
0.22 0.00903
0.21 0.00899
0.20 0.00895
0.20 0.00891
0.19 0.00886
0.19 0.00882
0.18 0.00878
0.18 0.00874
0.17 0.00870
0.16 0.00866
0.16 0.00862
0.15 0.00858
0.15 0.00853
0.14 0.00848
0.13 0.00842
0.13 0.00837
0.12 0.00832
0.12 0.00828
0.11 0.00824
0.11 0.00819
0.10 0.00815
0.09 0.00809
0.09 0.00805
0.08 0.00800
0.08 0.00794
0.07 0.00789
0.06 0.00784
0.06 0.00778
0.05 0.00772
0.05 0.00767
0.04 0.00761
0.04 0.00754
0.03 0.00748
0.02 0.00742
0.02 0.00736
0.01 0.00729
0.01 0.00722
0.00 0.00713
0.20 0.00683
0.19 0.00688
0.19 0.00685
0.19 0.00672
0.19 0.00668
0.19 0.00658
0.18 0.00658
0.18 0.00656
0.18 0.00653
0.18 0.00653
0.17 0.00657
0.17 0.00660
0.17 0.00659
0.17 0.00656
0.17 0.00653
0.16 0.00650
0.16 0.00651
0.16 0.00647
0.16 0.00646
0.15 0.00643
0.15 0.00643
0.15 0.00642
0.15 0.00640
0.15 0.00638
0.14 0.00636
0.14 0.00635
0.14 0.00632
0.14 0.00629
0.13 0.00626
0.13 0.00623
0.13 0.00621
0.13 0.00617
0.13 0.00616
0.12 0.00615
0.12 0.00613
0.12 0.00611
0.12 0.00610
0.11 0.00607
0.11 0.00604
0.11 0.00603
0.11 0.00600
0.11 0.00597
0.10 0.00595
0.10 0.00592
0.10 0.00590
0.10 0.00587
0.09 0.00586
0.09 0.00583
0.09 0.00582
0.09 0.00579
0.09 0.00578
0.08 0.00575
0.08 0.00572
0.08 0.00569
0.08 0.00567
0.08 0.00565
0.07 0.00563
0.07 0.00560
0.07 0.00557
0.07 0.00555
0.06 0.00552
0.06 0.00549
0.06 0.00546
0.06 0.00543
0.06 0.00540
0.05 0.00537
0.05 0.00535
0.05 0.00532
0.05 0.00529
0.04 0.00527
0.04 0.00524
0.04 0.00522
0.04 0.00519
0.04 0.00516
0.03 0.00512
0.03 0.00509
0.03 0.00506
0.03 0.00502
0.02 0.00499
0.02 0.00496
0.02 0.00492
0.02 0.00489
0.02 0.00484
0.01 0.00481
0.01 0.00477
0.01 0.00473
0.01 0.00469
0.00 0.00465
0.00 0.00460
0.00 0.00456
0.08 0.00468
0.08 0.00441
0.08 0.00436
0.08 0.00436
0.08 0.00426
0.07 0.00427
0.07 0.00423
0.07 0.00422
0.07 0.00423
0.07 0.00424
0.07 0.00426
0.07 0.00425
0.07 0.00423
0.07 0.00420
0.07 0.00420
0.07 0.00422
0.07 0.00420
0.06 0.00421
0.06 0.00419
0.06 0.00417
0.06 0.00416
0.06 0.00414
0.06 0.00412
0.06 0.00411
0.06 0.00410
0.06 0.00409
0.06 0.00407
0.06 0.00405
0.06 0.00404
0.05 0.00403
0.05 0.00401
0.05 0.00401
0.05 0.00399
0.05 0.00398
0.05 0.00397
0.05 0.00396
0.05 0.00396
0.05 0.00395
0.05 0.00393
0.05 0.00391
0.05 0.00390
0.04 0.00388
0.04 0.00387
0.04 0.00385
0.04 0.00384
0.04 0.00382
0.04 0.00381
0.04 0.00379
0.04 0.00378
0.04 0.00376
0.04 0.00374
0.04 0.00371
0.04 0.00370
0.03 0.00369
0.03 0.00367
0.03 0.00365
0.03 0.00364
0.03 0.00362
0.03 0.00361
0.03 0.00359
0.03 0.00357
0.03 0.00356
0.03 0.00354
0.03 0.00353
0.03 0.00351
0.02 0.00350
0.02 0.00348
0.02 0.00346
0.02 0.00345
0.02 0.00343
0.02 0.00342
0.02 0.00340
0.02 0.00338
0.02 0.00336
0.02 0.00334
0.02 0.00332
0.02 0.00330
0.01 0.00329
0.01 0.00327
0.01 0.00325
0.01 0.00323
0.01 0.00321
0.01 0.00318
0.01 0.00316
0.01 0.00314
0.01 0.00312
0.01 0.00310
0.01 0.00307
0.01 0.00305
0.00 0.00303
0.00 0.00301
0.00 0.00298
0.00 0.00296
0.00 0.00293
0.00 0.00290
0.00 0.01336
0.00 0.00925
0.00 0.00763
0.00 0.00658
0.00 0.00622
0.00 0.00587
0.00 0.00566
0.00 0.00542
0.00 0.00522
0.00 0.00519
0.00 0.00499
0.00 0.00491
0.00 0.00482
0.00 0.00470
0.00 0.00462
0.00 0.00452
0.00 0.00441
0.00 0.00433
0.00 0.00426
0.00 0.00424
0.00 0.00420
0.00 0.00412
0.00 0.00410
0.00 0.00406
0.00 0.00402
0.00 0.00399
0.00 0.00396
0.00 0.00393
0.00 0.00389
0.00 0.00386
0.00 0.00380
0.00 0.00377
0.00 0.00373
0.00 0.00369
0.00 0.00367
0.00 0.00364
0.00 0.00363
0.00 0.00360
0.00 0.00356
0.00 0.00353
0.00 0.00350
0.00 0.00347
0.00 0.00344
0.00 0.00342
0.00 0.00339
0.00 0.00337
0.00 0.00334
0.00 0.00333
0.00 0.00330
0.00 0.00326
0.00 0.00324
0.00 0.00324
0.00 0.00321
0.00 0.00319
0.00 0.00318
0.00 0.00316
0.00 0.00314
0.00 0.00313
0.00 0.00311
0.00 0.00309
0.00 0.00308
0.00 0.00306
0.00 0.00305
0.00 0.00302
0.00 0.00300
0.00 0.00299
0.00 0.00298
0.00 0.00295
0.00 0.00295
0.00 0.00294
0.00 0.00294
0.00 0.00292
0.00 0.00291
0.00 0.00290
0.00 0.00289
0.00 0.00288
0.00 0.00286
0.00 0.00285
0.00 0.00283
0.00 0.00282
0.00 0.00280
0.00 0.00277
0.00 0.00276
0.00 0.00275
0.00 0.00273
0.00 0.00272
0.00 0.00271
0.00 0.00269
0.00 0.00267
0.00 0.00266
0.00 0.00265
0.00 0.00263
0.00 0.00261
0.00 0.00260
0.00 0.00258
0.00 0.00256
0.00 0.00254
0.00 0.00253
0.00 0.00252
0.00 0.00251
