150.00 0.95310
133.33 0.94863
116.67 0.94693
100.00 0.94651
83.33 0.94588
66.67 0.94461
50.00 0.94306
33.33 0.94039
16.67 0.93327
0.00 0.84135
120.00 0.94850
106.67 0.94498
93.33 0.94613
80.00 0.94496
66.67 0.94453
53.33 0.94381
40.00 0.94245
26.67 0.93773
13.33 0.92240
0.00 0.83083
96.00 0.93975
85.33 0.94227
74.67 0.94242
64.00 0.94290
53.33 0.94256
42.67 0.94067
32.00 0.93647
21.33 0.93218
10.67 0.91324
0.00 0.82200
76.80 0.94230
68.27 0.94355
59.73 0.93903
51.20 0.93779
42.67 0.93707
34.13 0.93687
25.60 0.93364
17.07 0.92688
8.53 0.89338
0.00 0.80417
