150.00 0.88465
133.33 0.87033
116.67 0.86360
100.00 0.84604
83.33 0.82209
66.67 0.80920
50.00 0.78394
33.33 0.74747
16.67 0.70228
0.00 0.63228
120.00 0.86420
106.67 0.86125
93.33 0.82882
80.00 0.79379
66.67 0.77079
53.33 0.74229
40.00 0.71144
26.67 0.67796
13.33 0.63505
0.00 0.57166
96.00 0.78820
85.33 0.78360
74.67 0.74878
64.00 0.71896
53.33 0.69506
42.67 0.66970
32.00 0.64337
21.33 0.61201
10.67 0.57247
0.00 0.51536
76.80 0.67830
68.27 0.65895
59.73 0.64995
51.20 0.63490
42.67 0.61589
34.13 0.59642
25.60 0.57374
17.07 0.54310
8.53 0.50374
0.00 0.45348
