150.00 0.94080
133.33 0.93807
116.67 0.93773
100.00 0.93679
83.33 0.93334
66.67 0.93174
50.00 0.92505
33.33 0.91444
16.67 0.88664
0.00 0.79804
120.00 0.93495
106.67 0.93450
93.33 0.93532
80.00 0.93394
66.67 0.93237
53.33 0.92652
40.00 0.91164
26.67 0.88947
13.33 0.86086
0.00 0.77482
96.00 0.91855
85.33 0.91940
74.67 0.91497
64.00 0.91221
53.33 0.90836
42.67 0.89733
32.00 0.88586
21.33 0.86408
10.67 0.83295
0.00 0.74969
76.80 0.92380
68.27 0.91180
59.73 0.91533
51.20 0.90617
42.67 0.89814
34.13 0.88104
25.60 0.86176
17.07 0.83734
8.53 0.80673
0.00 0.72610
