300.00 0.48302
293.88 0.46442
287.76 0.46003
281.63 0.45474
275.51 0.44792
269.39 0.44273
263.27 0.43860
257.14 0.43482
251.02 0.43036
244.90 0.42689
238.78 0.42324
232.65 0.41995
226.53 0.41608
220.41 0.41263
214.29 0.40926
208.16 0.40623
202.04 0.40314
195.92 0.39979
189.80 0.39675
183.67 0.39372
177.55 0.39045
171.43 0.38711
165.31 0.38383
159.18 0.38029
153.06 0.37695
146.94 0.37337
140.82 0.36991
134.69 0.36658
128.57 0.36288
122.45 0.35940
116.33 0.35591
110.20 0.35210
104.08 0.34840
97.96 0.34488
91.84 0.34122
85.71 0.33722
79.59 0.33313
73.47 0.32887
67.35 0.32518
61.22 0.32099
55.10 0.31678
48.98 0.31246
42.86 0.30836
36.73 0.30380
30.61 0.29912
24.49 0.29437
18.37 0.28952
12.24 0.28454
6.12 0.27947
0.00 0.27390
120.00 0.25165
117.78 0.25278
115.56 0.25052
113.33 0.24965
111.11 0.24635
108.89 0.24431
106.67 0.24189
104.44 0.23965
102.22 0.23735
100.00 0.23588
97.78 0.23456
95.56 0.23274
93.33 0.23109
91.11 0.22957
88.89 0.22769
86.67 0.22617
84.44 0.22514
82.22 0.22360
80.00 0.22195
77.78 0.22025
75.56 0.21814
73.33 0.21624
71.11 0.21487
68.89 0.21294
66.67 0.21124
64.44 0.20939
62.22 0.20773
60.00 0.20594
57.78 0.20404
55.56 0.20221
53.33 0.20039
51.11 0.19861
48.89 0.19686
46.67 0.19510
44.44 0.19344
42.22 0.19211
40.00 0.19018
37.78 0.18810
35.56 0.18618
33.33 0.18404
31.11 0.18191
28.89 0.17975
26.67 0.17776
24.44 0.17576
22.22 0.17375
20.00 0.17166
17.78 0.16958
15.56 0.16752
13.33 0.16527
11.11 0.16300
8.89 0.16067
6.67 0.15832
4.44 0.15589
2.22 0.15340
0.00 0.15063
48.00 0.13147
47.19 0.13029
46.37 0.13370
45.56 0.13740
44.75 0.13724
43.93 0.13459
43.12 0.13548
42.31 0.13377
41.49 0.13142
40.68 0.12960
39.86 0.12938
39.05 0.12955
38.24 0.13069
37.42 0.13073
36.61 0.12935
35.80 0.12805
34.98 0.12710
34.17 0.12641
33.36 0.12528
32.54 0.12408
31.73 0.12282
30.92 0.12230
30.10 0.12137
29.29 0.12120
28.47 0.12015
27.66 0.11906
26.85 0.11786
26.03 0.11672
25.22 0.11547
24.41 0.11425
23.59 0.11332
22.78 0.11260
21.97 0.11219
21.15 0.11199
20.34 0.11150
19.53 0.11042
18.71 0.10940
17.90 0.10879
17.08 0.10807
16.27 0.10777
15.46 0.10680
14.64 0.10623
13.83 0.10573
13.02 0.10465
12.20 0.10358
11.39 0.10242
10.58 0.10139
9.76 0.10046
8.95 0.09941
8.14 0.09853
7.32 0.09766
6.51 0.09687
5.69 0.09599
4.88 0.09492
4.07 0.09378
3.25 0.09261
2.44 0.09146
1.63 0.09027
0.81 0.08901
0.00 0.08753
19.20 0.12138
18.90 0.11494
18.60 0.10541
18.30 0.10065
18.00 0.09692
17.70 0.09258
17.40 0.08901
17.10 0.08614
16.80 0.08390
16.50 0.08217
16.20 0.08084
15.90 0.07922
15.60 0.07781
15.30 0.07699
15.00 0.07598
14.70 0.07496
14.40 0.07436
14.10 0.07379
13.80 0.07307
13.50 0.07248
13.20 0.07180
12.90 0.07097
12.60 0.07016
12.30 0.06942
12.00 0.06867
11.70 0.06798
11.40 0.06732
11.10 0.06664
10.80 0.06594
10.50 0.06544
10.20 0.06521
9.90 0.06543
9.60 0.06639
9.30 0.06680
9.00 0.06703
8.70 0.06776
8.40 0.06802
8.10 0.06788
7.80 0.06797
7.50 0.06799
7.20 0.06862
6.90 0.06840
6.60 0.06782
6.30 0.06724
6.00 0.06671
5.70 0.06612
5.40 0.06551
5.10 0.06484
4.80 0.06423
4.50 0.06359
4.20 0.06297
3.90 0.06235
3.60 0.06171
3.30 0.06113
3.00 0.06053
2.70 0.05991
2.40 0.05933
2.10 0.05869
1.80 0.05805
1.50 0.05742
1.20 0.05677
0.90 0.05611
0.60 0.05542
0.30 0.05470
0.00 0.05386
7.68 0.04917
7.57 0.05121
7.46 0.05069
7.35 0.05287
7.23 0.05887
7.12 0.06211
7.01 0.06559
6.90 0.06663
6.79 0.06689
6.68 0.06586
6.57 0.06346
6.46 0.06119
6.34 0.05936
6.23 0.05796
6.12 0.05676
6.01 0.05567
5.90 0.05466
5.79 0.05362
5.68 0.05275
5.57 0.05194
5.45 0.05113
5.34 0.05043
5.23 0.04972
5.12 0.04899
5.01 0.04831
4.90 0.04771
4.79 0.04712
4.67 0.04655
4.56 0.04603
4.45 0.04557
4.34 0.04518
4.23 0.04490
4.12 0.04452
4.01 0.04415
3.90 0.04376
3.78 0.04342
3.67 0.04308
3.56 0.04297
3.45 0.04276
3.34 0.04245
3.23 0.04208
3.12 0.04171
3.01 0.04134
2.89 0.04096
2.78 0.04059
2.67 0.04022
2.56 0.03983
2.45 0.03946
2.34 0.03908
2.23 0.03873
2.11 0.03836
2.00 0.03799
1.89 0.03765
1.78 0.03730
1.67 0.03695
1.56 0.03661
1.45 0.03627
1.34 0.03593
1.22 0.03558
1.11 0.03524
1.00 0.03490
0.89 0.03455
0.78 0.03419
0.67 0.03384
0.56 0.03349
0.45 0.03312
0.33 0.03275
0.22 0.03237
0.11 0.03197
0.00 0.03152
3.07 0.02613
3.03 0.02468
2.99 0.02446
2.95 0.02407
2.91 0.02376
2.86 0.02356
2.82 0.02347
2.78 0.02339
2.74 0.02334
2.70 0.02324
2.66 0.02313
2.62 0.02305
2.57 0.02293
2.53 0.02282
2.49 0.02272
2.45 0.02254
2.41 0.02241
2.37 0.02239
2.32 0.02226
2.28 0.02217
2.24 0.02208
2.20 0.02202
2.16 0.02193
2.12 0.02185
2.08 0.02174
2.03 0.02164
1.99 0.02155
1.95 0.02148
1.91 0.02140
1.87 0.02131
1.83 0.02121
1.79 0.02113
1.74 0.02105
1.70 0.02094
1.66 0.02085
1.62 0.02074
1.58 0.02066
1.54 0.02056
1.49 0.02046
1.45 0.02037
1.41 0.02028
1.37 0.02018
1.33 0.02008
1.29 0.02001
1.25 0.01992
1.20 0.01981
1.16 0.01970
1.12 0.01959
1.08 0.01949
1.04 0.01937
1.00 0.01927
0.95 0.01917
0.91 0.01906
0.87 0.01895
0.83 0.01884
0.79 0.01872
0.75 0.01860
0.71 0.01848
0.66 0.01837
0.62 0.01824
0.58 0.01811
0.54 0.01797
0.50 0.01784
0.46 0.01771
0.42 0.01758
0.37 0.01744
0.33 0.01731
0.29 0.01716
0.25 0.01701
0.21 0.01685
0.17 0.01670
0.12 0.01653
0.08 0.01635
0.04 0.01617
0.00 0.01596
1.23 0.01512
1.21 0.01486
1.20 0.01490
1.18 0.01501
1.17 0.01510
1.15 0.01495
1.14 0.01490
1.12 0.01478
1.10 0.01480
1.09 0.01476
1.07 0.01476
1.06 0.01474
1.04 0.01476
1.03 0.01472
1.01 0.01468
1.00 0.01465
0.98 0.01461
0.96 0.01460
0.95 0.01454
0.93 0.01452
0.92 0.01448
0.90 0.01444
0.89 0.01438
0.87 0.01434
0.86 0.01427
0.84 0.01423
0.82 0.01417
0.81 0.01411
0.79 0.01407
0.78 0.01402
0.76 0.01396
0.75 0.01391
0.73 0.01384
0.72 0.01378
0.70 0.01376
0.68 0.01370
0.67 0.01364
0.65 0.01358
0.64 0.01353
0.62 0.01348
0.61 0.01342
0.59 0.01336
0.58 0.01329
0.56 0.01322
0.54 0.01314
0.53 0.01309
0.51 0.01304
0.50 0.01298
0.48 0.01291
0.47 0.01285
0.45 0.01278
0.44 0.01271
0.42 0.01264
0.40 0.01257
0.39 0.01250
0.37 0.01243
0.36 0.01236
0.34 0.01229
0.33 0.01223
0.31 0.01215
0.30 0.01208
0.28 0.01201
0.26 0.01194
0.25 0.01187
0.23 0.01179
0.22 0.01171
0.20 0.01162
0.19 0.01154
0.17 0.01146
0.16 0.01138
0.14 0.01129
0.12 0.01121
0.11 0.01111
0.09 0.01102
0.08 0.01093
0.06 0.01082
0.05 0.01072
0.03 0.01062
0.02 0.01051
0.00 0.01038
0.49 0.00936
0.49 0.00939
0.48 0.00963
0.47 0.00962
0.47 0.00956
0.46 0.00955
0.46 0.00952
0.45 0.00954
0.44 0.00950
0.44 0.00948
0.43 0.00944
0.43 0.00943
0.42 0.00941
0.42 0.00936
0.41 0.00933
0.40 0.00934
0.40 0.00928
0.39 0.00924
0.39 0.00922
0.38 0.00920
0.37 0.00918
0.37 0.00915
0.36 0.00913
0.36 0.00909
0.35 0.00906
0.35 0.00900
0.34 0.00897
0.33 0.00894
0.33 0.00892
0.32 0.00890
0.32 0.00887
0.31 0.00882
0.30 0.00880
0.30 0.00876
0.29 0.00873
0.29 0.00871
0.28 0.00867
0.28 0.00864
0.27 0.00860
0.26 0.00857
0.26 0.00855
0.25 0.00851
0.25 0.00847
0.24 0.00845
0.23 0.00840
0.23 0.00837
0.22 0.00834
0.22 0.00831
0.21 0.00828
0.20 0.00825
0.20 0.00821
0.19 0.00818
0.19 0.00814
0.18 0.00810
0.18 0.00806
0.17 0.00803
0.16 0.00798
0.16 0.00794
0.15 0.00789
0.15 0.00784
0.14 0.00780
0.13 0.00775
0.13 0.00771
0.12 0.00767
0.12 0.00763
0.11 0.00758
0.11 0.00754
0.10 0.00749
0.09 0.00744
0.09 0.00739
0.08 0.00734
0.08 0.00729
0.07 0.00724
0.06 0.00719
0.06 0.00714
0.05 0.00709
0.05 0.00704
0.04 0.00698
0.04 0.00693
0.03 0.00687
0.02 0.00681
0.02 0.00675
0.01 0.00669
0.01 0.00662
0.00 0.00654
0.20 0.00539
0.19 0.00579
0.19 0.00582
0.19 0.00585
0.19 0.00593
0.19 0.00590
0.18 0.00588
0.18 0.00589
0.18 0.00593
0.18 0.00593
0.17 0.00596
0.17 0.00594
0.17 0.00591
0.17 0.00590
0.17 0.00588
0.16 0.00587
0.16 0.00588
0.16 0.00584
0.16 0.00582
0.15 0.00579
0.15 0.00578
0.15 0.00577
0.15 0.00575
0.15 0.00572
0.14 0.00571
0.14 0.00570
0.14 0.00569
0.14 0.00567
0.13 0.00565
0.13 0.00564
0.13 0.00562
0.13 0.00560
0.13 0.00558
0.12 0.00556
0.12 0.00554
0.12 0.00552
0.12 0.00550
0.11 0.00548
0.11 0.00547
0.11 0.00545
0.11 0.00543
0.11 0.00541
0.10 0.00540
0.10 0.00537
0.10 0.00535
0.10 0.00533
0.09 0.00531
0.09 0.00529
0.09 0.00526
0.09 0.00524
0.09 0.00522
0.08 0.00520
0.08 0.00518
0.08 0.00516
0.08 0.00513
0.08 0.00511
0.07 0.00509
0.07 0.00506
0.07 0.00504
0.07 0.00500
0.06 0.00498
0.06 0.00495
0.06 0.00493
0.06 0.00490
0.06 0.00487
0.05 0.00484
0.05 0.00482
0.05 0.00479
0.05 0.00477
0.04 0.00474
0.04 0.00471
0.04 0.00469
0.04 0.00466
0.04 0.00463
0.03 0.00460
0.03 0.00457
0.03 0.00455
0.03 0.00452
0.02 0.00448
0.02 0.00445
0.02 0.00442
0.02 0.00439
0.02 0.00436
0.01 0.00433
0.01 0.00429
0.01 0.00426
0.01 0.00422
0.00 0.00418
0.00 0.00414
0.00 0.00410
0.08 0.00392
0.08 0.00395
0.08 0.00398
0.08 0.00387
0.08 0.00395
0.07 0.00388
0.07 0.00382
0.07 0.00381
0.07 0.00376
0.07 0.00376
0.07 0.00376
0.07 0.00373
0.07 0.00374
0.07 0.00373
0.07 0.00372
0.07 0.00372
0.07 0.00371
0.06 0.00368
0.06 0.00369
0.06 0.00367
0.06 0.00364
0.06 0.00365
0.06 0.00364
0.06 0.00364
0.06 0.00363
0.06 0.00362
0.06 0.00360
0.06 0.00359
0.06 0.00359
0.05 0.00358
0.05 0.00357
0.05 0.00357
0.05 0.00356
0.05 0.00354
0.05 0.00353
0.05 0.00352
0.05 0.00350
0.05 0.00349
0.05 0.00349
0.05 0.00347
0.05 0.00346
0.04 0.00344
0.04 0.00343
0.04 0.00341
0.04 0.00341
0.04 0.00340
0.04 0.00339
0.04 0.00337
0.04 0.00336
0.04 0.00335
0.04 0.00333
0.04 0.00331
0.04 0.00329
0.03 0.00328
0.03 0.00327
0.03 0.00325
0.03 0.00324
0.03 0.00322
0.03 0.00321
0.03 0.00320
0.03 0.00318
0.03 0.00317
0.03 0.00315
0.03 0.00313
0.03 0.00312
0.02 0.00310
0.02 0.00309
0.02 0.00307
0.02 0.00306
0.02 0.00304
0.02 0.00303
0.02 0.00301
0.02 0.00299
0.02 0.00298
0.02 0.00297
0.02 0.00295
0.02 0.00293
0.01 0.00292
0.01 0.00290
0.01 0.00289
0.01 0.00287
0.01 0.00285
0.01 0.00283
0.01 0.00281
0.01 0.00280
0.01 0.00278
0.01 0.00276
0.01 0.00274
0.01 0.00272
0.00 0.00270
0.00 0.00268
0.00 0.00265
0.00 0.00263
0.00 0.00261
0.00 0.00258
0.00 0.00360
0.00 0.00212
0.00 0.00173
0.00 0.00146
0.00 0.00132
0.00 0.00111
0.00 0.00096
0.00 0.00084
0.00 0.00078
0.00 0.00073
0.00 0.00068
0.00 0.00062
0.00 0.00062
0.00 0.00059
0.00 0.00055
0.00 0.00052
0.00 0.00049
0.00 0.00048
0.00 0.00046
0.00 0.00044
0.00 0.00042
0.00 0.00040
0.00 0.00039
0.00 0.00038
0.00 0.00037
0.00 0.00036
0.00 0.00035
0.00 0.00034
0.00 0.00032
0.00 0.00031
0.00 0.00030
0.00 0.00030
0.00 0.00029
0.00 0.00029
0.00 0.00028
0.00 0.00028
0.00 0.00027
0.00 0.00026
0.00 0.00026
0.00 0.00026
0.00 0.00026
0.00 0.00026
0.00 0.00025
0.00 0.00025
0.00 0.00025
0.00 0.00024
0.00 0.00024
0.00 0.00024
0.00 0.00023
0.00 0.00023
0.00 0.00022
0.00 0.00022
0.00 0.00022
0.00 0.00021
0.00 0.00021
0.00 0.00021
0.00 0.00021
0.00 0.00021
0.00 0.00021
0.00 0.00020
0.00 0.00020
0.00 0.00020
0.00 0.00019
0.00 0.00019
0.00 0.00019
0.00 0.00019
0.00 0.00019
0.00 0.00019
0.00 0.00019
0.00 0.00018
0.00 0.00018
0.00 0.00018
0.00 0.00018
0.00 0.00017
0.00 0.00017
0.00 0.00017
0.00 0.00017
0.00 0.00017
0.00 0.00016
0.00 0.00016
0.00 0.00016
0.00 0.00016
0.00 0.00016
0.00 0.00015
0.00 0.00015
0.00 0.00015
0.00 0.00015
0.00 0.00015
0.00 0.00015
0.00 0.00015
0.00 0.00015
0.00 0.00014
0.00 0.00014
0.00 0.00014
0.00 0.00014
0.00 0.00014
0.00 0.00014
0.00 0.00014
0.00 0.00014
0.00 0.00013
