150.00 0.89740
133.33 0.88995
116.67 0.89057
100.00 0.88874
83.33 0.86680
66.67 0.84603
50.00 0.82039
33.33 0.78787
16.67 0.74593
0.00 0.67146
120.00 0.87350
106.67 0.86230
93.33 0.85195
80.00 0.84646
66.67 0.82673
53.33 0.79978
40.00 0.77233
26.67 0.74026
13.33 0.69774
0.00 0.62806
96.00 0.85305
85.33 0.83013
74.67 0.80683
64.00 0.78685
53.33 0.76204
42.67 0.73500
32.00 0.70889
21.33 0.67874
10.67 0.63894
0.00 0.57510
76.80 0.80530
68.27 0.76402
59.73 0.73983
51.20 0.71842
42.67 0.69524
34.13 0.67465
25.60 0.65051
17.07 0.62141
8.53 0.58317
0.00 0.52496
