300.00 0.65406
293.88 0.67856
287.76 0.66638
281.63 0.66426
275.51 0.65876
269.39 0.65338
263.27 0.64884
257.14 0.64611
251.02 0.64331
244.90 0.63796
238.78 0.63425
232.65 0.63022
226.53 0.62602
220.41 0.62203
214.29 0.61819
208.16 0.61405
202.04 0.61038
195.92 0.60684
189.80 0.60336
183.67 0.59998
177.55 0.59667
171.43 0.59303
165.31 0.58937
159.18 0.58608
153.06 0.58265
146.94 0.57921
140.82 0.57565
134.69 0.57211
128.57 0.56842
122.45 0.56483
116.33 0.56114
110.20 0.55722
104.08 0.55328
97.96 0.54938
91.84 0.54540
85.71 0.54118
79.59 0.53683
73.47 0.53239
67.35 0.52785
61.22 0.52325
55.10 0.51827
48.98 0.51303
42.86 0.50775
36.73 0.50223
30.61 0.49637
24.49 0.49013
18.37 0.48361
12.24 0.47661
6.12 0.46891
0.00 0.45955
120.00 0.45164
117.78 0.45078
115.56 0.45031
113.33 0.44798
111.11 0.44556
108.89 0.44468
106.67 0.44285
104.44 0.44109
102.22 0.43937
100.00 0.43761
97.78 0.43550
95.56 0.43395
93.33 0.43210
91.11 0.43039
88.89 0.42836
86.67 0.42633
84.44 0.42436
82.22 0.42216
80.00 0.41999
77.78 0.41786
75.56 0.41575
73.33 0.41351
71.11 0.41151
68.89 0.40921
66.67 0.40702
64.44 0.40486
62.22 0.40255
60.00 0.40020
57.78 0.39771
55.56 0.39513
53.33 0.39263
51.11 0.39011
48.89 0.38752
46.67 0.38494
44.44 0.38221
42.22 0.37941
40.00 0.37661
37.78 0.37369
35.56 0.37077
33.33 0.36782
31.11 0.36466
28.89 0.36141
26.67 0.35815
24.44 0.35487
22.22 0.35135
20.00 0.34789
17.78 0.34440
15.56 0.34087
13.33 0.33695
11.11 0.33300
8.89 0.32882
6.67 0.32452
4.44 0.31999
2.22 0.31512
0.00 0.30940
48.00 0.29966
47.19 0.29814
46.37 0.29704
45.56 0.29602
44.75 0.29486
43.93 0.29396
43.12 0.29249
42.31 0.29132
41.49 0.29021
40.68 0.28892
39.86 0.28734
39.05 0.28589
38.24 0.28465
37.42 0.28298
36.61 0.28149
35.80 0.28004
34.98 0.27870
34.17 0.27743
33.36 0.27606
32.54 0.27456
31.73 0.27318
30.92 0.27152
30.10 0.27011
29.29 0.26855
28.47 0.26697
27.66 0.26548
26.85 0.26392
26.03 0.26236
25.22 0.26075
24.41 0.25922
23.59 0.25760
22.78 0.25599
21.97 0.25430
21.15 0.25263
20.34 0.25083
19.53 0.24911
18.71 0.24741
17.90 0.24569
17.08 0.24387
16.27 0.24194
15.46 0.23998
14.64 0.23802
13.83 0.23613
13.02 0.23401
12.20 0.23200
11.39 0.22993
10.58 0.22785
9.76 0.22569
8.95 0.22352
8.14 0.22139
7.32 0.21923
6.51 0.21705
5.69 0.21470
4.88 0.21251
4.07 0.21021
3.25 0.20768
2.44 0.20512
1.63 0.20238
0.81 0.19953
0.00 0.19621
19.20 0.18783
18.90 0.18441
18.60 0.18484
18.30 0.18380
18.00 0.18419
17.70 0.18351
17.40 0.18310
17.10 0.18207
16.80 0.18067
16.50 0.17967
16.20 0.17888
15.90 0.17768
15.60 0.17712
15.30 0.17644
15.00 0.17560
14.70 0.17440
14.40 0.17323
14.10 0.17234
13.80 0.17116
13.50 0.17015
13.20 0.16938
12.90 0.16851
12.60 0.16797
12.30 0.16694
12.00 0.16630
11.70 0.16549
11.40 0.16481
11.10 0.16421
10.80 0.16321
10.50 0.16229
10.20 0.16131
9.90 0.16039
9.60 0.15950
9.30 0.15868
9.00 0.15768
8.70 0.15664
8.40 0.15563
8.10 0.15445
7.80 0.15336
7.50 0.15239
7.20 0.15132
6.90 0.15024
6.60 0.14921
6.30 0.14817
6.00 0.14698
5.70 0.14580
5.40 0.14469
5.10 0.14358
4.80 0.14256
4.50 0.14140
4.20 0.14060
3.90 0.13944
3.60 0.13824
3.30 0.13697
3.00 0.13566
2.70 0.13436
2.40 0.13307
2.10 0.13180
1.80 0.13057
1.50 0.12925
1.20 0.12789
0.90 0.12640
0.60 0.12489
0.30 0.12331
0.00 0.12142
7.68 0.11556
7.57 0.11226
7.46 0.11308
7.35 0.11363
7.23 0.11228
7.12 0.11156
7.01 0.11057
6.90 0.10939
6.79 0.10890
6.68 0.10886
6.57 0.10951
6.46 0.10999
6.34 0.10947
6.23 0.10882
6.12 0.10833
6.01 0.10809
5.90 0.10769
5.79 0.10699
5.68 0.10701
5.57 0.10687
5.45 0.10629
5.34 0.10568
5.23 0.10533
5.12 0.10465
5.01 0.10403
4.90 0.10338
4.79 0.10281
4.67 0.10214
4.56 0.10145
4.45 0.10084
4.34 0.10024
4.23 0.09975
4.12 0.09914
4.01 0.09863
3.90 0.09833
3.78 0.09803
3.67 0.09745
3.56 0.09684
3.45 0.09617
3.34 0.09568
3.23 0.09508
3.12 0.09445
3.01 0.09377
2.89 0.09325
2.78 0.09257
2.67 0.09198
2.56 0.09136
2.45 0.09069
2.34 0.09004
2.23 0.08937
2.11 0.08874
2.00 0.08813
1.89 0.08748
1.78 0.08673
1.67 0.08606
1.56 0.08543
1.45 0.08480
1.34 0.08416
1.22 0.08352
1.11 0.08277
1.00 0.08205
0.89 0.08133
0.78 0.08052
0.67 0.07969
0.56 0.07890
0.45 0.07809
0.33 0.07725
0.22 0.07633
0.11 0.07540
0.00 0.07433
3.07 0.07023
3.03 0.06792
2.99 0.07301
2.95 0.07379
2.91 0.07192
2.86 0.07100
2.82 0.07039
2.78 0.06943
2.74 0.06855
2.70 0.06781
2.66 0.06714
2.62 0.06657
2.57 0.06622
2.53 0.06567
2.49 0.06542
2.45 0.06504
2.41 0.06468
2.37 0.06446
2.32 0.06408
2.28 0.06367
2.24 0.06349
2.20 0.06320
2.16 0.06300
2.12 0.06283
2.08 0.06266
2.03 0.06244
1.99 0.06223
1.95 0.06238
1.91 0.06281
1.87 0.06358
1.83 0.06353
1.79 0.06328
1.74 0.06289
1.70 0.06258
1.66 0.06224
1.62 0.06189
1.58 0.06150
1.54 0.06114
1.49 0.06084
1.45 0.06057
1.41 0.06015
1.37 0.05978
1.33 0.05932
1.29 0.05884
1.25 0.05842
1.20 0.05812
1.16 0.05775
1.12 0.05743
1.08 0.05714
1.04 0.05669
1.00 0.05634
0.95 0.05597
0.91 0.05560
0.87 0.05519
0.83 0.05515
0.79 0.05483
0.75 0.05439
0.71 0.05402
0.66 0.05368
0.62 0.05326
0.58 0.05297
0.54 0.05265
0.50 0.05226
0.46 0.05178
0.42 0.05140
0.37 0.05110
0.33 0.05071
0.29 0.05023
0.25 0.04978
0.21 0.04927
0.17 0.04874
0.12 0.04822
0.08 0.04772
0.04 0.04723
0.00 0.04660
1.23 0.03957
1.21 0.04041
1.20 0.04151
1.18 0.04208
1.17 0.04332
1.15 0.04364
1.14 0.04295
1.12 0.04312
1.10 0.04309
1.09 0.04313
1.07 0.04260
1.06 0.04237
1.04 0.04174
1.03 0.04185
1.01 0.04143
1.00 0.04088
0.98 0.04037
0.96 0.04008
0.95 0.03993
0.93 0.03980
0.92 0.03939
0.90 0.03922
0.89 0.03929
0.87 0.03942
0.86 0.03912
0.84 0.03888
0.82 0.03855
0.81 0.03863
0.79 0.03841
0.78 0.03817
0.76 0.03830
0.75 0.03828
0.73 0.03824
0.72 0.03836
0.70 0.03801
0.68 0.03784
0.67 0.03767
0.65 0.03744
0.64 0.03736
0.62 0.03717
0.61 0.03720
0.59 0.03712
0.58 0.03682
0.56 0.03655
0.54 0.03644
0.53 0.03621
0.51 0.03595
0.50 0.03593
0.48 0.03573
0.47 0.03557
0.45 0.03539
0.44 0.03533
0.42 0.03514
0.40 0.03488
0.39 0.03464
0.37 0.03444
0.36 0.03419
0.34 0.03407
0.33 0.03386
0.31 0.03375
0.30 0.03354
0.28 0.03333
0.26 0.03320
0.25 0.03309
0.23 0.03284
0.22 0.03257
0.20 0.03230
0.19 0.03202
0.17 0.03175
0.16 0.03150
0.14 0.03125
0.12 0.03108
0.11 0.03084
0.09 0.03057
0.08 0.03028
0.06 0.02997
0.05 0.02966
0.03 0.02935
0.02 0.02903
0.00 0.02867
0.49 0.03016
0.49 0.02652
0.48 0.02515
0.47 0.02411
0.47 0.02460
0.46 0.02469
0.46 0.02577
0.45 0.02578
0.44 0.02592
0.44 0.02589
0.43 0.02601
0.43 0.02613
0.42 0.02584
0.42 0.02567
0.41 0.02523
0.40 0.02481
0.40 0.02501
0.39 0.02496
0.39 0.02474
0.38 0.02476
0.37 0.02450
0.37 0.02439
0.36 0.02425
0.36 0.02404
0.35 0.02418
0.35 0.02420
0.34 0.02430
0.33 0.02422
0.33 0.02421
0.32 0.02402
0.32 0.02392
0.31 0.02387
0.30 0.02390
0.30 0.02384
0.29 0.02368
0.29 0.02354
0.28 0.02349
0.28 0.02331
0.27 0.02313
0.26 0.02296
0.26 0.02281
0.25 0.02277
0.25 0.02267
0.24 0.02249
0.23 0.02240
0.23 0.02227
0.22 0.02218
0.22 0.02201
0.21 0.02185
0.20 0.02171
0.20 0.02168
0.19 0.02166
0.19 0.02165
0.18 0.02160
0.18 0.02155
0.17 0.02145
0.16 0.02130
0.16 0.02120
0.15 0.02110
0.15 0.02103
0.14 0.02094
0.13 0.02082
0.13 0.02066
0.12 0.02050
0.12 0.02034
0.11 0.02020
0.11 0.02005
0.10 0.01993
0.09 0.01986
0.09 0.01977
0.08 0.01962
0.08 0.01947
0.07 0.01931
0.06 0.01916
0.06 0.01900
0.05 0.01884
0.05 0.01869
0.04 0.01852
0.04 0.01836
0.03 0.01820
0.02 0.01804
0.02 0.01787
0.01 0.01771
0.01 0.01753
0.00 0.01732
0.20 0.01693
0.19 0.01708
0.19 0.01643
0.19 0.01619
0.19 0.01671
0.19 0.01680
0.18 0.01729
0.18 0.01766
0.18 0.01735
0.18 0.01696
0.17 0.01693
0.17 0.01698
0.17 0.01699
0.17 0.01703
0.17 0.01699
0.16 0.01700
0.16 0.01708
0.16 0.01691
0.16 0.01670
0.15 0.01646
0.15 0.01629
0.15 0.01625
0.15 0.01622
0.15 0.01639
0.14 0.01646
0.14 0.01655
0.14 0.01640
0.14 0.01625
0.13 0.01609
0.13 0.01593
0.13 0.01579
0.13 0.01564
0.13 0.01547
0.12 0.01531
0.12 0.01517
0.12 0.01503
0.12 0.01490
0.11 0.01477
0.11 0.01466
0.11 0.01457
0.11 0.01450
0.11 0.01438
0.10 0.01430
0.10 0.01423
0.10 0.01418
0.10 0.01410
0.09 0.01400
0.09 0.01390
0.09 0.01384
0.09 0.01381
0.09 0.01375
0.08 0.01373
0.08 0.01370
0.08 0.01360
0.08 0.01350
0.08 0.01343
0.07 0.01340
0.07 0.01337
0.07 0.01335
0.07 0.01331
0.06 0.01327
0.06 0.01323
0.06 0.01320
0.06 0.01315
0.06 0.01312
0.05 0.01309
0.05 0.01304
0.05 0.01296
0.05 0.01286
0.04 0.01278
0.04 0.01269
0.04 0.01261
0.04 0.01253
0.04 0.01244
0.03 0.01235
0.03 0.01226
0.03 0.01216
0.03 0.01207
0.02 0.01198
0.02 0.01188
0.02 0.01179
0.02 0.01169
0.02 0.01160
0.01 0.01150
0.01 0.01140
0.01 0.01130
0.01 0.01120
0.00 0.01110
0.00 0.01099
0.00 0.01087
0.08 0.00794
0.08 0.00803
0.08 0.00819
0.08 0.00821
0.08 0.00815
0.07 0.00821
0.07 0.00817
0.07 0.00830
0.07 0.00872
0.07 0.00911
0.07 0.00945
0.07 0.00975
0.07 0.00995
0.07 0.01010
0.07 0.01010
0.07 0.01020
0.07 0.01010
0.06 0.00995
0.06 0.00984
0.06 0.00975
0.06 0.00965
0.06 0.00956
0.06 0.00947
0.06 0.00936
0.06 0.00927
0.06 0.00919
0.06 0.00910
0.06 0.00903
0.06 0.00897
0.05 0.00891
0.05 0.00886
0.05 0.00883
0.05 0.00882
0.05 0.00878
0.05 0.00872
0.05 0.00866
0.05 0.00861
0.05 0.00855
0.05 0.00850
0.05 0.00845
0.05 0.00839
0.04 0.00834
0.04 0.00830
0.04 0.00830
0.04 0.00829
0.04 0.00830
0.04 0.00840
0.04 0.00850
0.04 0.00859
0.04 0.00864
0.04 0.00873
0.04 0.00880
0.04 0.00884
0.03 0.00889
0.03 0.00894
0.03 0.00901
0.03 0.00904
0.03 0.00909
0.03 0.00909
0.03 0.00907
0.03 0.00903
0.03 0.00898
0.03 0.00895
0.03 0.00891
0.03 0.00888
0.02 0.00886
0.02 0.00886
0.02 0.00888
0.02 0.00887
0.02 0.00889
0.02 0.00889
0.02 0.00890
0.02 0.00890
0.02 0.00887
0.02 0.00883
0.02 0.00879
0.02 0.00877
0.01 0.00875
0.01 0.00873
0.01 0.00871
0.01 0.00867
0.01 0.00862
0.01 0.00858
0.01 0.00854
0.01 0.00850
0.01 0.00847
0.01 0.00843
0.01 0.00840
0.01 0.00836
0.00 0.00832
0.00 0.00827
0.00 0.00822
0.00 0.00816
0.00 0.00809
0.00 0.00801
0.00 0.00068
0.00 0.00042
0.00 0.00028
0.00 0.00021
0.00 0.00017
0.00 0.00014
0.00 0.00012
0.00 0.00011
0.00 0.00010
0.00 0.00009
0.00 0.00008
0.00 0.00007
0.00 0.00008
0.00 0.00007
0.00 0.00007
0.00 0.00007
0.00 0.00006
0.00 0.00006
0.00 0.00006
0.00 0.00006
0.00 0.00005
0.00 0.00005
0.00 0.00005
0.00 0.00005
0.00 0.00004
0.00 0.00004
0.00 0.00004
0.00 0.00004
0.00 0.00004
0.00 0.00004
0.00 0.00004
0.00 0.00003
0.00 0.00003
0.00 0.00003
0.00 0.00003
0.00 0.00003
0.00 0.00003
0.00 0.00003
0.00 0.00003
0.00 0.00003
0.00 0.00003
0.00 0.00003
0.00 0.00003
0.00 0.00003
0.00 0.00003
0.00 0.00003
0.00 0.00003
0.00 0.00003
0.00 0.00003
0.00 0.00003
0.00 0.00003
0.00 0.00003
0.00 0.00003
0.00 0.00003
0.00 0.00003
0.00 0.00003
0.00 0.00003
0.00 0.00003
0.00 0.00002
0.00 0.00002
0.00 0.00002
0.00 0.00002
0.00 0.00002
0.00 0.00002
0.00 0.00002
0.00 0.00002
0.00 0.00002
0.00 0.00002
0.00 0.00002
0.00 0.00002
0.00 0.00002
0.00 0.00002
0.00 0.00002
0.00 0.00002
0.00 0.00002
0.00 0.00002
0.00 0.00002
0.00 0.00002
0.00 0.00002
0.00 0.00002
0.00 0.00002
0.00 0.00002
0.00 0.00002
0.00 0.00002
0.00 0.00002
0.00 0.00002
0.00 0.00002
0.00 0.00002
0.00 0.00002
0.00 0.00002
0.00 0.00002
0.00 0.00002
0.00 0.00002
0.00 0.00002
0.00 0.00002
0.00 0.00002
0.00 0.00002
0.00 0.00002
0.00 0.00002
0.00 0.00002
