150.00 0.90620
133.33 0.90202
116.67 0.89855
100.00 0.88734
83.33 0.87746
66.67 0.86333
50.00 0.84224
33.33 0.80636
16.67 0.76157
0.00 0.68566
120.00 0.86745
106.67 0.87843
93.33 0.86912
80.00 0.86211
66.67 0.84231
53.33 0.82707
40.00 0.79958
26.67 0.76220
13.33 0.71681
0.00 0.64523
96.00 0.86355
85.33 0.85703
74.67 0.83938
64.00 0.82899
53.33 0.80190
42.67 0.77193
32.00 0.74091
21.33 0.70637
10.67 0.66159
0.00 0.59558
76.80 0.81685
68.27 0.80648
59.73 0.79227
51.20 0.76511
42.67 0.73608
34.13 0.70849
25.60 0.67964
17.07 0.64636
8.53 0.60372
0.00 0.54342
