25.00 0.95135
22.22 0.94990
19.44 0.94968
16.67 0.94817
13.89 0.94667
11.11 0.94565
8.33 0.94431
5.56 0.93818
2.78 0.91932
0.00 0.82746
20.00 0.93810
17.78 0.94095
15.56 0.94183
13.33 0.94160
11.11 0.94119
8.89 0.94010
6.67 0.94026
4.44 0.93649
2.22 0.90641
0.00 0.81585
16.00 0.94070
14.22 0.94055
12.44 0.94447
10.67 0.94452
8.89 0.94292
7.11 0.93922
5.33 0.93597
3.56 0.93078
1.78 0.89828
0.00 0.80854
12.80 0.94410
11.38 0.94537
9.96 0.94510
8.53 0.94145
7.11 0.93970
5.69 0.93664
4.27 0.92991
2.84 0.91206
1.42 0.86497
0.00 0.77851
