150.00 0.94585
133.33 0.94198
116.67 0.93997
100.00 0.93704
83.33 0.93402
66.67 0.92819
50.00 0.92295
33.33 0.90826
16.67 0.88087
0.00 0.79286
120.00 0.93965
106.67 0.93868
93.33 0.93522
80.00 0.93363
66.67 0.92675
53.33 0.92008
40.00 0.91134
26.67 0.89267
13.33 0.86380
0.00 0.77745
96.00 0.93770
85.33 0.93145
74.67 0.93255
64.00 0.93012
53.33 0.92254
42.67 0.90967
32.00 0.89614
21.33 0.87255
10.67 0.84214
0.00 0.75799
76.80 0.92700
68.27 0.91568
59.73 0.91208
51.20 0.90555
42.67 0.89247
34.13 0.87548
25.60 0.85395
17.07 0.83064
8.53 0.80046
0.00 0.72045
