150.00 0.93340
133.33 0.93207
116.67 0.92597
100.00 0.92290
83.33 0.91773
66.67 0.90881
50.00 0.89794
33.33 0.87738
16.67 0.85091
0.00 0.76588
120.00 0.92090
106.67 0.91568
93.33 0.91458
80.00 0.90892
66.67 0.90089
53.33 0.89324
40.00 0.87954
26.67 0.85844
13.33 0.83044
0.00 0.74743
96.00 0.91510
85.33 0.90240
74.67 0.89460
64.00 0.88845
53.33 0.87861
42.67 0.86534
32.00 0.84572
21.33 0.82455
10.67 0.79701
0.00 0.71735
76.80 0.90120
68.27 0.89092
59.73 0.88188
51.20 0.87276
42.67 0.85658
34.13 0.83719
25.60 0.81845
17.07 0.79689
8.53 0.76856
0.00 0.69173
