25.00 0.93995
22.22 0.93875
19.44 0.93823
16.67 0.93699
13.89 0.93508
11.11 0.93417
8.33 0.93201
5.56 0.92488
2.78 0.88824
0.00 0.79956
20.00 0.93505
17.78 0.93483
15.56 0.93338
13.33 0.93193
11.11 0.93168
8.89 0.92971
6.67 0.92673
4.44 0.91453
2.22 0.87571
0.00 0.78838
16.00 0.94135
14.22 0.93973
12.44 0.93955
10.67 0.93536
8.89 0.93112
7.11 0.92838
5.33 0.92397
3.56 0.89487
1.78 0.84046
0.00 0.75657
12.80 0.93415
11.38 0.93363
9.96 0.92893
8.53 0.92581
7.11 0.92228
5.69 0.91978
4.27 0.91041
2.84 0.88562
1.42 0.82898
0.00 0.74621
