150.00 0.95590
133.33 0.95217
116.67 0.95338
100.00 0.95190
83.33 0.95036
66.67 0.94999
50.00 0.94958
33.33 0.95003
16.67 0.94854
0.00 0.85389
120.00 0.94875
106.67 0.94835
93.33 0.95062
80.00 0.94909
66.67 0.94994
53.33 0.94918
40.00 0.94944
26.67 0.94861
13.33 0.94144
0.00 0.84734
96.00 0.95275
85.33 0.95235
74.67 0.94953
64.00 0.95069
53.33 0.94868
42.67 0.94941
32.00 0.94945
21.33 0.94726
10.67 0.94133
0.00 0.84757
76.80 0.94400
68.27 0.94658
59.73 0.94892
51.20 0.94861
42.67 0.94745
34.13 0.94815
25.60 0.94786
17.07 0.94591
8.53 0.93215
0.00 0.83898
