150.00 0.94370
133.33 0.94403
116.67 0.94443
100.00 0.94366
83.33 0.94339
66.67 0.94356
50.00 0.94175
33.33 0.94059
16.67 0.93306
0.00 0.84032
120.00 0.94420
106.67 0.94180
93.33 0.94327
80.00 0.94537
66.67 0.94481
53.33 0.94388
40.00 0.94286
26.67 0.93940
13.33 0.92553
0.00 0.83351
96.00 0.94085
85.33 0.93712
74.67 0.93812
64.00 0.93717
53.33 0.93764
42.67 0.93729
32.00 0.93467
21.33 0.93199
10.67 0.91029
0.00 0.81932
76.80 0.94515
68.27 0.94305
59.73 0.94228
51.20 0.94200
42.67 0.94189
34.13 0.93841
25.60 0.93467
17.07 0.92803
8.53 0.89070
0.00 0.80170
