300.00 0.50182
293.88 0.47453
287.76 0.46379
281.63 0.45528
275.51 0.45092
269.39 0.44714
263.27 0.44344
257.14 0.44071
251.02 0.43709
244.90 0.43434
238.78 0.43128
232.65 0.42802
226.53 0.42523
220.41 0.42188
214.29 0.41817
208.16 0.41493
202.04 0.41170
195.92 0.40862
189.80 0.40549
183.67 0.40215
177.55 0.39853
171.43 0.39487
165.31 0.39149
159.18 0.38797
153.06 0.38460
146.94 0.38125
140.82 0.37782
134.69 0.37406
128.57 0.37033
122.45 0.36656
116.33 0.36273
110.20 0.35886
104.08 0.35492
97.96 0.35114
91.84 0.34707
85.71 0.34323
79.59 0.33917
73.47 0.33503
67.35 0.33079
61.22 0.32668
55.10 0.32242
48.98 0.31815
42.86 0.31370
36.73 0.30925
30.61 0.30457
24.49 0.29979
18.37 0.29494
12.24 0.28999
6.12 0.28485
0.00 0.27920
120.00 0.25337
117.78 0.25254
115.56 0.25165
113.33 0.25025
111.11 0.24956
108.89 0.24753
106.67 0.24644
104.44 0.24513
102.22 0.24386
100.00 0.24229
97.78 0.24074
95.56 0.23874
93.33 0.23701
91.11 0.23518
88.89 0.23331
86.67 0.23155
84.44 0.22995
82.22 0.22826
80.00 0.22650
77.78 0.22471
75.56 0.22291
73.33 0.22098
71.11 0.21917
68.89 0.21739
66.67 0.21525
64.44 0.21330
62.22 0.21140
60.00 0.20952
57.78 0.20785
55.56 0.20614
53.33 0.20437
51.11 0.20254
48.89 0.20066
46.67 0.19872
44.44 0.19688
42.22 0.19510
40.00 0.19324
37.78 0.19127
35.56 0.18921
33.33 0.18715
31.11 0.18501
28.89 0.18287
26.67 0.18072
24.44 0.17855
22.22 0.17637
20.00 0.17416
17.78 0.17191
15.56 0.16964
13.33 0.16738
11.11 0.16510
8.89 0.16282
6.67 0.16051
4.44 0.15815
2.22 0.15566
0.00 0.15286
48.00 0.13751
47.19 0.13785
46.37 0.13676
45.56 0.13574
44.75 0.13562
43.93 0.13401
43.12 0.13240
42.31 0.13103
41.49 0.13023
40.68 0.12949
39.86 0.12886
39.05 0.12822
38.24 0.12761
37.42 0.12649
36.61 0.12545
35.80 0.12470
34.98 0.12363
34.17 0.12275
33.36 0.12185
32.54 0.12107
31.73 0.12020
30.92 0.11946
30.10 0.11871
29.29 0.11798
28.47 0.11725
27.66 0.11653
26.85 0.11590
26.03 0.11506
25.22 0.11440
24.41 0.11376
23.59 0.11304
22.78 0.11221
21.97 0.11144
21.15 0.11062
20.34 0.10975
19.53 0.10895
18.71 0.10814
17.90 0.10724
17.08 0.10641
16.27 0.10551
15.46 0.10471
14.64 0.10384
13.83 0.10297
13.02 0.10204
12.20 0.10109
11.39 0.10017
10.58 0.09923
9.76 0.09831
8.95 0.09736
8.14 0.09638
7.32 0.09541
6.51 0.09442
5.69 0.09341
4.88 0.09240
4.07 0.09135
3.25 0.09027
2.44 0.08916
1.63 0.08799
0.81 0.08675
0.00 0.08532
19.20 0.07774
18.90 0.07744
18.60 0.07784
18.30 0.07683
18.00 0.07697
17.70 0.07718
17.40 0.07693
17.10 0.07683
16.80 0.07629
16.50 0.07558
16.20 0.07496
15.90 0.07480
15.60 0.07455
15.30 0.07436
15.00 0.07421
14.70 0.07392
14.40 0.07346
14.10 0.07309
13.80 0.07263
13.50 0.07204
13.20 0.07165
12.90 0.07123
12.60 0.07091
12.30 0.07059
12.00 0.07024
11.70 0.06991
11.40 0.06970
11.10 0.06946
10.80 0.06908
10.50 0.06866
10.20 0.06838
9.90 0.06809
9.60 0.06788
9.30 0.06764
9.00 0.06744
8.70 0.06714
8.40 0.06674
8.10 0.06633
7.80 0.06614
7.50 0.06578
7.20 0.06541
6.90 0.06498
6.60 0.06459
6.30 0.06428
6.00 0.06394
5.70 0.06356
5.40 0.06319
5.10 0.06275
4.80 0.06230
4.50 0.06185
4.20 0.06135
3.90 0.06086
3.60 0.06035
3.30 0.05983
3.00 0.05935
2.70 0.05887
2.40 0.05836
2.10 0.05783
1.80 0.05730
1.50 0.05674
1.20 0.05615
0.90 0.05554
0.60 0.05488
0.30 0.05418
0.00 0.05337
7.68 0.05289
7.57 0.05303
7.46 0.05335
7.35 0.05239
7.23 0.05193
7.12 0.05153
7.01 0.05066
6.90 0.04989
6.79 0.04964
6.68 0.04995
6.57 0.05005
6.46 0.04996
6.34 0.05000
6.23 0.04978
6.12 0.04959
6.01 0.04936
5.90 0.04907
5.79 0.04883
5.68 0.04860
5.57 0.04837
5.45 0.04826
5.34 0.04806
5.23 0.04796
5.12 0.04773
5.01 0.04742
4.90 0.04705
4.79 0.04672
4.67 0.04644
4.56 0.04620
4.45 0.04600
4.34 0.04583
4.23 0.04572
4.12 0.04562
4.01 0.04546
3.90 0.04531
3.78 0.04512
3.67 0.04490
3.56 0.04468
3.45 0.04450
3.34 0.04420
3.23 0.04393
3.12 0.04368
3.01 0.04351
2.89 0.04330
2.78 0.04306
2.67 0.04284
2.56 0.04265
2.45 0.04246
2.34 0.04223
2.23 0.04203
2.11 0.04176
2.00 0.04151
1.89 0.04125
1.78 0.04103
1.67 0.04078
1.56 0.04053
1.45 0.04025
1.34 0.03995
1.22 0.03965
1.11 0.03935
1.00 0.03906
0.89 0.03875
0.78 0.03843
0.67 0.03811
0.56 0.03778
0.45 0.03744
0.33 0.03708
0.22 0.03671
0.11 0.03629
0.00 0.03578
3.07 0.03538
3.03 0.03527
2.99 0.03524
2.95 0.03522
2.91 0.03502
2.86 0.03488
2.82 0.03470
2.78 0.03419
2.74 0.03396
2.70 0.03381
2.66 0.03366
2.62 0.03346
2.57 0.03324
2.53 0.03315
2.49 0.03308
2.45 0.03298
2.41 0.03308
2.37 0.03308
2.32 0.03308
2.28 0.03313
2.24 0.03318
2.20 0.03317
2.16 0.03310
2.12 0.03298
2.08 0.03278
2.03 0.03266
1.99 0.03255
1.95 0.03241
1.91 0.03230
1.87 0.03217
1.83 0.03199
1.79 0.03179
1.74 0.03165
1.70 0.03149
1.66 0.03130
1.62 0.03112
1.58 0.03097
1.54 0.03079
1.49 0.03064
1.45 0.03052
1.41 0.03042
1.37 0.03030
1.33 0.03016
1.29 0.03003
1.25 0.02989
1.20 0.02975
1.16 0.02960
1.12 0.02944
1.08 0.02926
1.04 0.02910
1.00 0.02891
0.95 0.02872
0.91 0.02852
0.87 0.02832
0.83 0.02812
0.79 0.02791
0.75 0.02770
0.71 0.02750
0.66 0.02729
0.62 0.02708
0.58 0.02687
0.54 0.02666
0.50 0.02646
0.46 0.02625
0.42 0.02602
0.37 0.02580
0.33 0.02558
0.29 0.02535
0.25 0.02512
0.21 0.02489
0.17 0.02464
0.12 0.02440
0.08 0.02414
0.04 0.02386
0.00 0.02355
1.23 0.02088
1.21 0.02049
1.20 0.02024
1.18 0.02022
1.17 0.02028
1.15 0.02030
1.14 0.02050
1.12 0.02041
1.10 0.02072
1.09 0.02093
1.07 0.02114
1.06 0.02119
1.04 0.02128
1.03 0.02138
1.01 0.02142
1.00 0.02140
0.98 0.02141
0.96 0.02138
0.95 0.02132
0.93 0.02124
0.92 0.02120
0.90 0.02109
0.89 0.02100
0.87 0.02097
0.86 0.02094
0.84 0.02084
0.82 0.02078
0.81 0.02072
0.79 0.02067
0.78 0.02058
0.76 0.02053
0.75 0.02046
0.73 0.02037
0.72 0.02027
0.70 0.02016
0.68 0.02006
0.67 0.01995
0.65 0.01987
0.64 0.01983
0.62 0.01980
0.61 0.01977
0.59 0.01974
0.58 0.01973
0.56 0.01971
0.54 0.01964
0.53 0.01963
0.51 0.01959
0.50 0.01956
0.48 0.01951
0.47 0.01946
0.45 0.01941
0.44 0.01934
0.42 0.01925
0.40 0.01917
0.39 0.01909
0.37 0.01899
0.36 0.01890
0.34 0.01880
0.33 0.01871
0.31 0.01861
0.30 0.01849
0.28 0.01839
0.26 0.01828
0.25 0.01817
0.23 0.01805
0.22 0.01795
0.20 0.01783
0.19 0.01772
0.17 0.01759
0.16 0.01746
0.14 0.01734
0.12 0.01721
0.11 0.01708
0.09 0.01695
0.08 0.01681
0.06 0.01666
0.05 0.01651
0.03 0.01634
0.02 0.01617
0.00 0.01598
0.49 0.01478
0.49 0.01463
0.48 0.01471
0.47 0.01492
0.47 0.01481
0.46 0.01477
0.46 0.01477
0.45 0.01482
0.44 0.01486
0.44 0.01488
0.43 0.01493
0.43 0.01496
0.42 0.01493
0.42 0.01485
0.41 0.01477
0.40 0.01474
0.40 0.01473
0.39 0.01471
0.39 0.01464
0.38 0.01459
0.37 0.01450
0.37 0.01442
0.36 0.01438
0.36 0.01435
0.35 0.01433
0.35 0.01424
0.34 0.01418
0.33 0.01413
0.33 0.01407
0.32 0.01402
0.32 0.01396
0.31 0.01390
0.30 0.01388
0.30 0.01381
0.29 0.01377
0.29 0.01372
0.28 0.01365
0.28 0.01361
0.27 0.01354
0.26 0.01346
0.26 0.01340
0.25 0.01334
0.25 0.01329
0.24 0.01323
0.23 0.01316
0.23 0.01312
0.22 0.01306
0.22 0.01300
0.21 0.01295
0.20 0.01290
0.20 0.01284
0.19 0.01277
0.19 0.01271
0.18 0.01265
0.18 0.01258
0.17 0.01252
0.16 0.01245
0.16 0.01240
0.15 0.01234
0.15 0.01227
0.14 0.01219
0.13 0.01212
0.13 0.01205
0.12 0.01199
0.12 0.01192
0.11 0.01185
0.11 0.01178
0.10 0.01170
0.09 0.01162
0.09 0.01155
0.08 0.01147
0.08 0.01139
0.07 0.01131
0.06 0.01124
0.06 0.01116
0.05 0.01107
0.05 0.01099
0.04 0.01091
0.04 0.01082
0.03 0.01073
0.02 0.01065
0.02 0.01055
0.01 0.01046
0.01 0.01036
0.00 0.01024
0.20 0.00958
0.19 0.00933
0.19 0.00932
0.19 0.00933
0.19 0.00929
0.19 0.00917
0.18 0.00915
0.18 0.00911
0.18 0.00911
0.18 0.00908
0.17 0.00906
0.17 0.00905
0.17 0.00902
0.17 0.00898
0.17 0.00895
0.16 0.00890
0.16 0.00887
0.16 0.00887
0.16 0.00888
0.15 0.00886
0.15 0.00887
0.15 0.00883
0.15 0.00884
0.15 0.00882
0.14 0.00880
0.14 0.00877
0.14 0.00875
0.14 0.00871
0.13 0.00869
0.13 0.00867
0.13 0.00866
0.13 0.00863
0.13 0.00860
0.12 0.00857
0.12 0.00854
0.12 0.00853
0.12 0.00850
0.11 0.00846
0.11 0.00844
0.11 0.00840
0.11 0.00837
0.11 0.00836
0.10 0.00833
0.10 0.00830
0.10 0.00828
0.10 0.00826
0.09 0.00822
0.09 0.00819
0.09 0.00816
0.09 0.00814
0.09 0.00810
0.08 0.00807
0.08 0.00804
0.08 0.00800
0.08 0.00797
0.08 0.00794
0.07 0.00790
0.07 0.00787
0.07 0.00784
0.07 0.00780
0.06 0.00777
0.06 0.00774
0.06 0.00770
0.06 0.00766
0.06 0.00762
0.05 0.00758
0.05 0.00755
0.05 0.00751
0.05 0.00748
0.04 0.00744
0.04 0.00740
0.04 0.00736
0.04 0.00732
0.04 0.00728
0.03 0.00723
0.03 0.00719
0.03 0.00715
0.03 0.00710
0.02 0.00706
0.02 0.00701
0.02 0.00697
0.02 0.00692
0.02 0.00687
0.01 0.00682
0.01 0.00677
0.01 0.00671
0.01 0.00665
0.00 0.00659
0.00 0.00653
0.00 0.00647
0.08 0.00653
0.08 0.00630
0.08 0.00618
0.08 0.00624
0.08 0.00617
0.07 0.00610
0.07 0.00621
0.07 0.00619
0.07 0.00617
0.07 0.00614
0.07 0.00612
0.07 0.00612
0.07 0.00605
0.07 0.00602
0.07 0.00599
0.07 0.00601
0.07 0.00600
0.06 0.00598
0.06 0.00598
0.06 0.00596
0.06 0.00594
0.06 0.00593
0.06 0.00593
0.06 0.00593
0.06 0.00591
0.06 0.00589
0.06 0.00587
0.06 0.00586
0.06 0.00583
0.05 0.00580
0.05 0.00579
0.05 0.00578
0.05 0.00576
0.05 0.00575
0.05 0.00573
0.05 0.00571
0.05 0.00568
0.05 0.00565
0.05 0.00563
0.05 0.00560
0.05 0.00558
0.04 0.00555
0.04 0.00553
0.04 0.00551
0.04 0.00549
0.04 0.00548
0.04 0.00546
0.04 0.00544
0.04 0.00542
0.04 0.00540
0.04 0.00538
0.04 0.00536
0.04 0.00534
0.03 0.00532
0.03 0.00530
0.03 0.00528
0.03 0.00526
0.03 0.00523
0.03 0.00521
0.03 0.00518
0.03 0.00516
0.03 0.00514
0.03 0.00512
0.03 0.00509
0.03 0.00507
0.02 0.00505
0.02 0.00503
0.02 0.00500
0.02 0.00498
0.02 0.00496
0.02 0.00494
0.02 0.00491
0.02 0.00488
0.02 0.00486
0.02 0.00483
0.02 0.00480
0.02 0.00478
0.01 0.00475
0.01 0.00472
0.01 0.00470
0.01 0.00467
0.01 0.00464
0.01 0.00461
0.01 0.00458
0.01 0.00455
0.01 0.00451
0.01 0.00448
0.01 0.00445
0.01 0.00442
0.00 0.00439
0.00 0.00435
0.00 0.00432
0.00 0.00428
0.00 0.00424
0.00 0.00420
0.00 0.01738
0.00 0.01137
0.00 0.00910
0.00 0.00765
0.00 0.00683
0.00 0.00641
0.00 0.00590
0.00 0.00558
0.00 0.00526
0.00 0.00490
0.00 0.00476
0.00 0.00453
0.00 0.00432
0.00 0.00413
0.00 0.00401
0.00 0.00385
0.00 0.00369
0.00 0.00355
0.00 0.00348
0.00 0.00341
0.00 0.00330
0.00 0.00320
0.00 0.00311
0.00 0.00303
0.00 0.00297
0.00 0.00290
0.00 0.00286
0.00 0.00280
0.00 0.00274
0.00 0.00269
0.00 0.00265
0.00 0.00261
0.00 0.00257
0.00 0.00252
0.00 0.00248
0.00 0.00242
0.00 0.00238
0.00 0.00234
0.00 0.00231
0.00 0.00228
0.00 0.00224
0.00 0.00221
0.00 0.00217
0.00 0.00214
0.00 0.00213
0.00 0.00211
0.00 0.00209
0.00 0.00208
0.00 0.00206
0.00 0.00204
0.00 0.00202
0.00 0.00200
0.00 0.00199
0.00 0.00197
0.00 0.00194
0.00 0.00192
0.00 0.00191
0.00 0.00189
0.00 0.00186
0.00 0.00184
0.00 0.00182
0.00 0.00180
0.00 0.00178
0.00 0.00176
0.00 0.00175
0.00 0.00173
0.00 0.00173
0.00 0.00171
0.00 0.00170
0.00 0.00169
0.00 0.00167
0.00 0.00166
0.00 0.00165
0.00 0.00163
0.00 0.00162
0.00 0.00161
0.00 0.00160
0.00 0.00159
0.00 0.00158
0.00 0.00157
0.00 0.00155
0.00 0.00154
0.00 0.00153
0.00 0.00152
0.00 0.00151
0.00 0.00150
0.00 0.00149
0.00 0.00148
0.00 0.00147
0.00 0.00146
0.00 0.00146
0.00 0.00145
0.00 0.00144
0.00 0.00143
0.00 0.00142
0.00 0.00141
0.00 0.00140
0.00 0.00139
0.00 0.00138
0.00 0.00137
