150.00 0.92125
133.33 0.90692
116.67 0.89858
100.00 0.89734
83.33 0.89035
66.67 0.87699
50.00 0.85616
33.33 0.82616
16.67 0.78945
0.00 0.71061
120.00 0.89780
106.67 0.89810
93.33 0.87953
80.00 0.86671
66.67 0.85661
53.33 0.83776
40.00 0.81386
26.67 0.78550
13.33 0.75004
0.00 0.67510
96.00 0.88370
85.33 0.87967
74.67 0.86955
64.00 0.84539
53.33 0.82139
42.67 0.79783
32.00 0.77319
21.33 0.74383
10.67 0.70723
0.00 0.63660
76.80 0.84120
68.27 0.83417
59.73 0.82233
51.20 0.79864
42.67 0.77698
34.13 0.75371
25.60 0.72986
17.07 0.70093
8.53 0.66443
0.00 0.59806
