150.00 0.92460
133.33 0.91753
116.67 0.90230
100.00 0.89623
83.33 0.89349
66.67 0.87102
50.00 0.84045
33.33 0.80665
16.67 0.76125
0.00 0.68521
120.00 0.88170
106.67 0.89007
93.33 0.88077
80.00 0.87633
66.67 0.85933
53.33 0.82971
40.00 0.79964
26.67 0.76523
13.33 0.71967
0.00 0.64779
96.00 0.88270
85.33 0.85495
74.67 0.85880
64.00 0.83921
53.33 0.82097
42.67 0.78758
32.00 0.75420
21.33 0.71754
10.67 0.67249
0.00 0.60535
76.80 0.80365
68.27 0.83142
59.73 0.81895
51.20 0.78881
42.67 0.75457
34.13 0.72357
25.60 0.69161
17.07 0.65682
8.53 0.61337
0.00 0.55214
