150.00 0.93175
133.33 0.93197
116.67 0.92778
100.00 0.91694
83.33 0.91083
66.67 0.89655
50.00 0.85876
33.33 0.81809
16.67 0.76797
0.00 0.69136
120.00 0.91110
106.67 0.90917
93.33 0.90287
80.00 0.89831
66.67 0.89621
53.33 0.87919
40.00 0.84645
26.67 0.80078
13.33 0.74856
0.00 0.67388
96.00 0.89600
85.33 0.89367
74.67 0.88708
64.00 0.86245
53.33 0.82975
42.67 0.79688
32.00 0.75873
21.33 0.71823
10.67 0.67033
0.00 0.60343
76.80 0.84940
68.27 0.85310
59.73 0.84005
51.20 0.80174
42.67 0.75728
34.13 0.71933
25.60 0.68559
17.07 0.64884
8.53 0.60289
0.00 0.54285
