150.00 0.92420
133.33 0.92145
116.67 0.92172
100.00 0.92191
83.33 0.91768
66.67 0.91538
50.00 0.90444
33.33 0.87257
16.67 0.82817
0.00 0.74554
120.00 0.91210
106.67 0.91390
93.33 0.91405
80.00 0.91659
66.67 0.91378
53.33 0.90539
40.00 0.87324
26.67 0.83467
13.33 0.78672
0.00 0.70817
96.00 0.89925
85.33 0.90670
74.67 0.90393
64.00 0.89959
53.33 0.89154
42.67 0.87617
32.00 0.84155
21.33 0.80016
10.67 0.75019
0.00 0.67532
76.80 0.90415
68.27 0.89375
59.73 0.88657
51.20 0.86731
42.67 0.85233
34.13 0.81827
25.60 0.78100
17.07 0.73956
8.53 0.69086
0.00 0.62191
