300.00 0.48767
293.88 0.46470
287.76 0.45546
281.63 0.45054
275.51 0.44606
269.39 0.44220
263.27 0.43898
257.14 0.43543
251.02 0.43263
244.90 0.42915
238.78 0.42625
232.65 0.42283
226.53 0.41905
220.41 0.41579
214.29 0.41252
208.16 0.40964
202.04 0.40682
195.92 0.40373
189.80 0.40048
183.67 0.39726
177.55 0.39400
171.43 0.39078
165.31 0.38759
159.18 0.38434
153.06 0.38129
146.94 0.37808
140.82 0.37449
134.69 0.37118
128.57 0.36778
122.45 0.36414
116.33 0.36055
110.20 0.35694
104.08 0.35326
97.96 0.34959
91.84 0.34590
85.71 0.34202
79.59 0.33809
73.47 0.33411
67.35 0.32996
61.22 0.32585
55.10 0.32170
48.98 0.31751
42.86 0.31324
36.73 0.30889
30.61 0.30439
24.49 0.29976
18.37 0.29504
12.24 0.29025
6.12 0.28525
0.00 0.27958
120.00 0.25728
117.78 0.25576
115.56 0.25610
113.33 0.25505
111.11 0.25347
108.89 0.25219
106.67 0.25092
104.44 0.24958
102.22 0.24749
100.00 0.24566
97.78 0.24386
95.56 0.24194
93.33 0.24044
91.11 0.23875
88.89 0.23701
86.67 0.23528
84.44 0.23372
82.22 0.23182
80.00 0.22980
77.78 0.22799
75.56 0.22608
73.33 0.22428
71.11 0.22232
68.89 0.22051
66.67 0.21877
64.44 0.21701
62.22 0.21517
60.00 0.21341
57.78 0.21137
55.56 0.20966
53.33 0.20781
51.11 0.20600
48.89 0.20412
46.67 0.20246
44.44 0.20073
42.22 0.19879
40.00 0.19693
37.78 0.19496
35.56 0.19296
33.33 0.19088
31.11 0.18884
28.89 0.18685
26.67 0.18479
24.44 0.18258
22.22 0.18055
20.00 0.17838
17.78 0.17613
15.56 0.17385
13.33 0.17158
11.11 0.16924
8.89 0.16681
6.67 0.16433
4.44 0.16183
2.22 0.15923
0.00 0.15635
48.00 0.14393
47.19 0.14661
46.37 0.14373
45.56 0.14089
44.75 0.13902
43.93 0.13758
43.12 0.13657
42.31 0.13539
41.49 0.13431
40.68 0.13368
39.86 0.13283
39.05 0.13184
38.24 0.13147
37.42 0.13036
36.61 0.12910
35.80 0.12809
34.98 0.12752
34.17 0.12673
33.36 0.12549
32.54 0.12439
31.73 0.12336
30.92 0.12287
30.10 0.12217
29.29 0.12118
28.47 0.12053
27.66 0.11970
26.85 0.11892
26.03 0.11816
25.22 0.11727
24.41 0.11621
23.59 0.11556
22.78 0.11512
21.97 0.11425
21.15 0.11330
20.34 0.11236
19.53 0.11161
18.71 0.11096
17.90 0.11015
17.08 0.10909
16.27 0.10809
15.46 0.10723
14.64 0.10627
13.83 0.10516
13.02 0.10406
12.20 0.10301
11.39 0.10191
10.58 0.10085
9.76 0.09975
8.95 0.09865
8.14 0.09748
7.32 0.09636
6.51 0.09524
5.69 0.09414
4.88 0.09301
4.07 0.09189
3.25 0.09071
2.44 0.08953
1.63 0.08831
0.81 0.08703
0.00 0.08559
19.20 0.07163
18.90 0.06947
18.60 0.06817
18.30 0.06966
18.00 0.07148
17.70 0.07021
17.40 0.06949
17.10 0.06899
16.80 0.06874
16.50 0.06876
16.20 0.06877
15.90 0.06914
15.60 0.07065
15.30 0.07138
15.00 0.07145
14.70 0.07116
14.40 0.07072
14.10 0.07084
13.80 0.07094
13.50 0.07137
13.20 0.07159
12.90 0.07162
12.60 0.07121
12.30 0.07061
12.00 0.06999
11.70 0.06933
11.40 0.06877
11.10 0.06831
10.80 0.06785
10.50 0.06728
10.20 0.06669
9.90 0.06611
9.60 0.06552
9.30 0.06493
9.00 0.06435
8.70 0.06380
8.40 0.06326
8.10 0.06267
7.80 0.06218
7.50 0.06163
7.20 0.06108
6.90 0.06055
6.60 0.06003
6.30 0.05953
6.00 0.05901
5.70 0.05849
5.40 0.05797
5.10 0.05746
4.80 0.05692
4.50 0.05641
4.20 0.05588
3.90 0.05535
3.60 0.05481
3.30 0.05427
3.00 0.05374
2.70 0.05320
2.40 0.05265
2.10 0.05209
1.80 0.05152
1.50 0.05094
1.20 0.05035
0.90 0.04973
0.60 0.04911
0.30 0.04847
0.00 0.04773
7.68 0.03935
7.57 0.03981
7.46 0.03964
7.35 0.03954
7.23 0.03942
7.12 0.03921
7.01 0.03891
6.90 0.03864
6.79 0.03836
6.68 0.03820
6.57 0.03808
6.46 0.03781
6.34 0.03768
6.23 0.03762
6.12 0.03745
6.01 0.03730
5.90 0.03721
5.79 0.03717
5.68 0.03704
5.57 0.03696
5.45 0.03686
5.34 0.03673
5.23 0.03654
5.12 0.03639
5.01 0.03621
4.90 0.03603
4.79 0.03588
4.67 0.03569
4.56 0.03554
4.45 0.03534
4.34 0.03516
4.23 0.03497
4.12 0.03479
4.01 0.03460
3.90 0.03440
3.78 0.03420
3.67 0.03402
3.56 0.03384
3.45 0.03364
3.34 0.03344
3.23 0.03324
3.12 0.03306
3.01 0.03288
2.89 0.03270
2.78 0.03251
2.67 0.03231
2.56 0.03213
2.45 0.03195
2.34 0.03177
2.23 0.03158
2.11 0.03139
2.00 0.03119
1.89 0.03096
1.78 0.03075
1.67 0.03053
1.56 0.03031
1.45 0.03008
1.34 0.02986
1.22 0.02962
1.11 0.02939
1.00 0.02914
0.89 0.02890
0.78 0.02864
0.67 0.02839
0.56 0.02812
0.45 0.02786
0.33 0.02756
0.22 0.02724
0.11 0.02692
0.00 0.02654
3.07 0.02498
3.03 0.02541
2.99 0.02500
2.95 0.02504
2.91 0.02484
2.86 0.02482
2.82 0.02473
2.78 0.02457
2.74 0.02451
2.70 0.02452
2.66 0.02451
2.62 0.02448
2.57 0.02441
2.53 0.02432
2.49 0.02420
2.45 0.02408
2.41 0.02397
2.37 0.02388
2.32 0.02376
2.28 0.02366
2.24 0.02355
2.20 0.02347
2.16 0.02335
2.12 0.02322
2.08 0.02310
2.03 0.02302
1.99 0.02290
1.95 0.02278
1.91 0.02266
1.87 0.02256
1.83 0.02246
1.79 0.02234
1.74 0.02225
1.70 0.02214
1.66 0.02202
1.62 0.02191
1.58 0.02179
1.54 0.02169
1.49 0.02158
1.45 0.02148
1.41 0.02136
1.37 0.02124
1.33 0.02111
1.29 0.02097
1.25 0.02086
1.20 0.02075
1.16 0.02063
1.12 0.02053
1.08 0.02042
1.04 0.02031
1.00 0.02019
0.95 0.02005
0.91 0.01993
0.87 0.01981
0.83 0.01968
0.79 0.01954
0.75 0.01941
0.71 0.01929
0.66 0.01915
0.62 0.01902
0.58 0.01889
0.54 0.01875
0.50 0.01861
0.46 0.01846
0.42 0.01832
0.37 0.01818
0.33 0.01803
0.29 0.01787
0.25 0.01772
0.21 0.01756
0.17 0.01739
0.12 0.01722
0.08 0.01704
0.04 0.01685
0.00 0.01663
1.23 0.01579
1.21 0.01571
1.20 0.01578
1.18 0.01564
1.17 0.01548
1.15 0.01541
1.14 0.01535
1.12 0.01529
1.10 0.01523
1.09 0.01527
1.07 0.01522
1.06 0.01514
1.04 0.01510
1.03 0.01504
1.01 0.01496
1.00 0.01491
0.98 0.01484
0.96 0.01481
0.95 0.01472
0.93 0.01466
0.92 0.01463
0.90 0.01457
0.89 0.01452
0.87 0.01449
0.86 0.01443
0.84 0.01439
0.82 0.01435
0.81 0.01428
0.79 0.01424
0.78 0.01417
0.76 0.01411
0.75 0.01408
0.73 0.01401
0.72 0.01396
0.70 0.01391
0.68 0.01385
0.67 0.01379
0.65 0.01372
0.64 0.01365
0.62 0.01359
0.61 0.01352
0.59 0.01346
0.58 0.01338
0.56 0.01330
0.54 0.01325
0.53 0.01319
0.51 0.01312
0.50 0.01306
0.48 0.01300
0.47 0.01292
0.45 0.01285
0.44 0.01278
0.42 0.01270
0.40 0.01264
0.39 0.01257
0.37 0.01249
0.36 0.01241
0.34 0.01233
0.33 0.01226
0.31 0.01218
0.30 0.01210
0.28 0.01203
0.26 0.01196
0.25 0.01188
0.23 0.01180
0.22 0.01173
0.20 0.01165
0.19 0.01156
0.17 0.01148
0.16 0.01139
0.14 0.01130
0.12 0.01121
0.11 0.01113
0.09 0.01104
0.08 0.01094
0.06 0.01085
0.05 0.01074
0.03 0.01064
0.02 0.01053
0.00 0.01040
0.49 0.01022
0.49 0.00991
0.48 0.01003
0.47 0.00983
0.47 0.00974
0.46 0.00970
0.46 0.00957
0.45 0.00954
0.44 0.00949
0.44 0.00943
0.43 0.00939
0.43 0.00941
0.42 0.00941
0.42 0.00937
0.41 0.00932
0.40 0.00931
0.40 0.00927
0.39 0.00923
0.39 0.00920
0.38 0.00913
0.37 0.00909
0.37 0.00904
0.36 0.00902
0.36 0.00899
0.35 0.00895
0.35 0.00892
0.34 0.00889
0.33 0.00885
0.33 0.00884
0.32 0.00880
0.32 0.00879
0.31 0.00876
0.30 0.00872
0.30 0.00867
0.29 0.00864
0.29 0.00863
0.28 0.00859
0.28 0.00854
0.27 0.00851
0.26 0.00848
0.26 0.00845
0.25 0.00842
0.25 0.00839
0.24 0.00836
0.23 0.00832
0.23 0.00828
0.22 0.00824
0.22 0.00820
0.21 0.00817
0.20 0.00813
0.20 0.00809
0.19 0.00805
0.19 0.00801
0.18 0.00797
0.18 0.00793
0.17 0.00790
0.16 0.00786
0.16 0.00782
0.15 0.00778
0.15 0.00774
0.14 0.00771
0.13 0.00767
0.13 0.00763
0.12 0.00759
0.12 0.00755
0.11 0.00751
0.11 0.00746
0.10 0.00741
0.09 0.00737
0.09 0.00733
0.08 0.00728
0.08 0.00724
0.07 0.00719
0.06 0.00714
0.06 0.00709
0.05 0.00704
0.05 0.00699
0.04 0.00694
0.04 0.00688
0.03 0.00682
0.02 0.00676
0.02 0.00670
0.01 0.00664
0.01 0.00657
0.00 0.00650
0.20 0.00630
0.19 0.00634
0.19 0.00630
0.19 0.00626
0.19 0.00618
0.19 0.00627
0.18 0.00617
0.18 0.00618
0.18 0.00614
0.18 0.00608
0.17 0.00607
0.17 0.00610
0.17 0.00608
0.17 0.00606
0.17 0.00603
0.16 0.00600
0.16 0.00598
0.16 0.00596
0.16 0.00593
0.15 0.00590
0.15 0.00586
0.15 0.00584
0.15 0.00580
0.15 0.00578
0.14 0.00574
0.14 0.00573
0.14 0.00571
0.14 0.00568
0.13 0.00566
0.13 0.00564
0.13 0.00561
0.13 0.00558
0.13 0.00555
0.12 0.00553
0.12 0.00551
0.12 0.00549
0.12 0.00546
0.11 0.00545
0.11 0.00544
0.11 0.00542
0.11 0.00540
0.11 0.00539
0.10 0.00536
0.10 0.00534
0.10 0.00532
0.10 0.00530
0.09 0.00527
0.09 0.00525
0.09 0.00523
0.09 0.00521
0.09 0.00518
0.08 0.00515
0.08 0.00513
0.08 0.00510
0.08 0.00508
0.08 0.00506
0.07 0.00503
0.07 0.00502
0.07 0.00499
0.07 0.00497
0.06 0.00494
0.06 0.00492
0.06 0.00489
0.06 0.00487
0.06 0.00484
0.05 0.00482
0.05 0.00479
0.05 0.00476
0.05 0.00474
0.04 0.00471
0.04 0.00469
0.04 0.00466
0.04 0.00464
0.04 0.00461
0.03 0.00459
0.03 0.00456
0.03 0.00453
0.03 0.00450
0.02 0.00447
0.02 0.00444
0.02 0.00441
0.02 0.00438
0.02 0.00434
0.01 0.00431
0.01 0.00428
0.01 0.00424
0.01 0.00421
0.00 0.00418
0.00 0.00414
0.00 0.00409
0.08 0.00400
0.08 0.00389
0.08 0.00391
0.08 0.00394
0.08 0.00394
0.07 0.00387
0.07 0.00390
0.07 0.00388
0.07 0.00385
0.07 0.00385
0.07 0.00383
0.07 0.00382
0.07 0.00381
0.07 0.00378
0.07 0.00377
0.07 0.00375
0.07 0.00373
0.06 0.00371
0.06 0.00370
0.06 0.00370
0.06 0.00369
0.06 0.00369
0.06 0.00367
0.06 0.00365
0.06 0.00366
0.06 0.00366
0.06 0.00365
0.06 0.00362
0.06 0.00362
0.05 0.00360
0.05 0.00359
0.05 0.00358
0.05 0.00356
0.05 0.00356
0.05 0.00356
0.05 0.00355
0.05 0.00354
0.05 0.00353
0.05 0.00351
0.05 0.00351
0.05 0.00349
0.04 0.00348
0.04 0.00347
0.04 0.00345
0.04 0.00344
0.04 0.00343
0.04 0.00342
0.04 0.00340
0.04 0.00338
0.04 0.00337
0.04 0.00335
0.04 0.00334
0.04 0.00332
0.03 0.00331
0.03 0.00329
0.03 0.00327
0.03 0.00326
0.03 0.00325
0.03 0.00323
0.03 0.00321
0.03 0.00320
0.03 0.00319
0.03 0.00317
0.03 0.00315
0.03 0.00314
0.02 0.00312
0.02 0.00310
0.02 0.00309
0.02 0.00308
0.02 0.00306
0.02 0.00305
0.02 0.00303
0.02 0.00302
0.02 0.00300
0.02 0.00299
0.02 0.00298
0.02 0.00296
0.01 0.00294
0.01 0.00293
0.01 0.00291
0.01 0.00289
0.01 0.00287
0.01 0.00286
0.01 0.00284
0.01 0.00282
0.01 0.00281
0.01 0.00279
0.01 0.00277
0.01 0.00275
0.00 0.00273
0.00 0.00271
0.00 0.00268
0.00 0.00266
0.00 0.00264
0.00 0.00261
0.00 0.00580
0.00 0.00416
0.00 0.00333
0.00 0.00280
0.00 0.00243
0.00 0.00220
0.00 0.00198
0.00 0.00184
0.00 0.00172
0.00 0.00160
0.00 0.00150
0.00 0.00139
0.00 0.00132
0.00 0.00125
0.00 0.00117
0.00 0.00112
0.00 0.00108
0.00 0.00107
0.00 0.00103
0.00 0.00100
0.00 0.00097
0.00 0.00095
0.00 0.00093
0.00 0.00089
0.00 0.00087
0.00 0.00084
0.00 0.00081
0.00 0.00081
0.00 0.00079
0.00 0.00077
0.00 0.00074
0.00 0.00072
0.00 0.00071
0.00 0.00070
0.00 0.00069
0.00 0.00067
0.00 0.00066
0.00 0.00064
0.00 0.00063
0.00 0.00063
0.00 0.00062
0.00 0.00060
0.00 0.00059
0.00 0.00058
0.00 0.00057
0.00 0.00056
0.00 0.00055
0.00 0.00054
0.00 0.00054
0.00 0.00054
0.00 0.00053
0.00 0.00052
0.00 0.00052
0.00 0.00051
0.00 0.00052
0.00 0.00051
0.00 0.00050
0.00 0.00050
0.00 0.00049
0.00 0.00049
0.00 0.00048
0.00 0.00048
0.00 0.00048
0.00 0.00047
0.00 0.00046
0.00 0.00046
0.00 0.00045
0.00 0.00045
0.00 0.00044
0.00 0.00044
0.00 0.00043
0.00 0.00043
0.00 0.00042
0.00 0.00042
0.00 0.00041
0.00 0.00041
0.00 0.00040
0.00 0.00040
0.00 0.00040
0.00 0.00039
0.00 0.00039
0.00 0.00039
0.00 0.00038
0.00 0.00038
0.00 0.00038
0.00 0.00037
0.00 0.00037
0.00 0.00037
0.00 0.00037
0.00 0.00037
0.00 0.00037
0.00 0.00036
0.00 0.00036
0.00 0.00036
0.00 0.00035
0.00 0.00035
0.00 0.00035
0.00 0.00035
0.00 0.00035
0.00 0.00034
