300.00 0.50202
293.88 0.49547
287.76 0.48603
281.63 0.47598
275.51 0.47029
269.39 0.46638
263.27 0.46129
257.14 0.45718
251.02 0.45326
244.90 0.44947
238.78 0.44604
232.65 0.44248
226.53 0.43898
220.41 0.43501
214.29 0.43140
208.16 0.42750
202.04 0.42397
195.92 0.42063
189.80 0.41742
183.67 0.41399
177.55 0.41050
171.43 0.40691
165.31 0.40332
159.18 0.39982
153.06 0.39619
146.94 0.39270
140.82 0.38908
134.69 0.38538
128.57 0.38169
122.45 0.37781
116.33 0.37378
110.20 0.36988
104.08 0.36610
97.96 0.36219
91.84 0.35821
85.71 0.35423
79.59 0.35002
73.47 0.34573
67.35 0.34146
61.22 0.33709
55.10 0.33246
48.98 0.32781
42.86 0.32328
36.73 0.31849
30.61 0.31370
24.49 0.30885
18.37 0.30384
12.24 0.29860
6.12 0.29324
0.00 0.28741
120.00 0.26395
117.78 0.26113
115.56 0.26150
113.33 0.25866
111.11 0.25767
108.89 0.25615
106.67 0.25476
104.44 0.25274
102.22 0.25091
100.00 0.24850
97.78 0.24640
95.56 0.24463
93.33 0.24287
91.11 0.24116
88.89 0.23966
86.67 0.23796
84.44 0.23616
82.22 0.23481
80.00 0.23321
77.78 0.23172
75.56 0.22990
73.33 0.22783
71.11 0.22599
68.89 0.22370
66.67 0.22198
64.44 0.22026
62.22 0.21864
60.00 0.21682
57.78 0.21481
55.56 0.21289
53.33 0.21083
51.11 0.20871
48.89 0.20653
46.67 0.20452
44.44 0.20239
42.22 0.20034
40.00 0.19839
37.78 0.19604
35.56 0.19412
33.33 0.19236
31.11 0.19068
28.89 0.18849
26.67 0.18639
24.44 0.18439
22.22 0.18237
20.00 0.18022
17.78 0.17819
15.56 0.17611
13.33 0.17394
11.11 0.17180
8.89 0.16970
6.67 0.16752
4.44 0.16520
2.22 0.16271
0.00 0.15977
48.00 0.15518
47.19 0.15279
46.37 0.14642
45.56 0.14278
44.75 0.13972
43.93 0.13803
43.12 0.13758
42.31 0.13556
41.49 0.13361
40.68 0.13276
39.86 0.13222
39.05 0.13216
38.24 0.13149
37.42 0.12989
36.61 0.12875
35.80 0.12859
34.98 0.12760
34.17 0.12695
33.36 0.12601
32.54 0.12493
31.73 0.12427
30.92 0.12361
30.10 0.12309
29.29 0.12235
28.47 0.12173
27.66 0.12078
26.85 0.11986
26.03 0.11864
25.22 0.11787
24.41 0.11719
23.59 0.11642
22.78 0.11540
21.97 0.11423
21.15 0.11324
20.34 0.11229
19.53 0.11112
18.71 0.11020
17.90 0.10929
17.08 0.10863
16.27 0.10808
15.46 0.10740
14.64 0.10689
13.83 0.10624
13.02 0.10559
12.20 0.10461
11.39 0.10368
10.58 0.10274
9.76 0.10182
8.95 0.10079
8.14 0.09971
7.32 0.09874
6.51 0.09797
5.69 0.09716
4.88 0.09637
4.07 0.09552
3.25 0.09449
2.44 0.09335
1.63 0.09216
0.81 0.09089
0.00 0.08938
19.20 0.08011
18.90 0.07540
18.60 0.07508
18.30 0.07526
18.00 0.07562
17.70 0.07669
17.40 0.07779
17.10 0.07785
16.80 0.07752
16.50 0.07731
16.20 0.07662
15.90 0.07623
15.60 0.07565
15.30 0.07523
15.00 0.07445
14.70 0.07394
14.40 0.07313
14.10 0.07281
13.80 0.07277
13.50 0.07321
13.20 0.07303
12.90 0.07282
12.60 0.07240
12.30 0.07177
12.00 0.07142
11.70 0.07105
11.40 0.07073
11.10 0.07041
10.80 0.07003
10.50 0.06950
10.20 0.06884
9.90 0.06814
9.60 0.06752
9.30 0.06689
9.00 0.06632
8.70 0.06575
8.40 0.06520
8.10 0.06466
7.80 0.06420
7.50 0.06377
7.20 0.06324
6.90 0.06271
6.60 0.06220
6.30 0.06169
6.00 0.06119
5.70 0.06069
5.40 0.06019
5.10 0.05968
4.80 0.05917
4.50 0.05861
4.20 0.05805
3.90 0.05751
3.60 0.05698
3.30 0.05644
3.00 0.05588
2.70 0.05532
2.40 0.05475
2.10 0.05419
1.80 0.05361
1.50 0.05301
1.20 0.05241
0.90 0.05181
0.60 0.05117
0.30 0.05050
0.00 0.04973
7.68 0.04250
7.57 0.04281
7.46 0.04293
7.35 0.04306
7.23 0.04310
7.12 0.04272
7.01 0.04232
6.90 0.04187
6.79 0.04169
6.68 0.04146
6.57 0.04120
6.46 0.04097
6.34 0.04073
6.23 0.04045
6.12 0.04027
6.01 0.04009
5.90 0.03995
5.79 0.03982
5.68 0.03964
5.57 0.03947
5.45 0.03928
5.34 0.03904
5.23 0.03878
5.12 0.03850
5.01 0.03827
4.90 0.03803
4.79 0.03781
4.67 0.03757
4.56 0.03735
4.45 0.03712
4.34 0.03688
4.23 0.03668
4.12 0.03645
4.01 0.03624
3.90 0.03605
3.78 0.03583
3.67 0.03559
3.56 0.03541
3.45 0.03521
3.34 0.03499
3.23 0.03478
3.12 0.03453
3.01 0.03429
2.89 0.03405
2.78 0.03380
2.67 0.03355
2.56 0.03332
2.45 0.03311
2.34 0.03287
2.23 0.03264
2.11 0.03241
2.00 0.03217
1.89 0.03193
1.78 0.03171
1.67 0.03146
1.56 0.03121
1.45 0.03096
1.34 0.03069
1.22 0.03043
1.11 0.03018
1.00 0.02992
0.89 0.02964
0.78 0.02937
0.67 0.02908
0.56 0.02879
0.45 0.02849
0.33 0.02819
0.22 0.02788
0.11 0.02755
0.00 0.02716
3.07 0.02325
3.03 0.02377
2.99 0.02421
2.95 0.02436
2.91 0.02446
2.86 0.02461
2.82 0.02454
2.78 0.02462
2.74 0.02443
2.70 0.02440
2.66 0.02425
2.62 0.02413
2.57 0.02409
2.53 0.02407
2.49 0.02398
2.45 0.02390
2.41 0.02379
2.37 0.02367
2.32 0.02359
2.28 0.02348
2.24 0.02337
2.20 0.02330
2.16 0.02322
2.12 0.02316
2.08 0.02306
2.03 0.02297
1.99 0.02289
1.95 0.02280
1.91 0.02272
1.87 0.02261
1.83 0.02252
1.79 0.02241
1.74 0.02229
1.70 0.02218
1.66 0.02210
1.62 0.02199
1.58 0.02189
1.54 0.02175
1.49 0.02165
1.45 0.02153
1.41 0.02143
1.37 0.02133
1.33 0.02123
1.29 0.02110
1.25 0.02097
1.20 0.02087
1.16 0.02076
1.12 0.02065
1.08 0.02053
1.04 0.02042
1.00 0.02030
0.95 0.02018
0.91 0.02005
0.87 0.01993
0.83 0.01980
0.79 0.01968
0.75 0.01956
0.71 0.01943
0.66 0.01930
0.62 0.01917
0.58 0.01903
0.54 0.01890
0.50 0.01876
0.46 0.01861
0.42 0.01847
0.37 0.01832
0.33 0.01817
0.29 0.01802
0.25 0.01786
0.21 0.01770
0.17 0.01753
0.12 0.01736
0.08 0.01718
0.04 0.01699
0.00 0.01677
1.23 0.01611
1.21 0.01628
1.20 0.01613
1.18 0.01610
1.17 0.01612
1.15 0.01595
1.14 0.01583
1.12 0.01565
1.10 0.01560
1.09 0.01553
1.07 0.01543
1.06 0.01541
1.04 0.01532
1.03 0.01526
1.01 0.01522
1.00 0.01523
0.98 0.01518
0.96 0.01514
0.95 0.01512
0.93 0.01508
0.92 0.01500
0.90 0.01496
0.89 0.01493
0.87 0.01489
0.86 0.01482
0.84 0.01476
0.82 0.01471
0.81 0.01464
0.79 0.01458
0.78 0.01450
0.76 0.01445
0.75 0.01438
0.73 0.01432
0.72 0.01429
0.70 0.01422
0.68 0.01414
0.67 0.01407
0.65 0.01401
0.64 0.01395
0.62 0.01389
0.61 0.01381
0.59 0.01375
0.58 0.01369
0.56 0.01362
0.54 0.01355
0.53 0.01348
0.51 0.01343
0.50 0.01337
0.48 0.01330
0.47 0.01324
0.45 0.01317
0.44 0.01310
0.42 0.01302
0.40 0.01295
0.39 0.01288
0.37 0.01281
0.36 0.01274
0.34 0.01267
0.33 0.01260
0.31 0.01252
0.30 0.01243
0.28 0.01235
0.26 0.01228
0.25 0.01221
0.23 0.01212
0.22 0.01203
0.20 0.01196
0.19 0.01186
0.17 0.01178
0.16 0.01169
0.14 0.01159
0.12 0.01150
0.11 0.01141
0.09 0.01132
0.08 0.01122
0.06 0.01112
0.05 0.01101
0.03 0.01091
0.02 0.01079
0.00 0.01066
0.49 0.00964
0.49 0.00960
0.48 0.00963
0.47 0.00967
0.47 0.00976
0.46 0.00980
0.46 0.00988
0.45 0.00986
0.44 0.00977
0.44 0.00976
0.43 0.00968
0.43 0.00964
0.42 0.00960
0.42 0.00958
0.41 0.00956
0.40 0.00954
0.40 0.00952
0.39 0.00948
0.39 0.00947
0.38 0.00944
0.37 0.00943
0.37 0.00940
0.36 0.00937
0.36 0.00936
0.35 0.00934
0.35 0.00930
0.34 0.00926
0.33 0.00922
0.33 0.00920
0.32 0.00918
0.32 0.00914
0.31 0.00910
0.30 0.00906
0.30 0.00900
0.29 0.00897
0.29 0.00894
0.28 0.00890
0.28 0.00887
0.27 0.00882
0.26 0.00879
0.26 0.00875
0.25 0.00871
0.25 0.00867
0.24 0.00863
0.23 0.00860
0.23 0.00857
0.22 0.00853
0.22 0.00850
0.21 0.00846
0.20 0.00841
0.20 0.00837
0.19 0.00833
0.19 0.00829
0.18 0.00825
0.18 0.00820
0.17 0.00816
0.16 0.00812
0.16 0.00807
0.15 0.00803
0.15 0.00799
0.14 0.00794
0.13 0.00790
0.13 0.00786
0.12 0.00781
0.12 0.00776
0.11 0.00772
0.11 0.00767
0.10 0.00762
0.09 0.00758
0.09 0.00753
0.08 0.00748
0.08 0.00743
0.07 0.00738
0.06 0.00733
0.06 0.00728
0.05 0.00722
0.05 0.00716
0.04 0.00711
0.04 0.00705
0.03 0.00700
0.02 0.00694
0.02 0.00688
0.01 0.00681
0.01 0.00674
0.00 0.00667
0.20 0.00616
0.19 0.00613
0.19 0.00602
0.19 0.00611
0.19 0.00610
0.19 0.00613
0.18 0.00604
0.18 0.00604
0.18 0.00609
0.18 0.00606
0.17 0.00603
0.17 0.00603
0.17 0.00604
0.17 0.00602
0.17 0.00601
0.16 0.00599
0.16 0.00599
0.16 0.00598
0.16 0.00597
0.15 0.00594
0.15 0.00593
0.15 0.00590
0.15 0.00588
0.15 0.00588
0.14 0.00586
0.14 0.00583
0.14 0.00582
0.14 0.00581
0.13 0.00578
0.13 0.00577
0.13 0.00575
0.13 0.00573
0.13 0.00572
0.12 0.00569
0.12 0.00567
0.12 0.00565
0.12 0.00564
0.11 0.00562
0.11 0.00560
0.11 0.00557
0.11 0.00555
0.11 0.00552
0.10 0.00551
0.10 0.00549
0.10 0.00548
0.10 0.00545
0.09 0.00543
0.09 0.00541
0.09 0.00539
0.09 0.00537
0.09 0.00535
0.08 0.00532
0.08 0.00530
0.08 0.00528
0.08 0.00526
0.08 0.00523
0.07 0.00520
0.07 0.00517
0.07 0.00514
0.07 0.00512
0.06 0.00510
0.06 0.00507
0.06 0.00504
0.06 0.00502
0.06 0.00500
0.05 0.00497
0.05 0.00495
0.05 0.00492
0.05 0.00489
0.04 0.00487
0.04 0.00484
0.04 0.00481
0.04 0.00478
0.04 0.00475
0.03 0.00473
0.03 0.00470
0.03 0.00467
0.03 0.00464
0.02 0.00461
0.02 0.00458
0.02 0.00455
0.02 0.00452
0.02 0.00449
0.01 0.00445
0.01 0.00442
0.01 0.00438
0.01 0.00434
0.00 0.00430
0.00 0.00426
0.00 0.00421
0.08 0.00400
0.08 0.00391
0.08 0.00404
0.08 0.00404
0.08 0.00400
0.07 0.00401
0.07 0.00396
0.07 0.00398
0.07 0.00396
0.07 0.00397
0.07 0.00393
0.07 0.00395
0.07 0.00393
0.07 0.00391
0.07 0.00390
0.07 0.00389
0.07 0.00387
0.06 0.00387
0.06 0.00386
0.06 0.00384
0.06 0.00383
0.06 0.00383
0.06 0.00382
0.06 0.00380
0.06 0.00380
0.06 0.00379
0.06 0.00378
0.06 0.00376
0.06 0.00375
0.05 0.00374
0.05 0.00371
0.05 0.00370
0.05 0.00369
0.05 0.00369
0.05 0.00367
0.05 0.00366
0.05 0.00364
0.05 0.00363
0.05 0.00363
0.05 0.00361
0.05 0.00359
0.04 0.00358
0.04 0.00357
0.04 0.00355
0.04 0.00354
0.04 0.00353
0.04 0.00352
0.04 0.00350
0.04 0.00349
0.04 0.00348
0.04 0.00347
0.04 0.00346
0.04 0.00344
0.03 0.00343
0.03 0.00342
0.03 0.00340
0.03 0.00339
0.03 0.00337
0.03 0.00336
0.03 0.00334
0.03 0.00332
0.03 0.00331
0.03 0.00329
0.03 0.00327
0.03 0.00325
0.02 0.00324
0.02 0.00323
0.02 0.00321
0.02 0.00319
0.02 0.00318
0.02 0.00316
0.02 0.00315
0.02 0.00313
0.02 0.00311
0.02 0.00310
0.02 0.00308
0.02 0.00306
0.01 0.00305
0.01 0.00303
0.01 0.00301
0.01 0.00299
0.01 0.00297
0.01 0.00295
0.01 0.00294
0.01 0.00292
0.01 0.00290
0.01 0.00288
0.01 0.00286
0.01 0.00284
0.00 0.00282
0.00 0.00280
0.00 0.00278
0.00 0.00275
0.00 0.00273
0.00 0.00270
0.00 0.00476
0.00 0.00328
0.00 0.00256
0.00 0.00203
0.00 0.00179
0.00 0.00159
0.00 0.00149
0.00 0.00134
0.00 0.00124
0.00 0.00115
0.00 0.00107
0.00 0.00103
0.00 0.00097
0.00 0.00094
0.00 0.00088
0.00 0.00086
0.00 0.00084
0.00 0.00081
0.00 0.00081
0.00 0.00079
0.00 0.00077
0.00 0.00074
0.00 0.00072
0.00 0.00070
0.00 0.00068
0.00 0.00065
0.00 0.00064
0.00 0.00063
0.00 0.00061
0.00 0.00060
0.00 0.00059
0.00 0.00057
0.00 0.00056
0.00 0.00056
0.00 0.00055
0.00 0.00054
0.00 0.00053
0.00 0.00051
0.00 0.00050
0.00 0.00049
0.00 0.00048
0.00 0.00047
0.00 0.00046
0.00 0.00046
0.00 0.00046
0.00 0.00045
0.00 0.00044
0.00 0.00044
0.00 0.00043
0.00 0.00043
0.00 0.00042
0.00 0.00042
0.00 0.00041
0.00 0.00040
0.00 0.00040
0.00 0.00040
0.00 0.00039
0.00 0.00039
0.00 0.00039
0.00 0.00039
0.00 0.00038
0.00 0.00038
0.00 0.00038
0.00 0.00037
0.00 0.00036
0.00 0.00036
0.00 0.00035
0.00 0.00035
0.00 0.00035
0.00 0.00035
0.00 0.00034
0.00 0.00034
0.00 0.00034
0.00 0.00034
0.00 0.00033
0.00 0.00033
0.00 0.00033
0.00 0.00032
0.00 0.00032
0.00 0.00032
0.00 0.00031
0.00 0.00031
0.00 0.00031
0.00 0.00031
0.00 0.00030
0.00 0.00030
0.00 0.00030
0.00 0.00030
0.00 0.00029
0.00 0.00029
0.00 0.00029
0.00 0.00028
0.00 0.00028
0.00 0.00028
0.00 0.00027
0.00 0.00027
0.00 0.00027
0.00 0.00027
0.00 0.00026
0.00 0.00026
