150.00 0.94005
133.33 0.93127
116.67 0.93010
100.00 0.92846
83.33 0.91976
66.67 0.91121
50.00 0.89934
33.33 0.87804
16.67 0.85206
0.00 0.76689
120.00 0.92680
106.67 0.92020
93.33 0.91673
80.00 0.90973
66.67 0.90106
53.33 0.88642
40.00 0.87065
26.67 0.85046
13.33 0.82357
0.00 0.74123
96.00 0.91600
85.33 0.89587
74.67 0.89413
64.00 0.88911
53.33 0.87864
42.67 0.86269
32.00 0.84546
21.33 0.82361
10.67 0.79566
0.00 0.71613
76.80 0.88215
68.27 0.87062
59.73 0.86585
51.20 0.85391
42.67 0.84040
34.13 0.82487
25.60 0.80664
17.07 0.78601
8.53 0.75894
0.00 0.68308
