300.00 0.48704
293.88 0.46349
287.76 0.45557
281.63 0.45088
275.51 0.44690
269.39 0.44289
263.27 0.43911
257.14 0.43628
251.02 0.43326
244.90 0.43077
238.78 0.42769
232.65 0.42416
226.53 0.42131
220.41 0.41829
214.29 0.41526
208.16 0.41268
202.04 0.40970
195.92 0.40695
189.80 0.40372
183.67 0.40049
177.55 0.39734
171.43 0.39387
165.31 0.39098
159.18 0.38768
153.06 0.38431
146.94 0.38092
140.82 0.37765
134.69 0.37414
128.57 0.37087
122.45 0.36727
116.33 0.36353
110.20 0.35985
104.08 0.35619
97.96 0.35247
91.84 0.34864
85.71 0.34460
79.59 0.34063
73.47 0.33654
67.35 0.33247
61.22 0.32823
55.10 0.32392
48.98 0.31972
42.86 0.31547
36.73 0.31113
30.61 0.30665
24.49 0.30212
18.37 0.29736
12.24 0.29256
6.12 0.28756
0.00 0.28185
120.00 0.26034
117.78 0.25640
115.56 0.25607
113.33 0.25492
111.11 0.25362
108.89 0.25141
106.67 0.25052
104.44 0.24953
102.22 0.24771
100.00 0.24611
97.78 0.24442
95.56 0.24210
93.33 0.24008
91.11 0.23836
88.89 0.23698
86.67 0.23506
84.44 0.23309
82.22 0.23139
80.00 0.22961
77.78 0.22760
75.56 0.22591
73.33 0.22425
71.11 0.22236
68.89 0.22068
66.67 0.21884
64.44 0.21694
62.22 0.21489
60.00 0.21292
57.78 0.21108
55.56 0.20912
53.33 0.20725
51.11 0.20521
48.89 0.20336
46.67 0.20150
44.44 0.19944
42.22 0.19724
40.00 0.19525
37.78 0.19330
35.56 0.19138
33.33 0.18942
31.11 0.18745
28.89 0.18536
26.67 0.18330
24.44 0.18118
22.22 0.17908
20.00 0.17690
17.78 0.17480
15.56 0.17276
13.33 0.17054
11.11 0.16825
8.89 0.16594
6.67 0.16360
4.44 0.16120
2.22 0.15868
0.00 0.15581
48.00 0.13852
47.19 0.13829
46.37 0.13813
45.56 0.13701
44.75 0.13643
43.93 0.13583
43.12 0.13483
42.31 0.13394
41.49 0.13335
40.68 0.13235
39.86 0.13184
39.05 0.13098
38.24 0.13034
37.42 0.12949
36.61 0.12891
35.80 0.12807
34.98 0.12728
34.17 0.12640
33.36 0.12540
32.54 0.12427
31.73 0.12344
30.92 0.12271
30.10 0.12204
29.29 0.12134
28.47 0.12064
27.66 0.11987
26.85 0.11901
26.03 0.11837
25.22 0.11760
24.41 0.11676
23.59 0.11588
22.78 0.11487
21.97 0.11420
21.15 0.11352
20.34 0.11283
19.53 0.11218
18.71 0.11153
17.90 0.11088
17.08 0.10991
16.27 0.10912
15.46 0.10843
14.64 0.10766
13.83 0.10684
13.02 0.10595
12.20 0.10515
11.39 0.10434
10.58 0.10338
9.76 0.10247
8.95 0.10161
8.14 0.10072
7.32 0.09986
6.51 0.09903
5.69 0.09807
4.88 0.09699
4.07 0.09586
3.25 0.09469
2.44 0.09353
1.63 0.09232
0.81 0.09102
0.00 0.08952
19.20 0.07830
18.90 0.07851
18.60 0.07937
18.30 0.07802
18.00 0.07657
17.70 0.07522
17.40 0.07536
17.10 0.07625
16.80 0.07697
16.50 0.07735
16.20 0.07742
15.90 0.07716
15.60 0.07691
15.30 0.07691
15.00 0.07670
14.70 0.07610
14.40 0.07591
14.10 0.07566
13.80 0.07505
13.50 0.07462
13.20 0.07416
12.90 0.07379
12.60 0.07367
12.30 0.07331
12.00 0.07289
11.70 0.07264
11.40 0.07242
11.10 0.07209
10.80 0.07174
10.50 0.07139
10.20 0.07108
9.90 0.07084
9.60 0.07033
9.30 0.06995
9.00 0.06953
8.70 0.06908
8.40 0.06857
8.10 0.06805
7.80 0.06755
7.50 0.06701
7.20 0.06655
6.90 0.06609
6.60 0.06569
6.30 0.06528
6.00 0.06482
5.70 0.06431
5.40 0.06385
5.10 0.06337
4.80 0.06291
4.50 0.06236
4.20 0.06188
3.90 0.06129
3.60 0.06070
3.30 0.06013
3.00 0.05956
2.70 0.05900
2.40 0.05842
2.10 0.05785
1.80 0.05725
1.50 0.05664
1.20 0.05602
0.90 0.05538
0.60 0.05470
0.30 0.05399
0.00 0.05318
7.68 0.05116
7.57 0.05004
7.46 0.04828
7.35 0.04728
7.23 0.04643
7.12 0.04569
7.01 0.04505
6.90 0.04440
6.79 0.04411
6.68 0.04391
6.57 0.04373
6.46 0.04355
6.34 0.04331
6.23 0.04318
6.12 0.04310
6.01 0.04282
5.90 0.04256
5.79 0.04231
5.68 0.04206
5.57 0.04177
5.45 0.04147
5.34 0.04133
5.23 0.04123
5.12 0.04109
5.01 0.04094
4.90 0.04077
4.79 0.04066
4.67 0.04056
4.56 0.04049
4.45 0.04036
4.34 0.04024
4.23 0.04012
4.12 0.03998
4.01 0.03980
3.90 0.03961
3.78 0.03942
3.67 0.03923
3.56 0.03904
3.45 0.03888
3.34 0.03876
3.23 0.03860
3.12 0.03842
3.01 0.03820
2.89 0.03797
2.78 0.03774
2.67 0.03751
2.56 0.03732
2.45 0.03712
2.34 0.03691
2.23 0.03670
2.11 0.03649
2.00 0.03627
1.89 0.03602
1.78 0.03577
1.67 0.03551
1.56 0.03524
1.45 0.03496
1.34 0.03467
1.22 0.03438
1.11 0.03409
1.00 0.03379
0.89 0.03348
0.78 0.03318
0.67 0.03286
0.56 0.03253
0.45 0.03221
0.33 0.03186
0.22 0.03151
0.11 0.03113
0.00 0.03069
3.07 0.02936
3.03 0.02876
2.99 0.02820
2.95 0.02802
2.91 0.02785
2.86 0.02773
2.82 0.02779
2.78 0.02768
2.74 0.02756
2.70 0.02748
2.66 0.02739
2.62 0.02733
2.57 0.02731
2.53 0.02732
2.49 0.02729
2.45 0.02734
2.41 0.02733
2.37 0.02739
2.32 0.02741
2.28 0.02733
2.24 0.02730
2.20 0.02725
2.16 0.02724
2.12 0.02720
2.08 0.02717
2.03 0.02710
1.99 0.02703
1.95 0.02696
1.91 0.02684
1.87 0.02672
1.83 0.02658
1.79 0.02645
1.74 0.02631
1.70 0.02619
1.66 0.02605
1.62 0.02591
1.58 0.02575
1.54 0.02562
1.49 0.02549
1.45 0.02533
1.41 0.02520
1.37 0.02505
1.33 0.02492
1.29 0.02480
1.25 0.02466
1.20 0.02453
1.16 0.02440
1.12 0.02426
1.08 0.02411
1.04 0.02396
1.00 0.02382
0.95 0.02367
0.91 0.02353
0.87 0.02338
0.83 0.02323
0.79 0.02308
0.75 0.02293
0.71 0.02278
0.66 0.02262
0.62 0.02247
0.58 0.02230
0.54 0.02215
0.50 0.02199
0.46 0.02182
0.42 0.02165
0.37 0.02148
0.33 0.02131
0.29 0.02112
0.25 0.02094
0.21 0.02075
0.17 0.02055
0.12 0.02035
0.08 0.02014
0.04 0.01992
0.00 0.01966
1.23 0.01905
1.21 0.01852
1.20 0.01859
1.18 0.01874
1.17 0.01880
1.15 0.01887
1.14 0.01886
1.12 0.01885
1.10 0.01877
1.09 0.01866
1.07 0.01864
1.06 0.01863
1.04 0.01857
1.03 0.01848
1.01 0.01838
1.00 0.01828
0.98 0.01826
0.96 0.01818
0.95 0.01813
0.93 0.01802
0.92 0.01797
0.90 0.01790
0.89 0.01786
0.87 0.01781
0.86 0.01774
0.84 0.01764
0.82 0.01759
0.81 0.01753
0.79 0.01745
0.78 0.01739
0.76 0.01731
0.75 0.01722
0.73 0.01713
0.72 0.01703
0.70 0.01696
0.68 0.01686
0.67 0.01679
0.65 0.01669
0.64 0.01660
0.62 0.01652
0.61 0.01642
0.59 0.01634
0.58 0.01626
0.56 0.01617
0.54 0.01609
0.53 0.01600
0.51 0.01591
0.50 0.01583
0.48 0.01574
0.47 0.01564
0.45 0.01557
0.44 0.01548
0.42 0.01539
0.40 0.01530
0.39 0.01521
0.37 0.01512
0.36 0.01503
0.34 0.01494
0.33 0.01484
0.31 0.01475
0.30 0.01467
0.28 0.01458
0.26 0.01450
0.25 0.01440
0.23 0.01429
0.22 0.01420
0.20 0.01410
0.19 0.01400
0.17 0.01391
0.16 0.01381
0.14 0.01370
0.12 0.01360
0.11 0.01349
0.09 0.01338
0.08 0.01326
0.06 0.01314
0.05 0.01302
0.03 0.01290
0.02 0.01276
0.00 0.01260
0.49 0.01157
0.49 0.01157
0.48 0.01148
0.47 0.01149
0.47 0.01142
0.46 0.01139
0.46 0.01134
0.45 0.01140
0.44 0.01134
0.44 0.01134
0.43 0.01133
0.43 0.01133
0.42 0.01133
0.42 0.01130
0.41 0.01130
0.40 0.01127
0.40 0.01123
0.39 0.01122
0.39 0.01119
0.38 0.01118
0.37 0.01115
0.37 0.01111
0.36 0.01108
0.36 0.01103
0.35 0.01099
0.35 0.01095
0.34 0.01091
0.33 0.01087
0.33 0.01084
0.32 0.01080
0.32 0.01074
0.31 0.01069
0.30 0.01066
0.30 0.01061
0.29 0.01055
0.29 0.01051
0.28 0.01045
0.28 0.01041
0.27 0.01035
0.26 0.01030
0.26 0.01026
0.25 0.01020
0.25 0.01014
0.24 0.01009
0.23 0.01005
0.23 0.01000
0.22 0.00997
0.22 0.00992
0.21 0.00987
0.20 0.00984
0.20 0.00980
0.19 0.00975
0.19 0.00972
0.18 0.00967
0.18 0.00962
0.17 0.00956
0.16 0.00951
0.16 0.00947
0.15 0.00941
0.15 0.00936
0.14 0.00931
0.13 0.00924
0.13 0.00919
0.12 0.00913
0.12 0.00908
0.11 0.00902
0.11 0.00897
0.10 0.00892
0.09 0.00887
0.09 0.00881
0.08 0.00875
0.08 0.00869
0.07 0.00863
0.06 0.00857
0.06 0.00851
0.05 0.00844
0.05 0.00838
0.04 0.00832
0.04 0.00825
0.03 0.00819
0.02 0.00811
0.02 0.00804
0.01 0.00797
0.01 0.00789
0.00 0.00780
0.20 0.00719
0.19 0.00705
0.19 0.00708
0.19 0.00720
0.19 0.00731
0.19 0.00728
0.18 0.00730
0.18 0.00726
0.18 0.00724
0.18 0.00725
0.17 0.00720
0.17 0.00714
0.17 0.00710
0.17 0.00708
0.17 0.00707
0.16 0.00706
0.16 0.00704
0.16 0.00700
0.16 0.00699
0.15 0.00699
0.15 0.00696
0.15 0.00693
0.15 0.00691
0.15 0.00687
0.14 0.00685
0.14 0.00681
0.14 0.00679
0.14 0.00678
0.13 0.00676
0.13 0.00673
0.13 0.00671
0.13 0.00669
0.13 0.00666
0.12 0.00665
0.12 0.00663
0.12 0.00660
0.12 0.00658
0.11 0.00656
0.11 0.00653
0.11 0.00651
0.11 0.00648
0.11 0.00646
0.10 0.00643
0.10 0.00640
0.10 0.00638
0.10 0.00635
0.09 0.00632
0.09 0.00630
0.09 0.00628
0.09 0.00625
0.09 0.00621
0.08 0.00619
0.08 0.00615
0.08 0.00613
0.08 0.00610
0.08 0.00607
0.07 0.00604
0.07 0.00602
0.07 0.00599
0.07 0.00597
0.06 0.00593
0.06 0.00591
0.06 0.00588
0.06 0.00585
0.06 0.00582
0.05 0.00579
0.05 0.00576
0.05 0.00573
0.05 0.00570
0.04 0.00567
0.04 0.00564
0.04 0.00560
0.04 0.00557
0.04 0.00553
0.03 0.00549
0.03 0.00546
0.03 0.00542
0.03 0.00539
0.02 0.00535
0.02 0.00532
0.02 0.00528
0.02 0.00525
0.02 0.00521
0.01 0.00517
0.01 0.00513
0.01 0.00509
0.01 0.00505
0.00 0.00500
0.00 0.00495
0.00 0.00490
0.08 0.00429
0.08 0.00451
0.08 0.00453
0.08 0.00445
0.08 0.00447
0.07 0.00447
0.07 0.00442
0.07 0.00438
0.07 0.00441
0.07 0.00439
0.07 0.00443
0.07 0.00444
0.07 0.00444
0.07 0.00442
0.07 0.00441
0.07 0.00442
0.07 0.00441
0.06 0.00440
0.06 0.00438
0.06 0.00438
0.06 0.00438
0.06 0.00438
0.06 0.00435
0.06 0.00434
0.06 0.00433
0.06 0.00431
0.06 0.00431
0.06 0.00430
0.06 0.00430
0.05 0.00428
0.05 0.00427
0.05 0.00426
0.05 0.00424
0.05 0.00422
0.05 0.00421
0.05 0.00419
0.05 0.00418
0.05 0.00417
0.05 0.00415
0.05 0.00414
0.05 0.00413
0.04 0.00411
0.04 0.00410
0.04 0.00408
0.04 0.00407
0.04 0.00406
0.04 0.00404
0.04 0.00402
0.04 0.00401
0.04 0.00400
0.04 0.00398
0.04 0.00396
0.04 0.00394
0.03 0.00393
0.03 0.00392
0.03 0.00390
0.03 0.00388
0.03 0.00386
0.03 0.00385
0.03 0.00383
0.03 0.00381
0.03 0.00379
0.03 0.00377
0.03 0.00376
0.03 0.00374
0.02 0.00373
0.02 0.00371
0.02 0.00369
0.02 0.00368
0.02 0.00366
0.02 0.00364
0.02 0.00362
0.02 0.00361
0.02 0.00359
0.02 0.00356
0.02 0.00354
0.02 0.00353
0.01 0.00350
0.01 0.00348
0.01 0.00346
0.01 0.00344
0.01 0.00342
0.01 0.00340
0.01 0.00338
0.01 0.00336
0.01 0.00334
0.01 0.00331
0.01 0.00329
0.01 0.00326
0.00 0.00324
0.00 0.00321
0.00 0.00319
0.00 0.00316
0.00 0.00313
0.00 0.00310
0.00 0.01629
0.00 0.01227
0.00 0.01019
0.00 0.00894
0.00 0.00803
0.00 0.00754
0.00 0.00697
0.00 0.00650
0.00 0.00602
0.00 0.00569
0.00 0.00539
0.00 0.00515
0.00 0.00496
0.00 0.00475
0.00 0.00455
0.00 0.00441
0.00 0.00430
0.00 0.00423
0.00 0.00412
0.00 0.00404
0.00 0.00395
0.00 0.00386
0.00 0.00380
0.00 0.00374
0.00 0.00368
0.00 0.00361
0.00 0.00352
0.00 0.00343
0.00 0.00338
0.00 0.00332
0.00 0.00325
0.00 0.00320
0.00 0.00315
0.00 0.00310
0.00 0.00306
0.00 0.00300
0.00 0.00298
0.00 0.00295
0.00 0.00292
0.00 0.00287
0.00 0.00284
0.00 0.00280
0.00 0.00277
0.00 0.00274
0.00 0.00269
0.00 0.00266
0.00 0.00263
0.00 0.00261
0.00 0.00258
0.00 0.00255
0.00 0.00253
0.00 0.00250
0.00 0.00249
0.00 0.00246
0.00 0.00243
0.00 0.00240
0.00 0.00238
0.00 0.00235
0.00 0.00234
0.00 0.00231
0.00 0.00231
0.00 0.00229
0.00 0.00227
0.00 0.00224
0.00 0.00222
0.00 0.00220
0.00 0.00218
0.00 0.00216
0.00 0.00214
0.00 0.00213
0.00 0.00212
0.00 0.00211
0.00 0.00210
0.00 0.00208
0.00 0.00206
0.00 0.00205
0.00 0.00204
0.00 0.00203
0.00 0.00202
0.00 0.00200
0.00 0.00199
0.00 0.00198
0.00 0.00197
0.00 0.00195
0.00 0.00193
0.00 0.00192
0.00 0.00191
0.00 0.00190
0.00 0.00189
0.00 0.00188
0.00 0.00187
0.00 0.00185
0.00 0.00184
0.00 0.00183
0.00 0.00182
0.00 0.00181
0.00 0.00181
0.00 0.00180
0.00 0.00179
0.00 0.00178
