25.00 0.94065
22.22 0.93747
19.44 0.93928
16.67 0.93934
13.89 0.93918
11.11 0.93788
8.33 0.93487
5.56 0.93194
2.78 0.91301
0.00 0.82195
20.00 0.94780
17.78 0.94532
15.56 0.94453
13.33 0.94271
11.11 0.94110
8.89 0.93917
6.67 0.93509
4.44 0.92189
2.22 0.87914
0.00 0.79140
16.00 0.93745
14.22 0.94080
12.44 0.93733
10.67 0.93502
8.89 0.93261
7.11 0.93144
5.33 0.92616
3.56 0.91410
1.78 0.86198
0.00 0.77589
12.80 0.93665
11.38 0.93675
9.96 0.93482
8.53 0.93086
7.11 0.92544
5.69 0.92053
4.27 0.91062
2.84 0.89303
1.42 0.84187
0.00 0.75778
