300.00 0.47440
293.88 0.45667
287.76 0.44867
281.63 0.44496
275.51 0.44317
269.39 0.43903
263.27 0.44344
257.14 0.43942
251.02 0.43541
244.90 0.43169
238.78 0.42773
232.65 0.42431
226.53 0.42072
220.41 0.41704
214.29 0.41363
208.16 0.41017
202.04 0.40694
195.92 0.40347
189.80 0.40025
183.67 0.39667
177.55 0.39311
171.43 0.38967
165.31 0.38614
159.18 0.38268
153.06 0.37925
146.94 0.37594
140.82 0.37238
134.69 0.36882
128.57 0.36514
122.45 0.36160
116.33 0.35804
110.20 0.35426
104.08 0.35065
97.96 0.34696
91.84 0.34313
85.71 0.33930
79.59 0.33549
73.47 0.33150
67.35 0.32743
61.22 0.32351
55.10 0.31943
48.98 0.31514
42.86 0.31098
36.73 0.30653
30.61 0.30201
24.49 0.29743
18.37 0.29270
12.24 0.28771
6.12 0.28259
0.00 0.27697
120.00 0.25727
117.78 0.25470
115.56 0.25202
113.33 0.24977
111.11 0.24823
108.89 0.24632
106.67 0.24483
104.44 0.24329
102.22 0.24126
100.00 0.23950
97.78 0.23780
95.56 0.23616
93.33 0.23437
91.11 0.23260
88.89 0.23124
86.67 0.22976
84.44 0.22834
82.22 0.22652
80.00 0.22478
77.78 0.22307
75.56 0.22149
73.33 0.21980
71.11 0.21815
68.89 0.21640
66.67 0.21468
64.44 0.21307
62.22 0.21118
60.00 0.20953
57.78 0.20755
55.56 0.20572
53.33 0.20401
51.11 0.20217
48.89 0.20025
46.67 0.19827
44.44 0.19635
42.22 0.19447
40.00 0.19246
37.78 0.19052
35.56 0.18857
33.33 0.18652
31.11 0.18433
28.89 0.18228
26.67 0.18033
24.44 0.17839
22.22 0.17624
20.00 0.17430
17.78 0.17214
15.56 0.16989
13.33 0.16768
11.11 0.16544
8.89 0.16315
6.67 0.16085
4.44 0.15853
2.22 0.15606
0.00 0.15324
48.00 0.14255
47.19 0.13805
46.37 0.13572
45.56 0.13588
44.75 0.13590
43.93 0.13598
43.12 0.13448
42.31 0.13393
41.49 0.13342
40.68 0.13272
39.86 0.13143
39.05 0.13116
38.24 0.13043
37.42 0.12956
36.61 0.12876
35.80 0.12789
34.98 0.12741
34.17 0.12632
33.36 0.12513
32.54 0.12470
31.73 0.12395
30.92 0.12320
30.10 0.12227
29.29 0.12129
28.47 0.12026
27.66 0.11933
26.85 0.11854
26.03 0.11786
25.22 0.11712
24.41 0.11644
23.59 0.11566
22.78 0.11510
21.97 0.11415
21.15 0.11311
20.34 0.11211
19.53 0.11109
18.71 0.11021
17.90 0.10933
17.08 0.10830
16.27 0.10763
15.46 0.10669
14.64 0.10586
13.83 0.10489
13.02 0.10392
12.20 0.10292
11.39 0.10189
10.58 0.10078
9.76 0.09966
8.95 0.09862
8.14 0.09768
7.32 0.09671
6.51 0.09576
5.69 0.09486
4.88 0.09385
4.07 0.09279
3.25 0.09172
2.44 0.09059
1.63 0.08942
0.81 0.08818
0.00 0.08672
19.20 0.08012
18.90 0.07893
18.60 0.07703
18.30 0.07810
18.00 0.07833
17.70 0.07750
17.40 0.07679
17.10 0.07562
16.80 0.07472
16.50 0.07467
16.20 0.07474
15.90 0.07409
15.60 0.07307
15.30 0.07233
15.00 0.07175
14.70 0.07110
14.40 0.07083
14.10 0.07077
13.80 0.07076
13.50 0.07056
13.20 0.07007
12.90 0.06942
12.60 0.06876
12.30 0.06814
12.00 0.06775
11.70 0.06726
11.40 0.06674
11.10 0.06632
10.80 0.06589
10.50 0.06549
10.20 0.06506
9.90 0.06462
9.60 0.06405
9.30 0.06358
9.00 0.06319
8.70 0.06280
8.40 0.06243
8.10 0.06193
7.80 0.06150
7.50 0.06103
7.20 0.06056
6.90 0.06016
6.60 0.05971
6.30 0.05924
6.00 0.05874
5.70 0.05826
5.40 0.05779
5.10 0.05740
4.80 0.05698
4.50 0.05650
4.20 0.05603
3.90 0.05560
3.60 0.05518
3.30 0.05475
3.00 0.05439
2.70 0.05418
2.40 0.05374
2.10 0.05325
1.80 0.05276
1.50 0.05223
1.20 0.05168
0.90 0.05110
0.60 0.05051
0.30 0.04987
0.00 0.04911
7.68 0.04439
7.57 0.04353
7.46 0.04443
7.35 0.04519
7.23 0.04563
7.12 0.04541
7.01 0.04483
6.90 0.04480
6.79 0.04429
6.68 0.04403
6.57 0.04410
6.46 0.04384
6.34 0.04369
6.23 0.04369
6.12 0.04357
6.01 0.04344
5.90 0.04317
5.79 0.04305
5.68 0.04299
5.57 0.04284
5.45 0.04270
5.34 0.04251
5.23 0.04235
5.12 0.04210
5.01 0.04190
4.90 0.04175
4.79 0.04160
4.67 0.04148
4.56 0.04144
4.45 0.04133
4.34 0.04119
4.23 0.04107
4.12 0.04084
4.01 0.04067
3.90 0.04063
3.78 0.04058
3.67 0.04053
3.56 0.04038
3.45 0.04021
3.34 0.04001
3.23 0.03978
3.12 0.03953
3.01 0.03927
2.89 0.03901
2.78 0.03877
2.67 0.03852
2.56 0.03825
2.45 0.03801
2.34 0.03778
2.23 0.03755
2.11 0.03730
2.00 0.03706
1.89 0.03682
1.78 0.03655
1.67 0.03629
1.56 0.03602
1.45 0.03577
1.34 0.03550
1.22 0.03524
1.11 0.03496
1.00 0.03469
0.89 0.03439
0.78 0.03410
0.67 0.03380
0.56 0.03348
0.45 0.03317
0.33 0.03283
0.22 0.03247
0.11 0.03209
0.00 0.03164
3.07 0.03128
3.03 0.03114
2.99 0.03121
2.95 0.03149
2.91 0.03110
2.86 0.03073
2.82 0.03048
2.78 0.03035
2.74 0.03032
2.70 0.03039
2.66 0.03041
2.62 0.03044
2.57 0.03045
2.53 0.03096
2.49 0.03119
2.45 0.03124
2.41 0.03113
2.37 0.03104
2.32 0.03098
2.28 0.03084
2.24 0.03066
2.20 0.03051
2.16 0.03034
2.12 0.03008
2.08 0.02979
2.03 0.02956
1.99 0.02939
1.95 0.02921
1.91 0.02907
1.87 0.02885
1.83 0.02872
1.79 0.02858
1.74 0.02844
1.70 0.02831
1.66 0.02816
1.62 0.02800
1.58 0.02778
1.54 0.02759
1.49 0.02741
1.45 0.02725
1.41 0.02707
1.37 0.02689
1.33 0.02670
1.29 0.02650
1.25 0.02632
1.20 0.02614
1.16 0.02597
1.12 0.02581
1.08 0.02564
1.04 0.02546
1.00 0.02527
0.95 0.02510
0.91 0.02493
0.87 0.02473
0.83 0.02456
0.79 0.02438
0.75 0.02421
0.71 0.02402
0.66 0.02383
0.62 0.02364
0.58 0.02346
0.54 0.02328
0.50 0.02309
0.46 0.02290
0.42 0.02271
0.37 0.02251
0.33 0.02232
0.29 0.02213
0.25 0.02193
0.21 0.02172
0.17 0.02152
0.12 0.02130
0.08 0.02107
0.04 0.02083
0.00 0.02056
1.23 0.01729
1.21 0.01775
1.20 0.01739
1.18 0.01736
1.17 0.01718
1.15 0.01714
1.14 0.01708
1.12 0.01700
1.10 0.01702
1.09 0.01699
1.07 0.01693
1.06 0.01687
1.04 0.01678
1.03 0.01675
1.01 0.01673
1.00 0.01673
0.98 0.01671
0.96 0.01674
0.95 0.01673
0.93 0.01671
0.92 0.01667
0.90 0.01665
0.89 0.01661
0.87 0.01655
0.86 0.01655
0.84 0.01654
0.82 0.01651
0.81 0.01649
0.79 0.01648
0.78 0.01642
0.76 0.01639
0.75 0.01634
0.73 0.01630
0.72 0.01624
0.70 0.01618
0.68 0.01612
0.67 0.01604
0.65 0.01595
0.64 0.01587
0.62 0.01579
0.61 0.01571
0.59 0.01563
0.58 0.01555
0.56 0.01547
0.54 0.01538
0.53 0.01530
0.51 0.01523
0.50 0.01515
0.48 0.01506
0.47 0.01498
0.45 0.01490
0.44 0.01484
0.42 0.01475
0.40 0.01469
0.39 0.01460
0.37 0.01454
0.36 0.01446
0.34 0.01438
0.33 0.01430
0.31 0.01422
0.30 0.01413
0.28 0.01404
0.26 0.01395
0.25 0.01386
0.23 0.01377
0.22 0.01369
0.20 0.01359
0.19 0.01350
0.17 0.01341
0.16 0.01332
0.14 0.01322
0.12 0.01313
0.11 0.01302
0.09 0.01291
0.08 0.01280
0.06 0.01268
0.05 0.01256
0.03 0.01244
0.02 0.01231
0.00 0.01215
0.49 0.01153
0.49 0.01166
0.48 0.01176
0.47 0.01168
0.47 0.01149
0.46 0.01149
0.46 0.01144
0.45 0.01146
0.44 0.01146
0.44 0.01140
0.43 0.01137
0.43 0.01137
0.42 0.01136
0.42 0.01131
0.41 0.01127
0.40 0.01124
0.40 0.01121
0.39 0.01117
0.39 0.01117
0.38 0.01112
0.37 0.01108
0.37 0.01102
0.36 0.01097
0.36 0.01094
0.35 0.01091
0.35 0.01087
0.34 0.01083
0.33 0.01080
0.33 0.01076
0.32 0.01070
0.32 0.01068
0.31 0.01064
0.30 0.01058
0.30 0.01055
0.29 0.01050
0.29 0.01047
0.28 0.01042
0.28 0.01037
0.27 0.01034
0.26 0.01031
0.26 0.01027
0.25 0.01023
0.25 0.01019
0.24 0.01014
0.23 0.01011
0.23 0.01007
0.22 0.01003
0.22 0.00999
0.21 0.00995
0.20 0.00990
0.20 0.00986
0.19 0.00981
0.19 0.00976
0.18 0.00972
0.18 0.00966
0.17 0.00962
0.16 0.00957
0.16 0.00954
0.15 0.00950
0.15 0.00945
0.14 0.00940
0.13 0.00935
0.13 0.00930
0.12 0.00925
0.12 0.00919
0.11 0.00913
0.11 0.00909
0.10 0.00903
0.09 0.00897
0.09 0.00892
0.08 0.00886
0.08 0.00880
0.07 0.00874
0.06 0.00868
0.06 0.00862
0.05 0.00857
0.05 0.00850
0.04 0.00844
0.04 0.00838
0.03 0.00831
0.02 0.00824
0.02 0.00817
0.01 0.00809
0.01 0.00801
0.00 0.00792
0.20 0.00759
0.19 0.00777
0.19 0.00748
0.19 0.00759
0.19 0.00757
0.19 0.00762
0.18 0.00754
0.18 0.00749
0.18 0.00746
0.18 0.00740
0.17 0.00737
0.17 0.00734
0.17 0.00735
0.17 0.00733
0.17 0.00730
0.16 0.00728
0.16 0.00727
0.16 0.00724
0.16 0.00722
0.15 0.00724
0.15 0.00724
0.15 0.00723
0.15 0.00721
0.15 0.00718
0.14 0.00717
0.14 0.00715
0.14 0.00713
0.14 0.00709
0.13 0.00706
0.13 0.00705
0.13 0.00701
0.13 0.00699
0.13 0.00697
0.12 0.00693
0.12 0.00691
0.12 0.00687
0.12 0.00685
0.11 0.00683
0.11 0.00681
0.11 0.00678
0.11 0.00674
0.11 0.00673
0.10 0.00669
0.10 0.00667
0.10 0.00665
0.10 0.00662
0.09 0.00658
0.09 0.00656
0.09 0.00653
0.09 0.00650
0.09 0.00647
0.08 0.00644
0.08 0.00641
0.08 0.00638
0.08 0.00635
0.08 0.00633
0.07 0.00629
0.07 0.00626
0.07 0.00623
0.07 0.00621
0.06 0.00617
0.06 0.00615
0.06 0.00611
0.06 0.00608
0.06 0.00606
0.05 0.00603
0.05 0.00601
0.05 0.00597
0.05 0.00594
0.04 0.00591
0.04 0.00588
0.04 0.00584
0.04 0.00581
0.04 0.00577
0.03 0.00573
0.03 0.00570
0.03 0.00566
0.03 0.00563
0.02 0.00559
0.02 0.00555
0.02 0.00551
0.02 0.00547
0.02 0.00544
0.01 0.00539
0.01 0.00535
0.01 0.00531
0.01 0.00526
0.00 0.00522
0.00 0.00517
0.00 0.00511
0.08 0.00439
0.08 0.00475
0.08 0.00472
0.08 0.00475
0.08 0.00476
0.07 0.00477
0.07 0.00476
0.07 0.00473
0.07 0.00474
0.07 0.00469
0.07 0.00468
0.07 0.00469
0.07 0.00465
0.07 0.00465
0.07 0.00463
0.07 0.00460
0.07 0.00457
0.06 0.00455
0.06 0.00455
0.06 0.00454
0.06 0.00453
0.06 0.00451
0.06 0.00450
0.06 0.00448
0.06 0.00447
0.06 0.00444
0.06 0.00442
0.06 0.00441
0.06 0.00439
0.05 0.00438
0.05 0.00437
0.05 0.00436
0.05 0.00436
0.05 0.00434
0.05 0.00432
0.05 0.00432
0.05 0.00430
0.05 0.00429
0.05 0.00428
0.05 0.00427
0.05 0.00426
0.04 0.00424
0.04 0.00424
0.04 0.00422
0.04 0.00421
0.04 0.00420
0.04 0.00418
0.04 0.00416
0.04 0.00414
0.04 0.00413
0.04 0.00411
0.04 0.00410
0.04 0.00408
0.03 0.00407
0.03 0.00404
0.03 0.00402
0.03 0.00401
0.03 0.00399
0.03 0.00398
0.03 0.00396
0.03 0.00394
0.03 0.00393
0.03 0.00391
0.03 0.00390
0.03 0.00388
0.02 0.00387
0.02 0.00386
0.02 0.00384
0.02 0.00382
0.02 0.00379
0.02 0.00378
0.02 0.00376
0.02 0.00374
0.02 0.00372
0.02 0.00371
0.02 0.00368
0.02 0.00366
0.01 0.00364
0.01 0.00362
0.01 0.00360
0.01 0.00358
0.01 0.00356
0.01 0.00353
0.01 0.00352
0.01 0.00349
0.01 0.00347
0.01 0.00344
0.01 0.00342
0.01 0.00340
0.00 0.00337
0.00 0.00335
0.00 0.00332
0.00 0.00329
0.00 0.00326
0.00 0.00323
0.00 0.00606
0.00 0.00427
0.00 0.00374
0.00 0.00335
0.00 0.00308
0.00 0.00286
0.00 0.00265
0.00 0.00254
0.00 0.00245
0.00 0.00235
0.00 0.00225
0.00 0.00215
0.00 0.00208
0.00 0.00199
0.00 0.00194
0.00 0.00188
0.00 0.00185
0.00 0.00182
0.00 0.00177
0.00 0.00170
0.00 0.00165
0.00 0.00161
0.00 0.00157
0.00 0.00156
0.00 0.00151
0.00 0.00147
0.00 0.00143
0.00 0.00141
0.00 0.00139
0.00 0.00136
0.00 0.00134
0.00 0.00133
0.00 0.00130
0.00 0.00129
0.00 0.00126
0.00 0.00124
0.00 0.00122
0.00 0.00121
0.00 0.00120
0.00 0.00120
0.00 0.00118
0.00 0.00117
0.00 0.00115
0.00 0.00114
0.00 0.00114
0.00 0.00113
0.00 0.00111
0.00 0.00111
0.00 0.00109
0.00 0.00108
0.00 0.00107
0.00 0.00107
0.00 0.00106
0.00 0.00106
0.00 0.00105
0.00 0.00104
0.00 0.00103
0.00 0.00102
0.00 0.00102
0.00 0.00101
0.00 0.00100
0.00 0.00098
0.00 0.00098
0.00 0.00097
0.00 0.00096
0.00 0.00095
0.00 0.00094
0.00 0.00094
0.00 0.00093
0.00 0.00092
0.00 0.00092
0.00 0.00090
0.00 0.00090
0.00 0.00089
0.00 0.00089
0.00 0.00088
0.00 0.00088
0.00 0.00087
0.00 0.00087
0.00 0.00086
0.00 0.00085
0.00 0.00084
0.00 0.00084
0.00 0.00083
0.00 0.00083
0.00 0.00082
0.00 0.00082
0.00 0.00082
0.00 0.00082
0.00 0.00081
0.00 0.00080
0.00 0.00080
0.00 0.00079
0.00 0.00079
0.00 0.00079
0.00 0.00079
0.00 0.00078
0.00 0.00078
0.00 0.00077
0.00 0.00076
