25.00 0.93015
22.22 0.94047
19.44 0.94152
16.67 0.93963
13.89 0.93912
11.11 0.93927
8.33 0.93735
5.56 0.93409
2.78 0.89909
0.00 0.80929
20.00 0.93885
17.78 0.94065
15.56 0.93910
13.33 0.93854
11.11 0.93758
8.89 0.93707
6.67 0.93459
4.44 0.92545
2.22 0.88431
0.00 0.79605
16.00 0.94675
14.22 0.94163
12.44 0.94115
10.67 0.94006
8.89 0.93741
7.11 0.93632
5.33 0.92967
3.56 0.91877
1.78 0.86753
0.00 0.78086
12.80 0.93290
11.38 0.93335
9.96 0.93285
8.53 0.93099
7.11 0.92778
5.69 0.92643
4.27 0.91959
2.84 0.90416
1.42 0.84861
0.00 0.76392
