300.00 0.53865
293.88 0.49156
287.76 0.47469
281.63 0.46375
275.51 0.45705
269.39 0.45304
263.27 0.44786
257.14 0.44340
251.02 0.43939
244.90 0.43512
238.78 0.43190
232.65 0.42846
226.53 0.42476
220.41 0.42111
214.29 0.41782
208.16 0.41430
202.04 0.41109
195.92 0.40804
189.80 0.40477
183.67 0.40154
177.55 0.39826
171.43 0.39478
165.31 0.39143
159.18 0.38800
153.06 0.38460
146.94 0.38095
140.82 0.37758
134.69 0.37405
128.57 0.37033
122.45 0.36667
116.33 0.36287
110.20 0.35926
104.08 0.35552
97.96 0.35179
91.84 0.34792
85.71 0.34409
79.59 0.34012
73.47 0.33611
67.35 0.33203
61.22 0.32793
55.10 0.32360
48.98 0.31926
42.86 0.31488
36.73 0.31024
30.61 0.30571
24.49 0.30109
18.37 0.29627
12.24 0.29131
6.12 0.28618
0.00 0.28048
120.00 0.26007
117.78 0.25776
115.56 0.25688
113.33 0.25541
111.11 0.25401
108.89 0.25168
106.67 0.24946
104.44 0.24781
102.22 0.24643
100.00 0.24478
97.78 0.24335
95.56 0.24139
93.33 0.24000
91.11 0.23831
88.89 0.23626
86.67 0.23456
84.44 0.23328
82.22 0.23162
80.00 0.22992
77.78 0.22795
75.56 0.22616
73.33 0.22424
71.11 0.22236
68.89 0.22082
66.67 0.21895
64.44 0.21692
62.22 0.21493
60.00 0.21310
57.78 0.21108
55.56 0.20927
53.33 0.20729
51.11 0.20541
48.89 0.20354
46.67 0.20182
44.44 0.19994
42.22 0.19812
40.00 0.19621
37.78 0.19433
35.56 0.19218
33.33 0.19009
31.11 0.18792
28.89 0.18580
26.67 0.18379
24.44 0.18198
22.22 0.18006
20.00 0.17803
17.78 0.17598
15.56 0.17364
13.33 0.17128
11.11 0.16901
8.89 0.16670
6.67 0.16429
4.44 0.16182
2.22 0.15927
0.00 0.15639
48.00 0.13820
47.19 0.13745
46.37 0.13773
45.56 0.13884
44.75 0.13800
43.93 0.13823
43.12 0.13711
42.31 0.13641
41.49 0.13463
40.68 0.13379
39.86 0.13309
39.05 0.13230
38.24 0.13121
37.42 0.13058
36.61 0.12962
35.80 0.12873
34.98 0.12819
34.17 0.12717
33.36 0.12671
32.54 0.12615
31.73 0.12533
30.92 0.12438
30.10 0.12362
29.29 0.12274
28.47 0.12186
27.66 0.12083
26.85 0.12025
26.03 0.11937
25.22 0.11859
24.41 0.11768
23.59 0.11681
22.78 0.11577
21.97 0.11464
21.15 0.11367
20.34 0.11266
19.53 0.11151
18.71 0.11048
17.90 0.10949
17.08 0.10849
16.27 0.10748
15.46 0.10652
14.64 0.10555
13.83 0.10455
13.02 0.10350
12.20 0.10249
11.39 0.10148
10.58 0.10044
9.76 0.09939
8.95 0.09836
8.14 0.09731
7.32 0.09621
6.51 0.09509
5.69 0.09399
4.88 0.09286
4.07 0.09170
3.25 0.09050
2.44 0.08932
1.63 0.08810
0.81 0.08683
0.00 0.08540
19.20 0.07141
18.90 0.07100
18.60 0.07234
18.30 0.07248
18.00 0.07310
17.70 0.07305
17.40 0.07294
17.10 0.07239
16.80 0.07197
16.50 0.07235
16.20 0.07273
15.90 0.07222
15.60 0.07222
15.30 0.07201
15.00 0.07150
14.70 0.07079
14.40 0.07028
14.10 0.06978
13.80 0.06923
13.50 0.06878
13.20 0.06847
12.90 0.06796
12.60 0.06800
12.30 0.06792
12.00 0.06750
11.70 0.06716
11.40 0.06679
11.10 0.06626
10.80 0.06592
10.50 0.06550
10.20 0.06503
9.90 0.06463
9.60 0.06423
9.30 0.06378
9.00 0.06334
8.70 0.06290
8.40 0.06245
8.10 0.06201
7.80 0.06156
7.50 0.06119
7.20 0.06079
6.90 0.06046
6.60 0.06008
6.30 0.05969
6.00 0.05930
5.70 0.05888
5.40 0.05843
5.10 0.05800
4.80 0.05754
4.50 0.05708
4.20 0.05664
3.90 0.05617
3.60 0.05571
3.30 0.05523
3.00 0.05476
2.70 0.05427
2.40 0.05377
2.10 0.05325
1.80 0.05272
1.50 0.05217
1.20 0.05161
0.90 0.05103
0.60 0.05043
0.30 0.04978
0.00 0.04902
7.68 0.04806
7.57 0.05023
7.46 0.05058
7.35 0.05026
7.23 0.04997
7.12 0.04981
7.01 0.04912
6.90 0.04848
6.79 0.04820
6.68 0.04791
6.57 0.04745
6.46 0.04718
6.34 0.04678
6.23 0.04659
6.12 0.04643
6.01 0.04622
5.90 0.04608
5.79 0.04588
5.68 0.04560
5.57 0.04528
5.45 0.04495
5.34 0.04468
5.23 0.04441
5.12 0.04421
5.01 0.04403
4.90 0.04384
4.79 0.04364
4.67 0.04344
4.56 0.04322
4.45 0.04302
4.34 0.04282
4.23 0.04256
4.12 0.04232
4.01 0.04207
3.90 0.04183
3.78 0.04153
3.67 0.04126
3.56 0.04101
3.45 0.04074
3.34 0.04047
3.23 0.04017
3.12 0.03988
3.01 0.03960
2.89 0.03933
2.78 0.03903
2.67 0.03876
2.56 0.03849
2.45 0.03818
2.34 0.03791
2.23 0.03764
2.11 0.03736
2.00 0.03709
1.89 0.03680
1.78 0.03651
1.67 0.03620
1.56 0.03590
1.45 0.03561
1.34 0.03530
1.22 0.03500
1.11 0.03470
1.00 0.03438
0.89 0.03406
0.78 0.03375
0.67 0.03343
0.56 0.03310
0.45 0.03276
0.33 0.03241
0.22 0.03204
0.11 0.03165
0.00 0.03121
3.07 0.02810
3.03 0.02777
2.99 0.02780
2.95 0.02787
2.91 0.02761
2.86 0.02760
2.82 0.02734
2.78 0.02721
2.74 0.02709
2.70 0.02696
2.66 0.02690
2.62 0.02672
2.57 0.02664
2.53 0.02648
2.49 0.02631
2.45 0.02620
2.41 0.02602
2.37 0.02585
2.32 0.02578
2.28 0.02566
2.24 0.02557
2.20 0.02547
2.16 0.02537
2.12 0.02525
2.08 0.02514
2.03 0.02505
1.99 0.02494
1.95 0.02482
1.91 0.02472
1.87 0.02460
1.83 0.02449
1.79 0.02441
1.74 0.02429
1.70 0.02419
1.66 0.02406
1.62 0.02395
1.58 0.02384
1.54 0.02372
1.49 0.02359
1.45 0.02347
1.41 0.02337
1.37 0.02325
1.33 0.02315
1.29 0.02303
1.25 0.02290
1.20 0.02279
1.16 0.02266
1.12 0.02254
1.08 0.02242
1.04 0.02229
1.00 0.02218
0.95 0.02205
0.91 0.02193
0.87 0.02179
0.83 0.02166
0.79 0.02154
0.75 0.02141
0.71 0.02127
0.66 0.02114
0.62 0.02099
0.58 0.02086
0.54 0.02071
0.50 0.02056
0.46 0.02042
0.42 0.02026
0.37 0.02010
0.33 0.01994
0.29 0.01977
0.25 0.01960
0.21 0.01943
0.17 0.01925
0.12 0.01906
0.08 0.01886
0.04 0.01865
0.00 0.01841
1.23 0.01760
1.21 0.01778
1.20 0.01738
1.18 0.01748
1.17 0.01746
1.15 0.01741
1.14 0.01742
1.12 0.01741
1.10 0.01735
1.09 0.01727
1.07 0.01723
1.06 0.01717
1.04 0.01717
1.03 0.01711
1.01 0.01699
1.00 0.01694
0.98 0.01688
0.96 0.01682
0.95 0.01676
0.93 0.01669
0.92 0.01662
0.90 0.01655
0.89 0.01649
0.87 0.01645
0.86 0.01642
0.84 0.01637
0.82 0.01630
0.81 0.01624
0.79 0.01616
0.78 0.01612
0.76 0.01606
0.75 0.01602
0.73 0.01594
0.72 0.01586
0.70 0.01581
0.68 0.01576
0.67 0.01570
0.65 0.01562
0.64 0.01556
0.62 0.01548
0.61 0.01540
0.59 0.01533
0.58 0.01526
0.56 0.01519
0.54 0.01512
0.53 0.01504
0.51 0.01497
0.50 0.01490
0.48 0.01482
0.47 0.01475
0.45 0.01467
0.44 0.01459
0.42 0.01451
0.40 0.01443
0.39 0.01436
0.37 0.01429
0.36 0.01420
0.34 0.01411
0.33 0.01402
0.31 0.01395
0.30 0.01386
0.28 0.01378
0.26 0.01370
0.25 0.01361
0.23 0.01352
0.22 0.01342
0.20 0.01332
0.19 0.01323
0.17 0.01313
0.16 0.01303
0.14 0.01294
0.12 0.01284
0.11 0.01274
0.09 0.01264
0.08 0.01253
0.06 0.01242
0.05 0.01230
0.03 0.01218
0.02 0.01206
0.00 0.01191
0.49 0.01122
0.49 0.01119
0.48 0.01116
0.47 0.01120
0.47 0.01122
0.46 0.01119
0.46 0.01117
0.45 0.01119
0.44 0.01116
0.44 0.01110
0.43 0.01108
0.43 0.01104
0.42 0.01100
0.42 0.01096
0.41 0.01093
0.40 0.01087
0.40 0.01079
0.39 0.01075
0.39 0.01070
0.38 0.01065
0.37 0.01062
0.37 0.01057
0.36 0.01053
0.36 0.01050
0.35 0.01045
0.35 0.01042
0.34 0.01038
0.33 0.01034
0.33 0.01030
0.32 0.01027
0.32 0.01024
0.31 0.01019
0.30 0.01015
0.30 0.01010
0.29 0.01007
0.29 0.01002
0.28 0.00997
0.28 0.00994
0.27 0.00990
0.26 0.00986
0.26 0.00982
0.25 0.00978
0.25 0.00974
0.24 0.00970
0.23 0.00966
0.23 0.00962
0.22 0.00957
0.22 0.00952
0.21 0.00948
0.20 0.00944
0.20 0.00939
0.19 0.00934
0.19 0.00929
0.18 0.00924
0.18 0.00920
0.17 0.00916
0.16 0.00911
0.16 0.00906
0.15 0.00902
0.15 0.00896
0.14 0.00892
0.13 0.00887
0.13 0.00882
0.12 0.00877
0.12 0.00872
0.11 0.00867
0.11 0.00861
0.10 0.00856
0.09 0.00852
0.09 0.00847
0.08 0.00842
0.08 0.00836
0.07 0.00831
0.06 0.00825
0.06 0.00819
0.05 0.00812
0.05 0.00806
0.04 0.00800
0.04 0.00793
0.03 0.00787
0.02 0.00780
0.02 0.00774
0.01 0.00767
0.01 0.00759
0.00 0.00750
0.20 0.00721
0.19 0.00727
0.19 0.00721
0.19 0.00718
0.19 0.00713
0.19 0.00707
0.18 0.00697
0.18 0.00695
0.18 0.00691
0.18 0.00691
0.17 0.00690
0.17 0.00685
0.17 0.00684
0.17 0.00685
0.17 0.00687
0.16 0.00683
0.16 0.00679
0.16 0.00678
0.16 0.00677
0.15 0.00673
0.15 0.00670
0.15 0.00667
0.15 0.00665
0.15 0.00662
0.14 0.00661
0.14 0.00659
0.14 0.00654
0.14 0.00652
0.13 0.00650
0.13 0.00649
0.13 0.00647
0.13 0.00644
0.13 0.00642
0.12 0.00639
0.12 0.00636
0.12 0.00634
0.12 0.00632
0.11 0.00629
0.11 0.00627
0.11 0.00625
0.11 0.00623
0.11 0.00620
0.10 0.00617
0.10 0.00614
0.10 0.00611
0.10 0.00609
0.09 0.00607
0.09 0.00605
0.09 0.00603
0.09 0.00600
0.09 0.00598
0.08 0.00595
0.08 0.00592
0.08 0.00590
0.08 0.00588
0.08 0.00585
0.07 0.00583
0.07 0.00580
0.07 0.00578
0.07 0.00575
0.06 0.00572
0.06 0.00570
0.06 0.00568
0.06 0.00565
0.06 0.00562
0.05 0.00559
0.05 0.00557
0.05 0.00553
0.05 0.00551
0.04 0.00548
0.04 0.00545
0.04 0.00542
0.04 0.00539
0.04 0.00535
0.03 0.00532
0.03 0.00529
0.03 0.00525
0.03 0.00522
0.02 0.00519
0.02 0.00515
0.02 0.00511
0.02 0.00508
0.02 0.00504
0.01 0.00500
0.01 0.00496
0.01 0.00492
0.01 0.00488
0.00 0.00483
0.00 0.00478
0.00 0.00473
0.08 0.00460
0.08 0.00462
0.08 0.00456
0.08 0.00443
0.08 0.00436
0.07 0.00432
0.07 0.00438
0.07 0.00436
0.07 0.00437
0.07 0.00437
0.07 0.00433
0.07 0.00436
0.07 0.00438
0.07 0.00436
0.07 0.00435
0.07 0.00434
0.07 0.00433
0.06 0.00432
0.06 0.00431
0.06 0.00432
0.06 0.00430
0.06 0.00427
0.06 0.00426
0.06 0.00424
0.06 0.00423
0.06 0.00423
0.06 0.00422
0.06 0.00420
0.06 0.00419
0.05 0.00418
0.05 0.00417
0.05 0.00417
0.05 0.00416
0.05 0.00415
0.05 0.00414
0.05 0.00412
0.05 0.00410
0.05 0.00408
0.05 0.00406
0.05 0.00405
0.05 0.00403
0.04 0.00402
0.04 0.00400
0.04 0.00398
0.04 0.00397
0.04 0.00396
0.04 0.00394
0.04 0.00392
0.04 0.00391
0.04 0.00389
0.04 0.00387
0.04 0.00386
0.04 0.00384
0.03 0.00383
0.03 0.00381
0.03 0.00380
0.03 0.00377
0.03 0.00376
0.03 0.00374
0.03 0.00373
0.03 0.00371
0.03 0.00369
0.03 0.00367
0.03 0.00365
0.03 0.00363
0.02 0.00361
0.02 0.00359
0.02 0.00358
0.02 0.00356
0.02 0.00355
0.02 0.00353
0.02 0.00351
0.02 0.00349
0.02 0.00347
0.02 0.00345
0.02 0.00343
0.02 0.00341
0.01 0.00339
0.01 0.00337
0.01 0.00334
0.01 0.00332
0.01 0.00330
0.01 0.00328
0.01 0.00326
0.01 0.00324
0.01 0.00322
0.01 0.00320
0.01 0.00317
0.01 0.00315
0.00 0.00313
0.00 0.00310
0.00 0.00308
0.00 0.00305
0.00 0.00302
0.00 0.00299
0.00 0.00808
0.00 0.00530
0.00 0.00405
0.00 0.00341
0.00 0.00291
0.00 0.00255
0.00 0.00231
0.00 0.00213
0.00 0.00197
0.00 0.00183
0.00 0.00173
0.00 0.00166
0.00 0.00159
0.00 0.00149
0.00 0.00142
0.00 0.00136
0.00 0.00129
0.00 0.00122
0.00 0.00118
0.00 0.00113
0.00 0.00109
0.00 0.00105
0.00 0.00100
0.00 0.00096
0.00 0.00093
0.00 0.00090
0.00 0.00088
0.00 0.00086
0.00 0.00083
0.00 0.00081
0.00 0.00079
0.00 0.00077
0.00 0.00075
0.00 0.00074
0.00 0.00073
0.00 0.00071
0.00 0.00070
0.00 0.00068
0.00 0.00067
0.00 0.00067
0.00 0.00067
0.00 0.00066
0.00 0.00065
0.00 0.00064
0.00 0.00063
0.00 0.00061
0.00 0.00060
0.00 0.00059
0.00 0.00059
0.00 0.00058
0.00 0.00057
0.00 0.00056
0.00 0.00055
0.00 0.00054
0.00 0.00053
0.00 0.00053
0.00 0.00052
0.00 0.00051
0.00 0.00050
0.00 0.00050
0.00 0.00049
0.00 0.00049
0.00 0.00048
0.00 0.00047
0.00 0.00047
0.00 0.00046
0.00 0.00046
0.00 0.00045
0.00 0.00045
0.00 0.00044
0.00 0.00043
0.00 0.00043
0.00 0.00042
0.00 0.00042
0.00 0.00041
0.00 0.00041
0.00 0.00041
0.00 0.00040
0.00 0.00040
0.00 0.00040
0.00 0.00040
0.00 0.00039
0.00 0.00039
0.00 0.00038
0.00 0.00038
0.00 0.00037
0.00 0.00037
0.00 0.00037
0.00 0.00037
0.00 0.00037
0.00 0.00036
0.00 0.00036
0.00 0.00036
0.00 0.00035
0.00 0.00035
0.00 0.00034
0.00 0.00034
0.00 0.00034
0.00 0.00034
0.00 0.00034
