150.00 0.91600
133.33 0.91610
116.67 0.90460
100.00 0.90095
83.33 0.89427
66.67 0.88245
50.00 0.85641
33.33 0.82623
16.67 0.78354
0.00 0.70527
120.00 0.88860
106.67 0.88772
93.33 0.88730
80.00 0.88062
66.67 0.86499
53.33 0.84678
40.00 0.81976
26.67 0.78644
13.33 0.74301
0.00 0.66878
96.00 0.90030
85.33 0.88240
74.67 0.88358
64.00 0.87795
53.33 0.85447
42.67 0.82617
32.00 0.79319
21.33 0.75770
10.67 0.71242
0.00 0.64127
76.80 0.86735
68.27 0.84132
59.73 0.82267
51.20 0.80574
42.67 0.78293
34.13 0.75467
25.60 0.72520
17.07 0.69121
8.53 0.64884
0.00 0.58402
