300.00 0.48820
293.88 0.47004
287.76 0.46174
281.63 0.45539
275.51 0.45048
269.39 0.44658
263.27 0.44216
257.14 0.43822
251.02 0.43459
244.90 0.43116
238.78 0.42844
232.65 0.42552
226.53 0.42211
220.41 0.41909
214.29 0.41587
208.16 0.41285
202.04 0.40971
195.92 0.40627
189.80 0.40311
183.67 0.40002
177.55 0.39683
171.43 0.39343
165.31 0.39025
159.18 0.38685
153.06 0.38339
146.94 0.37974
140.82 0.37627
134.69 0.37257
128.57 0.36900
122.45 0.36540
116.33 0.36206
110.20 0.35848
104.08 0.35467
97.96 0.35102
91.84 0.34708
85.71 0.34313
79.59 0.33924
73.47 0.33502
67.35 0.33090
61.22 0.32669
55.10 0.32233
48.98 0.31790
42.86 0.31337
36.73 0.30884
30.61 0.30418
24.49 0.29958
18.37 0.29469
12.24 0.28976
6.12 0.28464
0.00 0.27900
120.00 0.25458
117.78 0.25507
115.56 0.25257
113.33 0.25180
111.11 0.25161
108.89 0.24988
106.67 0.24771
104.44 0.24592
102.22 0.24375
100.00 0.24170
97.78 0.24029
95.56 0.23866
93.33 0.23722
91.11 0.23564
88.89 0.23375
86.67 0.23225
84.44 0.23067
82.22 0.22895
80.00 0.22715
77.78 0.22552
75.56 0.22380
73.33 0.22187
71.11 0.21990
68.89 0.21806
66.67 0.21630
64.44 0.21446
62.22 0.21243
60.00 0.21069
57.78 0.20874
55.56 0.20690
53.33 0.20504
51.11 0.20333
48.89 0.20146
46.67 0.19947
44.44 0.19752
42.22 0.19571
40.00 0.19382
37.78 0.19208
35.56 0.19012
33.33 0.18817
31.11 0.18614
28.89 0.18420
26.67 0.18224
24.44 0.18030
22.22 0.17824
20.00 0.17612
17.78 0.17400
15.56 0.17192
13.33 0.16976
11.11 0.16754
8.89 0.16530
6.67 0.16295
4.44 0.16054
2.22 0.15803
0.00 0.15520
48.00 0.13475
47.19 0.13386
46.37 0.13293
45.56 0.13204
44.75 0.13183
43.93 0.13116
43.12 0.13021
42.31 0.12904
41.49 0.12831
40.68 0.12725
39.86 0.12624
39.05 0.12520
38.24 0.12439
37.42 0.12360
36.61 0.12298
35.80 0.12250
34.98 0.12165
34.17 0.12093
33.36 0.12020
32.54 0.11957
31.73 0.11897
30.92 0.11828
30.10 0.11750
29.29 0.11673
28.47 0.11590
27.66 0.11514
26.85 0.11435
26.03 0.11350
25.22 0.11266
24.41 0.11182
23.59 0.11092
22.78 0.10998
21.97 0.10907
21.15 0.10815
20.34 0.10731
19.53 0.10650
18.71 0.10573
17.90 0.10496
17.08 0.10419
16.27 0.10337
15.46 0.10257
14.64 0.10175
13.83 0.10093
13.02 0.10011
12.20 0.09929
11.39 0.09846
10.58 0.09757
9.76 0.09664
8.95 0.09574
8.14 0.09480
7.32 0.09384
6.51 0.09288
5.69 0.09190
4.88 0.09092
4.07 0.08988
3.25 0.08882
2.44 0.08772
1.63 0.08656
0.81 0.08534
0.00 0.08394
19.20 0.07886
18.90 0.07914
18.60 0.07984
18.30 0.07967
18.00 0.07927
17.70 0.07899
17.40 0.07865
17.10 0.07787
16.80 0.07785
16.50 0.07782
16.20 0.07755
15.90 0.07741
15.60 0.07709
15.30 0.07683
15.00 0.07665
14.70 0.07654
14.40 0.07646
14.10 0.07626
13.80 0.07604
13.50 0.07594
13.20 0.07561
12.90 0.07536
12.60 0.07517
12.30 0.07493
12.00 0.07467
11.70 0.07445
11.40 0.07426
11.10 0.07400
10.80 0.07371
10.50 0.07344
10.20 0.07311
9.90 0.07282
9.60 0.07254
9.30 0.07219
9.00 0.07182
8.70 0.07147
8.40 0.07103
8.10 0.07061
7.80 0.07021
7.50 0.06982
7.20 0.06944
6.90 0.06902
6.60 0.06865
6.30 0.06826
6.00 0.06779
5.70 0.06729
5.40 0.06679
5.10 0.06627
4.80 0.06570
4.50 0.06517
4.20 0.06466
3.90 0.06415
3.60 0.06364
3.30 0.06312
3.00 0.06260
2.70 0.06204
2.40 0.06146
2.10 0.06086
1.80 0.06025
1.50 0.05962
1.20 0.05899
0.90 0.05832
0.60 0.05762
0.30 0.05687
0.00 0.05602
7.68 0.05187
7.57 0.05219
7.46 0.05300
7.35 0.05322
7.23 0.05357
7.12 0.05303
7.01 0.05273
6.90 0.05255
6.79 0.05252
6.68 0.05204
6.57 0.05146
6.46 0.05094
6.34 0.05059
6.23 0.05026
6.12 0.05001
6.01 0.04983
5.90 0.04963
5.79 0.04949
5.68 0.04927
5.57 0.04909
5.45 0.04885
5.34 0.04857
5.23 0.04832
5.12 0.04811
5.01 0.04787
4.90 0.04762
4.79 0.04734
4.67 0.04712
4.56 0.04700
4.45 0.04696
4.34 0.04678
4.23 0.04653
4.12 0.04629
4.01 0.04603
3.90 0.04573
3.78 0.04544
3.67 0.04517
3.56 0.04492
3.45 0.04470
3.34 0.04445
3.23 0.04418
3.12 0.04395
3.01 0.04369
2.89 0.04345
2.78 0.04319
2.67 0.04292
2.56 0.04263
2.45 0.04240
2.34 0.04212
2.23 0.04184
2.11 0.04154
2.00 0.04125
1.89 0.04095
1.78 0.04065
1.67 0.04035
1.56 0.04005
1.45 0.03974
1.34 0.03944
1.22 0.03913
1.11 0.03880
1.00 0.03847
0.89 0.03815
0.78 0.03780
0.67 0.03745
0.56 0.03708
0.45 0.03671
0.33 0.03632
0.22 0.03592
0.11 0.03549
0.00 0.03500
3.07 0.03291
3.03 0.03209
2.99 0.03180
2.95 0.03177
2.91 0.03154
2.86 0.03146
2.82 0.03148
2.78 0.03139
2.74 0.03137
2.70 0.03136
2.66 0.03138
2.62 0.03139
2.57 0.03128
2.53 0.03124
2.49 0.03109
2.45 0.03096
2.41 0.03076
2.37 0.03060
2.32 0.03048
2.28 0.03033
2.24 0.03019
2.20 0.03010
2.16 0.03001
2.12 0.02990
2.08 0.02979
2.03 0.02970
1.99 0.02961
1.95 0.02948
1.91 0.02939
1.87 0.02930
1.83 0.02919
1.79 0.02905
1.74 0.02892
1.70 0.02879
1.66 0.02864
1.62 0.02849
1.58 0.02834
1.54 0.02820
1.49 0.02807
1.45 0.02792
1.41 0.02778
1.37 0.02763
1.33 0.02747
1.29 0.02733
1.25 0.02718
1.20 0.02703
1.16 0.02691
1.12 0.02676
1.08 0.02660
1.04 0.02645
1.00 0.02631
0.95 0.02616
0.91 0.02601
0.87 0.02585
0.83 0.02568
0.79 0.02550
0.75 0.02535
0.71 0.02519
0.66 0.02502
0.62 0.02485
0.58 0.02469
0.54 0.02451
0.50 0.02434
0.46 0.02416
0.42 0.02398
0.37 0.02379
0.33 0.02359
0.29 0.02340
0.25 0.02320
0.21 0.02299
0.17 0.02278
0.12 0.02256
0.08 0.02233
0.04 0.02208
0.00 0.02179
1.23 0.02120
1.21 0.02111
1.20 0.02091
1.18 0.02083
1.17 0.02065
1.15 0.02056
1.14 0.02053
1.12 0.02040
1.10 0.02022
1.09 0.02010
1.07 0.02000
1.06 0.01996
1.04 0.01985
1.03 0.01978
1.01 0.01969
1.00 0.01961
0.98 0.01952
0.96 0.01950
0.95 0.01947
0.93 0.01937
0.92 0.01930
0.90 0.01925
0.89 0.01919
0.87 0.01910
0.86 0.01901
0.84 0.01896
0.82 0.01889
0.81 0.01880
0.79 0.01874
0.78 0.01867
0.76 0.01858
0.75 0.01847
0.73 0.01840
0.72 0.01832
0.70 0.01825
0.68 0.01815
0.67 0.01808
0.65 0.01803
0.64 0.01795
0.62 0.01786
0.61 0.01776
0.59 0.01766
0.58 0.01757
0.56 0.01748
0.54 0.01739
0.53 0.01730
0.51 0.01721
0.50 0.01711
0.48 0.01703
0.47 0.01696
0.45 0.01687
0.44 0.01678
0.42 0.01670
0.40 0.01661
0.39 0.01652
0.37 0.01642
0.36 0.01633
0.34 0.01623
0.33 0.01614
0.31 0.01603
0.30 0.01593
0.28 0.01582
0.26 0.01572
0.25 0.01561
0.23 0.01552
0.22 0.01542
0.20 0.01531
0.19 0.01521
0.17 0.01510
0.16 0.01498
0.14 0.01487
0.12 0.01475
0.11 0.01464
0.09 0.01451
0.08 0.01439
0.06 0.01426
0.05 0.01412
0.03 0.01398
0.02 0.01384
0.00 0.01367
0.49 0.01306
0.49 0.01304
0.48 0.01287
0.47 0.01274
0.47 0.01265
0.46 0.01257
0.46 0.01251
0.45 0.01247
0.44 0.01243
0.44 0.01238
0.43 0.01238
0.43 0.01232
0.42 0.01227
0.42 0.01224
0.41 0.01218
0.40 0.01213
0.40 0.01209
0.39 0.01207
0.39 0.01205
0.38 0.01201
0.37 0.01198
0.37 0.01195
0.36 0.01195
0.36 0.01189
0.35 0.01187
0.35 0.01183
0.34 0.01180
0.33 0.01176
0.33 0.01172
0.32 0.01169
0.32 0.01164
0.31 0.01159
0.30 0.01156
0.30 0.01151
0.29 0.01147
0.29 0.01142
0.28 0.01137
0.28 0.01132
0.27 0.01127
0.26 0.01122
0.26 0.01118
0.25 0.01114
0.25 0.01110
0.24 0.01105
0.23 0.01099
0.23 0.01093
0.22 0.01088
0.22 0.01084
0.21 0.01079
0.20 0.01074
0.20 0.01069
0.19 0.01064
0.19 0.01058
0.18 0.01054
0.18 0.01048
0.17 0.01042
0.16 0.01037
0.16 0.01032
0.15 0.01026
0.15 0.01021
0.14 0.01015
0.13 0.01009
0.13 0.01002
0.12 0.00997
0.12 0.00992
0.11 0.00986
0.11 0.00980
0.10 0.00974
0.09 0.00969
0.09 0.00962
0.08 0.00956
0.08 0.00949
0.07 0.00943
0.06 0.00936
0.06 0.00930
0.05 0.00923
0.05 0.00916
0.04 0.00909
0.04 0.00902
0.03 0.00895
0.02 0.00887
0.02 0.00879
0.01 0.00871
0.01 0.00862
0.00 0.00853
0.20 0.00774
0.19 0.00804
0.19 0.00802
0.19 0.00788
0.19 0.00795
0.19 0.00788
0.18 0.00787
0.18 0.00785
0.18 0.00787
0.18 0.00781
0.17 0.00776
0.17 0.00771
0.17 0.00771
0.17 0.00768
0.17 0.00765
0.16 0.00764
0.16 0.00764
0.16 0.00761
0.16 0.00758
0.15 0.00755
0.15 0.00755
0.15 0.00751
0.15 0.00749
0.15 0.00747
0.14 0.00742
0.14 0.00739
0.14 0.00737
0.14 0.00737
0.13 0.00734
0.13 0.00731
0.13 0.00728
0.13 0.00726
0.13 0.00723
0.12 0.00721
0.12 0.00717
0.12 0.00715
0.12 0.00712
0.11 0.00708
0.11 0.00706
0.11 0.00704
0.11 0.00702
0.11 0.00699
0.10 0.00696
0.10 0.00693
0.10 0.00690
0.10 0.00688
0.09 0.00684
0.09 0.00681
0.09 0.00678
0.09 0.00675
0.09 0.00672
0.08 0.00669
0.08 0.00666
0.08 0.00663
0.08 0.00659
0.08 0.00657
0.07 0.00654
0.07 0.00650
0.07 0.00647
0.07 0.00644
0.06 0.00640
0.06 0.00637
0.06 0.00634
0.06 0.00631
0.06 0.00627
0.05 0.00623
0.05 0.00621
0.05 0.00618
0.05 0.00614
0.04 0.00611
0.04 0.00608
0.04 0.00605
0.04 0.00602
0.04 0.00598
0.03 0.00594
0.03 0.00590
0.03 0.00586
0.03 0.00583
0.02 0.00579
0.02 0.00575
0.02 0.00570
0.02 0.00567
0.02 0.00563
0.01 0.00558
0.01 0.00554
0.01 0.00550
0.01 0.00545
0.00 0.00540
0.00 0.00535
0.00 0.00529
0.08 0.00505
0.08 0.00508
0.08 0.00518
0.08 0.00500
0.08 0.00501
0.07 0.00504
0.07 0.00506
0.07 0.00504
0.07 0.00499
0.07 0.00499
0.07 0.00500
0.07 0.00498
0.07 0.00496
0.07 0.00499
0.07 0.00498
0.07 0.00497
0.07 0.00493
0.06 0.00494
0.06 0.00491
0.06 0.00488
0.06 0.00485
0.06 0.00483
0.06 0.00480
0.06 0.00479
0.06 0.00478
0.06 0.00477
0.06 0.00474
0.06 0.00474
0.06 0.00472
0.05 0.00471
0.05 0.00468
0.05 0.00465
0.05 0.00464
0.05 0.00462
0.05 0.00460
0.05 0.00459
0.05 0.00457
0.05 0.00455
0.05 0.00453
0.05 0.00451
0.05 0.00449
0.04 0.00448
0.04 0.00446
0.04 0.00444
0.04 0.00443
0.04 0.00441
0.04 0.00439
0.04 0.00438
0.04 0.00437
0.04 0.00435
0.04 0.00433
0.04 0.00431
0.04 0.00429
0.03 0.00427
0.03 0.00426
0.03 0.00424
0.03 0.00422
0.03 0.00420
0.03 0.00418
0.03 0.00416
0.03 0.00415
0.03 0.00413
0.03 0.00412
0.03 0.00410
0.03 0.00408
0.02 0.00406
0.02 0.00404
0.02 0.00403
0.02 0.00401
0.02 0.00399
0.02 0.00397
0.02 0.00395
0.02 0.00393
0.02 0.00391
0.02 0.00389
0.02 0.00387
0.02 0.00384
0.01 0.00382
0.01 0.00380
0.01 0.00378
0.01 0.00375
0.01 0.00373
0.01 0.00371
0.01 0.00369
0.01 0.00366
0.01 0.00364
0.01 0.00362
0.01 0.00359
0.01 0.00357
0.00 0.00354
0.00 0.00351
0.00 0.00349
0.00 0.00346
0.00 0.00343
0.00 0.00339
0.00 0.01460
0.00 0.00940
0.00 0.00750
0.00 0.00631
0.00 0.00551
0.00 0.00491
0.00 0.00461
0.00 0.00439
0.00 0.00413
0.00 0.00387
0.00 0.00371
0.00 0.00348
0.00 0.00331
0.00 0.00319
0.00 0.00310
0.00 0.00301
0.00 0.00291
0.00 0.00283
0.00 0.00275
0.00 0.00267
0.00 0.00260
0.00 0.00253
0.00 0.00249
0.00 0.00245
0.00 0.00240
0.00 0.00234
0.00 0.00229
0.00 0.00223
0.00 0.00219
0.00 0.00216
0.00 0.00212
0.00 0.00207
0.00 0.00205
0.00 0.00203
0.00 0.00201
0.00 0.00197
0.00 0.00193
0.00 0.00189
0.00 0.00185
0.00 0.00182
0.00 0.00178
0.00 0.00176
0.00 0.00174
0.00 0.00171
0.00 0.00168
0.00 0.00166
0.00 0.00163
0.00 0.00161
0.00 0.00160
0.00 0.00159
0.00 0.00157
0.00 0.00155
0.00 0.00154
0.00 0.00153
0.00 0.00152
0.00 0.00150
0.00 0.00149
0.00 0.00147
0.00 0.00145
0.00 0.00144
0.00 0.00143
0.00 0.00141
0.00 0.00140
0.00 0.00138
0.00 0.00137
0.00 0.00135
0.00 0.00134
0.00 0.00134
0.00 0.00132
0.00 0.00132
0.00 0.00131
0.00 0.00130
0.00 0.00130
0.00 0.00129
0.00 0.00128
0.00 0.00127
0.00 0.00126
0.00 0.00125
0.00 0.00124
0.00 0.00123
0.00 0.00122
0.00 0.00121
0.00 0.00121
0.00 0.00120
0.00 0.00119
0.00 0.00118
0.00 0.00117
0.00 0.00116
0.00 0.00116
0.00 0.00115
0.00 0.00114
0.00 0.00113
0.00 0.00113
0.00 0.00112
0.00 0.00112
0.00 0.00112
0.00 0.00111
0.00 0.00110
0.00 0.00109
0.00 0.00109
