300.00 0.52603
293.88 0.50474
287.76 0.48924
281.63 0.47675
275.51 0.46758
269.39 0.46159
263.27 0.45569
257.14 0.44988
251.02 0.44511
244.90 0.44043
238.78 0.43640
232.65 0.43288
226.53 0.42877
220.41 0.42476
214.29 0.42107
208.16 0.41719
202.04 0.41397
195.92 0.41099
189.80 0.40784
183.67 0.40437
177.55 0.40089
171.43 0.39751
165.31 0.39403
159.18 0.39048
153.06 0.38693
146.94 0.38342
140.82 0.38002
134.69 0.37631
128.57 0.37258
122.45 0.36878
116.33 0.36504
110.20 0.36127
104.08 0.35754
97.96 0.35380
91.84 0.34976
85.71 0.34573
79.59 0.34169
73.47 0.33762
67.35 0.33341
61.22 0.32907
55.10 0.32462
48.98 0.32012
42.86 0.31566
36.73 0.31113
30.61 0.30645
24.49 0.30172
18.37 0.29697
12.24 0.29210
6.12 0.28705
0.00 0.28137
120.00 0.26011
117.78 0.25667
115.56 0.25616
113.33 0.25447
111.11 0.25268
108.89 0.24999
106.67 0.24824
104.44 0.24685
102.22 0.24575
100.00 0.24429
97.78 0.24251
95.56 0.24100
93.33 0.23934
91.11 0.23725
88.89 0.23537
86.67 0.23359
84.44 0.23193
82.22 0.23000
80.00 0.22813
77.78 0.22626
75.56 0.22432
73.33 0.22239
71.11 0.22056
68.89 0.21866
66.67 0.21673
64.44 0.21470
62.22 0.21280
60.00 0.21091
57.78 0.20900
55.56 0.20698
53.33 0.20499
51.11 0.20307
48.89 0.20138
46.67 0.19948
44.44 0.19748
42.22 0.19556
40.00 0.19369
37.78 0.19179
35.56 0.18988
33.33 0.18788
31.11 0.18578
28.89 0.18360
26.67 0.18147
24.44 0.17936
22.22 0.17735
20.00 0.17529
17.78 0.17311
15.56 0.17097
13.33 0.16886
11.11 0.16668
8.89 0.16450
6.67 0.16225
4.44 0.15991
2.22 0.15743
0.00 0.15460
48.00 0.13756
47.19 0.13862
46.37 0.13888
45.56 0.13775
44.75 0.13654
43.93 0.13536
43.12 0.13394
42.31 0.13310
41.49 0.13223
40.68 0.13131
39.86 0.13063
39.05 0.12961
38.24 0.12890
37.42 0.12768
36.61 0.12639
35.80 0.12539
34.98 0.12419
34.17 0.12322
33.36 0.12241
32.54 0.12165
31.73 0.12102
30.92 0.12030
30.10 0.11953
29.29 0.11874
28.47 0.11811
27.66 0.11757
26.85 0.11716
26.03 0.11642
25.22 0.11561
24.41 0.11489
23.59 0.11412
22.78 0.11326
21.97 0.11241
21.15 0.11152
20.34 0.11067
19.53 0.10977
18.71 0.10891
17.90 0.10810
17.08 0.10717
16.27 0.10629
15.46 0.10537
14.64 0.10442
13.83 0.10345
13.02 0.10243
12.20 0.10141
11.39 0.10043
10.58 0.09941
9.76 0.09841
8.95 0.09737
8.14 0.09630
7.32 0.09520
6.51 0.09412
5.69 0.09302
4.88 0.09193
4.07 0.09080
3.25 0.08966
2.44 0.08849
1.63 0.08729
0.81 0.08604
0.00 0.08463
19.20 0.07206
18.90 0.07219
18.60 0.07338
18.30 0.07338
18.00 0.07287
17.70 0.07254
17.40 0.07213
17.10 0.07187
16.80 0.07162
16.50 0.07113
16.20 0.07069
15.90 0.07028
15.60 0.06989
15.30 0.06946
15.00 0.06909
14.70 0.06862
14.40 0.06806
14.10 0.06761
13.80 0.06722
13.50 0.06673
13.20 0.06624
12.90 0.06581
12.60 0.06539
12.30 0.06494
12.00 0.06451
11.70 0.06407
11.40 0.06368
11.10 0.06323
10.80 0.06281
10.50 0.06242
10.20 0.06199
9.90 0.06166
9.60 0.06130
9.30 0.06091
9.00 0.06056
8.70 0.06019
8.40 0.05980
8.10 0.05938
7.80 0.05897
7.50 0.05855
7.20 0.05812
6.90 0.05769
6.60 0.05727
6.30 0.05686
6.00 0.05645
5.70 0.05604
5.40 0.05561
5.10 0.05516
4.80 0.05473
4.50 0.05429
4.20 0.05384
3.90 0.05339
3.60 0.05292
3.30 0.05248
3.00 0.05202
2.70 0.05156
2.40 0.05108
2.10 0.05058
1.80 0.05008
1.50 0.04956
1.20 0.04902
0.90 0.04847
0.60 0.04790
0.30 0.04728
0.00 0.04658
7.68 0.04455
7.57 0.04471
7.46 0.04453
7.35 0.04464
7.23 0.04491
7.12 0.04498
7.01 0.04477
6.90 0.04484
6.79 0.04462
6.68 0.04442
6.57 0.04421
6.46 0.04398
6.34 0.04371
6.23 0.04347
6.12 0.04324
6.01 0.04303
5.90 0.04288
5.79 0.04277
5.68 0.04259
5.57 0.04237
5.45 0.04219
5.34 0.04200
5.23 0.04183
5.12 0.04157
5.01 0.04135
4.90 0.04112
4.79 0.04088
4.67 0.04065
4.56 0.04042
4.45 0.04019
4.34 0.04002
4.23 0.03989
4.12 0.03983
4.01 0.03970
3.90 0.03958
3.78 0.03942
3.67 0.03920
3.56 0.03898
3.45 0.03879
3.34 0.03855
3.23 0.03832
3.12 0.03810
3.01 0.03787
2.89 0.03766
2.78 0.03744
2.67 0.03725
2.56 0.03702
2.45 0.03679
2.34 0.03655
2.23 0.03629
2.11 0.03604
2.00 0.03577
1.89 0.03552
1.78 0.03527
1.67 0.03502
1.56 0.03476
1.45 0.03451
1.34 0.03423
1.22 0.03396
1.11 0.03368
1.00 0.03339
0.89 0.03310
0.78 0.03281
0.67 0.03252
0.56 0.03220
0.45 0.03187
0.33 0.03154
0.22 0.03118
0.11 0.03080
0.00 0.03037
3.07 0.02770
3.03 0.02763
2.99 0.02751
2.95 0.02765
2.91 0.02771
2.86 0.02772
2.82 0.02776
2.78 0.02779
2.74 0.02773
2.70 0.02766
2.66 0.02756
2.62 0.02751
2.57 0.02747
2.53 0.02746
2.49 0.02748
2.45 0.02751
2.41 0.02747
2.37 0.02736
2.32 0.02731
2.28 0.02723
2.24 0.02717
2.20 0.02707
2.16 0.02705
2.12 0.02698
2.08 0.02688
2.03 0.02679
1.99 0.02664
1.95 0.02651
1.91 0.02636
1.87 0.02621
1.83 0.02607
1.79 0.02597
1.74 0.02587
1.70 0.02575
1.66 0.02563
1.62 0.02555
1.58 0.02549
1.54 0.02543
1.49 0.02536
1.45 0.02525
1.41 0.02516
1.37 0.02504
1.33 0.02495
1.29 0.02486
1.25 0.02477
1.20 0.02466
1.16 0.02454
1.12 0.02443
1.08 0.02429
1.04 0.02418
1.00 0.02407
0.95 0.02394
0.91 0.02381
0.87 0.02369
0.83 0.02356
0.79 0.02344
0.75 0.02330
0.71 0.02316
0.66 0.02300
0.62 0.02284
0.58 0.02270
0.54 0.02256
0.50 0.02240
0.46 0.02224
0.42 0.02208
0.37 0.02192
0.33 0.02175
0.29 0.02157
0.25 0.02137
0.21 0.02118
0.17 0.02098
0.12 0.02077
0.08 0.02055
0.04 0.02032
0.00 0.02006
1.23 0.01907
1.21 0.01902
1.20 0.01911
1.18 0.01927
1.17 0.01924
1.15 0.01926
1.14 0.01919
1.12 0.01921
1.10 0.01917
1.09 0.01916
1.07 0.01918
1.06 0.01915
1.04 0.01920
1.03 0.01929
1.01 0.01927
1.00 0.01924
0.98 0.01920
0.96 0.01915
0.95 0.01911
0.93 0.01909
0.92 0.01900
0.90 0.01899
0.89 0.01892
0.87 0.01888
0.86 0.01887
0.84 0.01881
0.82 0.01874
0.81 0.01866
0.79 0.01858
0.78 0.01850
0.76 0.01843
0.75 0.01836
0.73 0.01829
0.72 0.01823
0.70 0.01816
0.68 0.01807
0.67 0.01799
0.65 0.01791
0.64 0.01784
0.62 0.01776
0.61 0.01769
0.59 0.01761
0.58 0.01752
0.56 0.01744
0.54 0.01736
0.53 0.01727
0.51 0.01719
0.50 0.01711
0.48 0.01702
0.47 0.01693
0.45 0.01684
0.44 0.01676
0.42 0.01667
0.40 0.01658
0.39 0.01649
0.37 0.01640
0.36 0.01631
0.34 0.01622
0.33 0.01613
0.31 0.01603
0.30 0.01593
0.28 0.01582
0.26 0.01572
0.25 0.01561
0.23 0.01549
0.22 0.01538
0.20 0.01527
0.19 0.01516
0.17 0.01505
0.16 0.01494
0.14 0.01483
0.12 0.01471
0.11 0.01459
0.09 0.01446
0.08 0.01434
0.06 0.01421
0.05 0.01408
0.03 0.01395
0.02 0.01380
0.00 0.01363
0.49 0.01249
0.49 0.01209
0.48 0.01217
0.47 0.01216
0.47 0.01230
0.46 0.01226
0.46 0.01222
0.45 0.01219
0.44 0.01220
0.44 0.01216
0.43 0.01211
0.43 0.01203
0.42 0.01203
0.42 0.01197
0.41 0.01189
0.40 0.01181
0.40 0.01176
0.39 0.01175
0.39 0.01173
0.38 0.01168
0.37 0.01168
0.37 0.01163
0.36 0.01159
0.36 0.01154
0.35 0.01150
0.35 0.01144
0.34 0.01142
0.33 0.01137
0.33 0.01132
0.32 0.01128
0.32 0.01125
0.31 0.01120
0.30 0.01116
0.30 0.01113
0.29 0.01109
0.29 0.01105
0.28 0.01101
0.28 0.01098
0.27 0.01094
0.26 0.01089
0.26 0.01084
0.25 0.01081
0.25 0.01076
0.24 0.01071
0.23 0.01067
0.23 0.01064
0.22 0.01059
0.22 0.01055
0.21 0.01051
0.20 0.01046
0.20 0.01042
0.19 0.01038
0.19 0.01033
0.18 0.01029
0.18 0.01025
0.17 0.01019
0.16 0.01014
0.16 0.01009
0.15 0.01004
0.15 0.00999
0.14 0.00993
0.13 0.00987
0.13 0.00983
0.12 0.00977
0.12 0.00971
0.11 0.00966
0.11 0.00960
0.10 0.00954
0.09 0.00948
0.09 0.00942
0.08 0.00937
0.08 0.00931
0.07 0.00925
0.06 0.00919
0.06 0.00912
0.05 0.00906
0.05 0.00899
0.04 0.00892
0.04 0.00886
0.03 0.00878
0.02 0.00871
0.02 0.00863
0.01 0.00855
0.01 0.00847
0.00 0.00838
0.20 0.00771
0.19 0.00801
0.19 0.00796
0.19 0.00791
0.19 0.00781
0.19 0.00784
0.18 0.00782
0.18 0.00781
0.18 0.00780
0.18 0.00774
0.17 0.00775
0.17 0.00769
0.17 0.00766
0.17 0.00761
0.17 0.00760
0.16 0.00759
0.16 0.00758
0.16 0.00755
0.16 0.00751
0.15 0.00747
0.15 0.00745
0.15 0.00742
0.15 0.00740
0.15 0.00737
0.14 0.00735
0.14 0.00734
0.14 0.00731
0.14 0.00728
0.13 0.00725
0.13 0.00723
0.13 0.00721
0.13 0.00719
0.13 0.00715
0.12 0.00713
0.12 0.00711
0.12 0.00708
0.12 0.00704
0.11 0.00701
0.11 0.00698
0.11 0.00695
0.11 0.00691
0.11 0.00689
0.10 0.00687
0.10 0.00684
0.10 0.00682
0.10 0.00680
0.09 0.00677
0.09 0.00674
0.09 0.00671
0.09 0.00668
0.09 0.00666
0.08 0.00663
0.08 0.00661
0.08 0.00658
0.08 0.00655
0.08 0.00652
0.07 0.00650
0.07 0.00647
0.07 0.00644
0.07 0.00641
0.06 0.00638
0.06 0.00636
0.06 0.00633
0.06 0.00630
0.06 0.00627
0.05 0.00623
0.05 0.00621
0.05 0.00617
0.05 0.00614
0.04 0.00611
0.04 0.00608
0.04 0.00605
0.04 0.00601
0.04 0.00598
0.03 0.00594
0.03 0.00590
0.03 0.00587
0.03 0.00583
0.02 0.00579
0.02 0.00575
0.02 0.00571
0.02 0.00567
0.02 0.00563
0.01 0.00559
0.01 0.00555
0.01 0.00550
0.01 0.00546
0.00 0.00541
0.00 0.00536
0.00 0.00530
0.08 0.00519
0.08 0.00515
0.08 0.00510
0.08 0.00506
0.08 0.00509
0.07 0.00512
0.07 0.00507
0.07 0.00506
0.07 0.00505
0.07 0.00505
0.07 0.00505
0.07 0.00501
0.07 0.00500
0.07 0.00501
0.07 0.00498
0.07 0.00496
0.07 0.00492
0.06 0.00491
0.06 0.00489
0.06 0.00488
0.06 0.00487
0.06 0.00486
0.06 0.00485
0.06 0.00484
0.06 0.00481
0.06 0.00479
0.06 0.00479
0.06 0.00479
0.06 0.00476
0.05 0.00475
0.05 0.00473
0.05 0.00471
0.05 0.00468
0.05 0.00466
0.05 0.00465
0.05 0.00463
0.05 0.00462
0.05 0.00460
0.05 0.00458
0.05 0.00456
0.05 0.00455
0.04 0.00453
0.04 0.00451
0.04 0.00449
0.04 0.00447
0.04 0.00446
0.04 0.00445
0.04 0.00443
0.04 0.00442
0.04 0.00440
0.04 0.00437
0.04 0.00435
0.04 0.00433
0.03 0.00432
0.03 0.00431
0.03 0.00429
0.03 0.00427
0.03 0.00426
0.03 0.00424
0.03 0.00422
0.03 0.00421
0.03 0.00419
0.03 0.00418
0.03 0.00416
0.03 0.00414
0.02 0.00412
0.02 0.00410
0.02 0.00408
0.02 0.00406
0.02 0.00404
0.02 0.00402
0.02 0.00400
0.02 0.00398
0.02 0.00396
0.02 0.00394
0.02 0.00392
0.02 0.00390
0.01 0.00387
0.01 0.00385
0.01 0.00383
0.01 0.00381
0.01 0.00378
0.01 0.00376
0.01 0.00374
0.01 0.00371
0.01 0.00369
0.01 0.00366
0.01 0.00364
0.01 0.00361
0.00 0.00358
0.00 0.00356
0.00 0.00353
0.00 0.00350
0.00 0.00347
0.00 0.00343
0.00 0.05095
0.00 0.03531
0.00 0.02620
0.00 0.02126
0.00 0.01809
0.00 0.01569
0.00 0.01399
0.00 0.01263
0.00 0.01166
0.00 0.01076
0.00 0.00997
0.00 0.00931
0.00 0.00877
0.00 0.00825
0.00 0.00780
0.00 0.00741
0.00 0.00713
0.00 0.00683
0.00 0.00658
0.00 0.00638
0.00 0.00616
0.00 0.00595
0.00 0.00574
0.00 0.00556
0.00 0.00540
0.00 0.00524
0.00 0.00511
0.00 0.00497
0.00 0.00484
0.00 0.00471
0.00 0.00460
0.00 0.00451
0.00 0.00441
0.00 0.00432
0.00 0.00422
0.00 0.00414
0.00 0.00405
0.00 0.00396
0.00 0.00387
0.00 0.00380
0.00 0.00373
0.00 0.00367
0.00 0.00360
0.00 0.00354
0.00 0.00347
0.00 0.00341
0.00 0.00336
0.00 0.00332
0.00 0.00327
0.00 0.00321
0.00 0.00317
0.00 0.00312
0.00 0.00308
0.00 0.00305
0.00 0.00301
0.00 0.00297
0.00 0.00292
0.00 0.00288
0.00 0.00284
0.00 0.00281
0.00 0.00278
0.00 0.00274
0.00 0.00271
0.00 0.00269
0.00 0.00266
0.00 0.00263
0.00 0.00260
0.00 0.00257
0.00 0.00256
0.00 0.00253
0.00 0.00252
0.00 0.00249
0.00 0.00246
0.00 0.00244
0.00 0.00241
0.00 0.00239
0.00 0.00236
0.00 0.00234
0.00 0.00231
0.00 0.00229
0.00 0.00227
0.00 0.00225
0.00 0.00223
0.00 0.00222
0.00 0.00219
0.00 0.00217
0.00 0.00215
0.00 0.00213
0.00 0.00211
0.00 0.00210
0.00 0.00208
0.00 0.00206
0.00 0.00204
0.00 0.00202
0.00 0.00200
0.00 0.00199
0.00 0.00197
0.00 0.00195
0.00 0.00194
0.00 0.00192
