25.00 0.09970
22.22 0.09098
19.44 0.09213
16.67 0.09219
13.89 0.08944
11.11 0.08635
8.33 0.08417
5.56 0.07933
2.78 0.07452
0.00 0.06722
20.00 0.07945
17.78 0.07660
15.56 0.07797
13.33 0.07443
11.11 0.07138
8.89 0.06710
6.67 0.06324
4.44 0.05952
2.22 0.05530
0.00 0.05001
16.00 0.07280
14.22 0.07335
12.44 0.07408
10.67 0.07068
8.89 0.06739
7.11 0.06438
5.33 0.06106
3.56 0.05762
1.78 0.05368
0.00 0.04846
12.80 0.06250
11.38 0.05973
9.96 0.05708
8.53 0.05561
7.11 0.05424
5.69 0.05208
4.27 0.04915
2.84 0.04599
1.42 0.04308
0.00 0.03895
