150.00 0.95115
133.33 0.95117
116.67 0.95343
100.00 0.95184
83.33 0.95034
66.67 0.95053
50.00 0.94929
33.33 0.94877
16.67 0.94879
0.00 0.85440
120.00 0.94565
106.67 0.94720
93.33 0.95017
80.00 0.95210
66.67 0.95174
53.33 0.95117
40.00 0.95039
26.67 0.95036
13.33 0.94972
0.00 0.85515
96.00 0.95755
85.33 0.95493
74.67 0.95153
64.00 0.95231
53.33 0.95192
42.67 0.95216
32.00 0.95130
21.33 0.95093
10.67 0.94946
0.00 0.85491
76.80 0.94740
68.27 0.94755
59.73 0.94673
51.20 0.94719
42.67 0.94712
34.13 0.94753
25.60 0.94651
17.07 0.94621
8.53 0.94543
0.00 0.85139
