300.00 0.45874
293.88 0.45145
287.76 0.44614
281.63 0.44138
275.51 0.43833
269.39 0.43419
263.27 0.43119
257.14 0.43545
251.02 0.43176
244.90 0.42779
238.78 0.42451
232.65 0.42134
226.53 0.41784
220.41 0.41449
214.29 0.41140
208.16 0.40809
202.04 0.40505
195.92 0.40163
189.80 0.39848
183.67 0.39526
177.55 0.39196
171.43 0.38864
165.31 0.38529
159.18 0.38201
153.06 0.37834
146.94 0.37492
140.82 0.37127
134.69 0.36794
128.57 0.36449
122.45 0.36102
116.33 0.35741
110.20 0.35380
104.08 0.35019
97.96 0.34643
91.84 0.34263
85.71 0.33877
79.59 0.33485
73.47 0.33078
67.35 0.32671
61.22 0.32266
55.10 0.31836
48.98 0.31413
42.86 0.30997
36.73 0.30567
30.61 0.30141
24.49 0.29691
18.37 0.29221
12.24 0.28725
6.12 0.28224
0.00 0.27662
120.00 0.25665
117.78 0.25422
115.56 0.25218
113.33 0.25017
111.11 0.24901
108.89 0.24765
106.67 0.24597
104.44 0.24467
102.22 0.24278
100.00 0.24104
97.78 0.23961
95.56 0.23782
93.33 0.23589
91.11 0.23417
88.89 0.23257
86.67 0.23098
84.44 0.22946
82.22 0.22742
80.00 0.22582
77.78 0.22396
75.56 0.22235
73.33 0.22041
71.11 0.21885
68.89 0.21699
66.67 0.21526
64.44 0.21344
62.22 0.21154
60.00 0.20968
57.78 0.20769
55.56 0.20584
53.33 0.20401
51.11 0.20223
48.89 0.20028
46.67 0.19863
44.44 0.19676
42.22 0.19478
40.00 0.19297
37.78 0.19113
35.56 0.18929
33.33 0.18723
31.11 0.18518
28.89 0.18307
26.67 0.18099
24.44 0.17895
22.22 0.17692
20.00 0.17493
17.78 0.17287
15.56 0.17105
13.33 0.16897
11.11 0.16662
8.89 0.16423
6.67 0.16184
4.44 0.15941
2.22 0.15688
0.00 0.15405
48.00 0.13761
47.19 0.13801
46.37 0.13688
45.56 0.13453
44.75 0.13436
43.93 0.13320
43.12 0.13241
42.31 0.13149
41.49 0.13121
40.68 0.13080
39.86 0.12971
39.05 0.12887
38.24 0.12843
37.42 0.12813
36.61 0.12758
35.80 0.12702
34.98 0.12634
34.17 0.12547
33.36 0.12448
32.54 0.12382
31.73 0.12337
30.92 0.12279
30.10 0.12171
29.29 0.12077
28.47 0.11979
27.66 0.11868
26.85 0.11791
26.03 0.11732
25.22 0.11636
24.41 0.11568
23.59 0.11489
22.78 0.11403
21.97 0.11310
21.15 0.11223
20.34 0.11123
19.53 0.11042
18.71 0.10959
17.90 0.10862
17.08 0.10766
16.27 0.10683
15.46 0.10611
14.64 0.10543
13.83 0.10469
13.02 0.10376
12.20 0.10273
11.39 0.10172
10.58 0.10088
9.76 0.10012
8.95 0.09918
8.14 0.09837
7.32 0.09759
6.51 0.09674
5.69 0.09579
4.88 0.09473
4.07 0.09366
3.25 0.09261
2.44 0.09149
1.63 0.09032
0.81 0.08906
0.00 0.08758
19.20 0.08346
18.90 0.07960
18.60 0.07855
18.30 0.07921
18.00 0.07995
17.70 0.07899
17.40 0.07936
17.10 0.07799
16.80 0.07678
16.50 0.07570
16.20 0.07506
15.90 0.07460
15.60 0.07418
15.30 0.07363
15.00 0.07327
14.70 0.07273
14.40 0.07219
14.10 0.07144
13.80 0.07079
13.50 0.07005
13.20 0.06950
12.90 0.06908
12.60 0.06888
12.30 0.06852
12.00 0.06790
11.70 0.06742
11.40 0.06700
11.10 0.06645
10.80 0.06596
10.50 0.06560
10.20 0.06511
9.90 0.06478
9.60 0.06454
9.30 0.06422
9.00 0.06371
8.70 0.06312
8.40 0.06258
8.10 0.06207
7.80 0.06156
7.50 0.06104
7.20 0.06052
6.90 0.06006
6.60 0.05968
6.30 0.05938
6.00 0.05899
5.70 0.05860
5.40 0.05821
5.10 0.05783
4.80 0.05738
4.50 0.05703
4.20 0.05662
3.90 0.05617
3.60 0.05570
3.30 0.05520
3.00 0.05468
2.70 0.05416
2.40 0.05364
2.10 0.05309
1.80 0.05254
1.50 0.05197
1.20 0.05138
0.90 0.05078
0.60 0.05015
0.30 0.04948
0.00 0.04873
7.68 0.04606
7.57 0.04448
7.46 0.04470
7.35 0.04578
7.23 0.04721
7.12 0.04820
7.01 0.04868
6.90 0.04947
6.79 0.04990
6.68 0.05063
6.57 0.05067
6.46 0.04978
6.34 0.04924
6.23 0.04901
6.12 0.04895
6.01 0.04854
5.90 0.04823
5.79 0.04773
5.68 0.04737
5.57 0.04704
5.45 0.04674
5.34 0.04642
5.23 0.04618
5.12 0.04590
5.01 0.04560
4.90 0.04520
4.79 0.04492
4.67 0.04462
4.56 0.04433
4.45 0.04398
4.34 0.04358
4.23 0.04318
4.12 0.04278
4.01 0.04241
3.90 0.04200
3.78 0.04163
3.67 0.04128
3.56 0.04092
3.45 0.04059
3.34 0.04028
3.23 0.04000
3.12 0.03975
3.01 0.03945
2.89 0.03916
2.78 0.03885
2.67 0.03853
2.56 0.03823
2.45 0.03796
2.34 0.03771
2.23 0.03743
2.11 0.03714
2.00 0.03685
1.89 0.03652
1.78 0.03621
1.67 0.03592
1.56 0.03561
1.45 0.03530
1.34 0.03497
1.22 0.03465
1.11 0.03432
1.00 0.03398
0.89 0.03367
0.78 0.03334
0.67 0.03300
0.56 0.03265
0.45 0.03231
0.33 0.03194
0.22 0.03157
0.11 0.03118
0.00 0.03074
3.07 0.02626
3.03 0.02660
2.99 0.02690
2.95 0.02694
2.91 0.02723
2.86 0.02728
2.82 0.02734
2.78 0.02739
2.74 0.02739
2.70 0.02727
2.66 0.02696
2.62 0.02698
2.57 0.02685
2.53 0.02679
2.49 0.02662
2.45 0.02650
2.41 0.02629
2.37 0.02621
2.32 0.02601
2.28 0.02594
2.24 0.02586
2.20 0.02584
2.16 0.02575
2.12 0.02559
2.08 0.02543
2.03 0.02525
1.99 0.02508
1.95 0.02490
1.91 0.02475
1.87 0.02458
1.83 0.02448
1.79 0.02435
1.74 0.02422
1.70 0.02406
1.66 0.02396
1.62 0.02384
1.58 0.02374
1.54 0.02361
1.49 0.02348
1.45 0.02337
1.41 0.02326
1.37 0.02315
1.33 0.02303
1.29 0.02292
1.25 0.02281
1.20 0.02268
1.16 0.02257
1.12 0.02246
1.08 0.02234
1.04 0.02224
1.00 0.02213
0.95 0.02201
0.91 0.02187
0.87 0.02173
0.83 0.02160
0.79 0.02146
0.75 0.02132
0.71 0.02117
0.66 0.02103
0.62 0.02089
0.58 0.02073
0.54 0.02058
0.50 0.02043
0.46 0.02028
0.42 0.02012
0.37 0.01996
0.33 0.01980
0.29 0.01964
0.25 0.01948
0.21 0.01930
0.17 0.01912
0.12 0.01893
0.08 0.01873
0.04 0.01852
0.00 0.01828
1.23 0.01781
1.21 0.01881
1.20 0.01910
1.18 0.01938
1.17 0.01950
1.15 0.01929
1.14 0.01909
1.12 0.01892
1.10 0.01882
1.09 0.01862
1.07 0.01842
1.06 0.01826
1.04 0.01811
1.03 0.01797
1.01 0.01790
1.00 0.01793
0.98 0.01811
0.96 0.01828
0.95 0.01841
0.93 0.01848
0.92 0.01858
0.90 0.01861
0.89 0.01863
0.87 0.01858
0.86 0.01855
0.84 0.01849
0.82 0.01844
0.81 0.01840
0.79 0.01833
0.78 0.01828
0.76 0.01821
0.75 0.01811
0.73 0.01802
0.72 0.01792
0.70 0.01782
0.68 0.01773
0.67 0.01767
0.65 0.01759
0.64 0.01752
0.62 0.01746
0.61 0.01738
0.59 0.01730
0.58 0.01723
0.56 0.01715
0.54 0.01706
0.53 0.01698
0.51 0.01691
0.50 0.01683
0.48 0.01675
0.47 0.01666
0.45 0.01658
0.44 0.01649
0.42 0.01641
0.40 0.01633
0.39 0.01625
0.37 0.01615
0.36 0.01606
0.34 0.01596
0.33 0.01586
0.31 0.01577
0.30 0.01568
0.28 0.01558
0.26 0.01548
0.25 0.01538
0.23 0.01528
0.22 0.01517
0.20 0.01508
0.19 0.01497
0.17 0.01486
0.16 0.01475
0.14 0.01464
0.12 0.01453
0.11 0.01441
0.09 0.01430
0.08 0.01417
0.06 0.01404
0.05 0.01391
0.03 0.01377
0.02 0.01362
0.00 0.01345
0.49 0.01233
0.49 0.01235
0.48 0.01236
0.47 0.01253
0.47 0.01261
0.46 0.01256
0.46 0.01254
0.45 0.01243
0.44 0.01239
0.44 0.01234
0.43 0.01230
0.43 0.01226
0.42 0.01226
0.42 0.01228
0.41 0.01223
0.40 0.01216
0.40 0.01215
0.39 0.01211
0.39 0.01207
0.38 0.01201
0.37 0.01198
0.37 0.01192
0.36 0.01186
0.36 0.01181
0.35 0.01175
0.35 0.01170
0.34 0.01162
0.33 0.01157
0.33 0.01148
0.32 0.01143
0.32 0.01138
0.31 0.01131
0.30 0.01126
0.30 0.01120
0.29 0.01115
0.29 0.01112
0.28 0.01108
0.28 0.01102
0.27 0.01098
0.26 0.01093
0.26 0.01088
0.25 0.01083
0.25 0.01078
0.24 0.01073
0.23 0.01067
0.23 0.01061
0.22 0.01056
0.22 0.01050
0.21 0.01045
0.20 0.01040
0.20 0.01035
0.19 0.01029
0.19 0.01023
0.18 0.01017
0.18 0.01013
0.17 0.01008
0.16 0.01002
0.16 0.00996
0.15 0.00991
0.15 0.00986
0.14 0.00980
0.13 0.00975
0.13 0.00971
0.12 0.00965
0.12 0.00960
0.11 0.00955
0.11 0.00949
0.10 0.00943
0.09 0.00937
0.09 0.00932
0.08 0.00925
0.08 0.00919
0.07 0.00913
0.06 0.00907
0.06 0.00900
0.05 0.00894
0.05 0.00887
0.04 0.00880
0.04 0.00873
0.03 0.00866
0.02 0.00859
0.02 0.00851
0.01 0.00843
0.01 0.00835
0.00 0.00825
0.20 0.00761
0.19 0.00803
0.19 0.00771
0.19 0.00775
0.19 0.00773
0.19 0.00768
0.18 0.00766
0.18 0.00766
0.18 0.00762
0.18 0.00760
0.17 0.00759
0.17 0.00759
0.17 0.00758
0.17 0.00755
0.17 0.00749
0.16 0.00745
0.16 0.00745
0.16 0.00743
0.16 0.00743
0.15 0.00739
0.15 0.00735
0.15 0.00733
0.15 0.00732
0.15 0.00731
0.14 0.00728
0.14 0.00727
0.14 0.00725
0.14 0.00721
0.13 0.00719
0.13 0.00717
0.13 0.00714
0.13 0.00712
0.13 0.00710
0.12 0.00708
0.12 0.00706
0.12 0.00703
0.12 0.00699
0.11 0.00697
0.11 0.00694
0.11 0.00691
0.11 0.00689
0.11 0.00686
0.10 0.00684
0.10 0.00681
0.10 0.00679
0.10 0.00676
0.09 0.00673
0.09 0.00670
0.09 0.00668
0.09 0.00664
0.09 0.00661
0.08 0.00658
0.08 0.00655
0.08 0.00652
0.08 0.00649
0.08 0.00646
0.07 0.00644
0.07 0.00641
0.07 0.00638
0.07 0.00636
0.06 0.00633
0.06 0.00630
0.06 0.00627
0.06 0.00624
0.06 0.00620
0.05 0.00617
0.05 0.00613
0.05 0.00610
0.05 0.00607
0.04 0.00604
0.04 0.00600
0.04 0.00597
0.04 0.00593
0.04 0.00590
0.03 0.00586
0.03 0.00583
0.03 0.00579
0.03 0.00575
0.02 0.00572
0.02 0.00568
0.02 0.00564
0.02 0.00560
0.02 0.00556
0.01 0.00552
0.01 0.00547
0.01 0.00543
0.01 0.00538
0.00 0.00534
0.00 0.00528
0.00 0.00523
0.08 0.00507
0.08 0.00527
0.08 0.00519
0.08 0.00504
0.08 0.00501
0.07 0.00492
0.07 0.00491
0.07 0.00497
0.07 0.00488
0.07 0.00487
0.07 0.00485
0.07 0.00484
0.07 0.00482
0.07 0.00480
0.07 0.00476
0.07 0.00476
0.07 0.00474
0.06 0.00473
0.06 0.00474
0.06 0.00472
0.06 0.00468
0.06 0.00466
0.06 0.00465
0.06 0.00461
0.06 0.00459
0.06 0.00457
0.06 0.00456
0.06 0.00454
0.06 0.00451
0.05 0.00451
0.05 0.00450
0.05 0.00448
0.05 0.00448
0.05 0.00446
0.05 0.00444
0.05 0.00443
0.05 0.00441
0.05 0.00439
0.05 0.00438
0.05 0.00436
0.05 0.00434
0.04 0.00433
0.04 0.00431
0.04 0.00429
0.04 0.00428
0.04 0.00426
0.04 0.00424
0.04 0.00423
0.04 0.00421
0.04 0.00419
0.04 0.00418
0.04 0.00417
0.04 0.00415
0.03 0.00413
0.03 0.00411
0.03 0.00409
0.03 0.00408
0.03 0.00406
0.03 0.00404
0.03 0.00403
0.03 0.00400
0.03 0.00398
0.03 0.00396
0.03 0.00394
0.03 0.00392
0.02 0.00390
0.02 0.00388
0.02 0.00386
0.02 0.00384
0.02 0.00382
0.02 0.00381
0.02 0.00379
0.02 0.00377
0.02 0.00375
0.02 0.00373
0.02 0.00371
0.02 0.00369
0.01 0.00367
0.01 0.00365
0.01 0.00363
0.01 0.00361
0.01 0.00359
0.01 0.00356
0.01 0.00354
0.01 0.00352
0.01 0.00350
0.01 0.00347
0.01 0.00345
0.01 0.00343
0.00 0.00340
0.00 0.00337
0.00 0.00335
0.00 0.00332
0.00 0.00329
0.00 0.00326
0.00 0.00802
0.00 0.00545
0.00 0.00490
0.00 0.00442
0.00 0.00398
0.00 0.00372
0.00 0.00353
0.00 0.00331
0.00 0.00312
0.00 0.00302
0.00 0.00299
0.00 0.00283
0.00 0.00271
0.00 0.00267
0.00 0.00259
0.00 0.00251
0.00 0.00242
0.00 0.00236
0.00 0.00230
0.00 0.00225
0.00 0.00219
0.00 0.00214
0.00 0.00208
0.00 0.00206
0.00 0.00204
0.00 0.00198
0.00 0.00196
0.00 0.00192
0.00 0.00190
0.00 0.00185
0.00 0.00182
0.00 0.00179
0.00 0.00177
0.00 0.00175
0.00 0.00173
0.00 0.00169
0.00 0.00167
0.00 0.00163
0.00 0.00161
0.00 0.00161
0.00 0.00159
0.00 0.00157
0.00 0.00156
0.00 0.00153
0.00 0.00151
0.00 0.00148
0.00 0.00147
0.00 0.00146
0.00 0.00145
0.00 0.00144
0.00 0.00142
0.00 0.00140
0.00 0.00139
0.00 0.00137
0.00 0.00135
0.00 0.00135
0.00 0.00133
0.00 0.00132
0.00 0.00131
0.00 0.00130
0.00 0.00129
0.00 0.00127
0.00 0.00126
0.00 0.00124
0.00 0.00123
0.00 0.00123
0.00 0.00122
0.00 0.00122
0.00 0.00121
0.00 0.00120
0.00 0.00119
0.00 0.00118
0.00 0.00117
0.00 0.00116
0.00 0.00115
0.00 0.00114
0.00 0.00113
0.00 0.00112
0.00 0.00112
0.00 0.00111
0.00 0.00111
0.00 0.00110
0.00 0.00109
0.00 0.00108
0.00 0.00108
0.00 0.00107
0.00 0.00106
0.00 0.00106
0.00 0.00105
0.00 0.00105
0.00 0.00104
0.00 0.00104
0.00 0.00103
0.00 0.00103
0.00 0.00102
0.00 0.00101
0.00 0.00100
0.00 0.00100
0.00 0.00099
0.00 0.00099
