300.00 0.49279
293.88 0.46812
287.76 0.45986
281.63 0.46157
275.51 0.45521
269.39 0.45028
263.27 0.44592
257.14 0.44156
251.02 0.43752
244.90 0.43411
238.78 0.43104
232.65 0.42845
226.53 0.42508
220.41 0.42188
214.29 0.41858
208.16 0.41534
202.04 0.41256
195.92 0.40935
189.80 0.40623
183.67 0.40309
177.55 0.39965
171.43 0.39638
165.31 0.39299
159.18 0.38957
153.06 0.38594
146.94 0.38242
140.82 0.37892
134.69 0.37529
128.57 0.37173
122.45 0.36824
116.33 0.36461
110.20 0.36097
104.08 0.35728
97.96 0.35357
91.84 0.34971
85.71 0.34576
79.59 0.34185
73.47 0.33774
67.35 0.33369
61.22 0.32946
55.10 0.32532
48.98 0.32101
42.86 0.31650
36.73 0.31203
30.61 0.30744
24.49 0.30271
18.37 0.29794
12.24 0.29298
6.12 0.28781
0.00 0.28209
120.00 0.26336
117.78 0.26027
115.56 0.25685
113.33 0.25489
111.11 0.25369
108.89 0.25263
106.67 0.25102
104.44 0.24902
102.22 0.24790
100.00 0.24595
97.78 0.24516
95.56 0.24373
93.33 0.24225
91.11 0.24060
88.89 0.23856
86.67 0.23686
84.44 0.23505
82.22 0.23322
80.00 0.23144
77.78 0.22978
75.56 0.22810
73.33 0.22669
71.11 0.22482
68.89 0.22306
66.67 0.22119
64.44 0.21927
62.22 0.21744
60.00 0.21565
57.78 0.21377
55.56 0.21170
53.33 0.20972
51.11 0.20804
48.89 0.20605
46.67 0.20400
44.44 0.20210
42.22 0.20005
40.00 0.19820
37.78 0.19629
35.56 0.19446
33.33 0.19254
31.11 0.19058
28.89 0.18865
26.67 0.18654
24.44 0.18434
22.22 0.18204
20.00 0.17969
17.78 0.17736
15.56 0.17500
13.33 0.17258
11.11 0.17016
8.89 0.16771
6.67 0.16524
4.44 0.16274
2.22 0.16013
0.00 0.15724
48.00 0.13819
47.19 0.13784
46.37 0.13504
45.56 0.13460
44.75 0.13377
43.93 0.13304
43.12 0.13375
42.31 0.13331
41.49 0.13211
40.68 0.13118
39.86 0.13069
39.05 0.12964
38.24 0.12939
37.42 0.12878
36.61 0.12838
35.80 0.12729
34.98 0.12630
34.17 0.12536
33.36 0.12467
32.54 0.12406
31.73 0.12356
30.92 0.12284
30.10 0.12219
29.29 0.12128
28.47 0.12049
27.66 0.11987
26.85 0.11937
26.03 0.11838
25.22 0.11752
24.41 0.11683
23.59 0.11613
22.78 0.11561
21.97 0.11503
21.15 0.11441
20.34 0.11360
19.53 0.11254
18.71 0.11141
17.90 0.11049
17.08 0.10964
16.27 0.10866
15.46 0.10775
14.64 0.10665
13.83 0.10555
13.02 0.10443
12.20 0.10333
11.39 0.10225
10.58 0.10117
9.76 0.10008
8.95 0.09902
8.14 0.09793
7.32 0.09683
6.51 0.09575
5.69 0.09463
4.88 0.09351
4.07 0.09239
3.25 0.09121
2.44 0.09001
1.63 0.08879
0.81 0.08751
0.00 0.08606
19.20 0.07618
18.90 0.07869
18.60 0.08080
18.30 0.07902
18.00 0.07824
17.70 0.07708
17.40 0.07652
17.10 0.07625
16.80 0.07561
16.50 0.07472
16.20 0.07411
15.90 0.07338
15.60 0.07257
15.30 0.07183
15.00 0.07104
14.70 0.07050
14.40 0.06970
14.10 0.06920
13.80 0.06889
13.50 0.06844
13.20 0.06793
12.90 0.06736
12.60 0.06683
12.30 0.06636
12.00 0.06597
11.70 0.06561
11.40 0.06521
11.10 0.06519
10.80 0.06507
10.50 0.06476
10.20 0.06436
9.90 0.06398
9.60 0.06357
9.30 0.06326
9.00 0.06304
8.70 0.06276
8.40 0.06243
8.10 0.06214
7.80 0.06183
7.50 0.06147
7.20 0.06116
6.90 0.06084
6.60 0.06045
6.30 0.06004
6.00 0.05964
5.70 0.05923
5.40 0.05882
5.10 0.05844
4.80 0.05799
4.50 0.05759
4.20 0.05716
3.90 0.05673
3.60 0.05630
3.30 0.05584
3.00 0.05536
2.70 0.05486
2.40 0.05434
2.10 0.05381
1.80 0.05330
1.50 0.05276
1.20 0.05221
0.90 0.05163
0.60 0.05102
0.30 0.05037
0.00 0.04960
7.68 0.04906
7.57 0.04774
7.46 0.04699
7.35 0.04660
7.23 0.04727
7.12 0.04722
7.01 0.04697
6.90 0.04659
6.79 0.04649
6.68 0.04599
6.57 0.04578
6.46 0.04550
6.34 0.04533
6.23 0.04509
6.12 0.04485
6.01 0.04469
5.90 0.04465
5.79 0.04475
5.68 0.04488
5.57 0.04501
5.45 0.04495
5.34 0.04474
5.23 0.04450
5.12 0.04430
5.01 0.04412
4.90 0.04401
4.79 0.04384
4.67 0.04364
4.56 0.04336
4.45 0.04318
4.34 0.04290
4.23 0.04265
4.12 0.04238
4.01 0.04211
3.90 0.04181
3.78 0.04152
3.67 0.04123
3.56 0.04094
3.45 0.04071
3.34 0.04046
3.23 0.04021
3.12 0.03998
3.01 0.03979
2.89 0.03954
2.78 0.03932
2.67 0.03907
2.56 0.03881
2.45 0.03853
2.34 0.03826
2.23 0.03797
2.11 0.03770
2.00 0.03741
1.89 0.03714
1.78 0.03686
1.67 0.03660
1.56 0.03633
1.45 0.03604
1.34 0.03576
1.22 0.03547
1.11 0.03518
1.00 0.03487
0.89 0.03457
0.78 0.03426
0.67 0.03394
0.56 0.03362
0.45 0.03327
0.33 0.03291
0.22 0.03254
0.11 0.03215
0.00 0.03169
3.07 0.03123
3.03 0.03043
2.99 0.03015
2.95 0.03005
2.91 0.02992
2.86 0.02962
2.82 0.02932
2.78 0.02905
2.74 0.02885
2.70 0.02876
2.66 0.02859
2.62 0.02841
2.57 0.02835
2.53 0.02830
2.49 0.02815
2.45 0.02810
2.41 0.02801
2.37 0.02795
2.32 0.02785
2.28 0.02777
2.24 0.02764
2.20 0.02754
2.16 0.02743
2.12 0.02733
2.08 0.02724
2.03 0.02714
1.99 0.02703
1.95 0.02689
1.91 0.02676
1.87 0.02665
1.83 0.02655
1.79 0.02646
1.74 0.02631
1.70 0.02619
1.66 0.02607
1.62 0.02596
1.58 0.02586
1.54 0.02574
1.49 0.02563
1.45 0.02551
1.41 0.02537
1.37 0.02525
1.33 0.02513
1.29 0.02502
1.25 0.02488
1.20 0.02474
1.16 0.02461
1.12 0.02448
1.08 0.02435
1.04 0.02423
1.00 0.02410
0.95 0.02399
0.91 0.02384
0.87 0.02371
0.83 0.02358
0.79 0.02343
0.75 0.02329
0.71 0.02313
0.66 0.02297
0.62 0.02283
0.58 0.02268
0.54 0.02252
0.50 0.02235
0.46 0.02219
0.42 0.02202
0.37 0.02184
0.33 0.02168
0.29 0.02150
0.25 0.02133
0.21 0.02114
0.17 0.02094
0.12 0.02074
0.08 0.02052
0.04 0.02029
0.00 0.02003
1.23 0.02081
1.21 0.02029
1.20 0.01983
1.18 0.01963
1.17 0.01942
1.15 0.01932
1.14 0.01925
1.12 0.01917
1.10 0.01900
1.09 0.01880
1.07 0.01878
1.06 0.01882
1.04 0.01882
1.03 0.01880
1.01 0.01872
1.00 0.01869
0.98 0.01861
0.96 0.01852
0.95 0.01840
0.93 0.01837
0.92 0.01836
0.90 0.01829
0.89 0.01822
0.87 0.01815
0.86 0.01807
0.84 0.01799
0.82 0.01795
0.81 0.01790
0.79 0.01782
0.78 0.01775
0.76 0.01771
0.75 0.01768
0.73 0.01767
0.72 0.01766
0.70 0.01764
0.68 0.01766
0.67 0.01774
0.65 0.01780
0.64 0.01781
0.62 0.01778
0.61 0.01776
0.59 0.01774
0.58 0.01772
0.56 0.01770
0.54 0.01767
0.53 0.01764
0.51 0.01760
0.50 0.01757
0.48 0.01752
0.47 0.01748
0.45 0.01743
0.44 0.01737
0.42 0.01730
0.40 0.01723
0.39 0.01716
0.37 0.01709
0.36 0.01702
0.34 0.01696
0.33 0.01688
0.31 0.01680
0.30 0.01671
0.28 0.01662
0.26 0.01652
0.25 0.01643
0.23 0.01633
0.22 0.01623
0.20 0.01613
0.19 0.01603
0.17 0.01591
0.16 0.01580
0.14 0.01569
0.12 0.01557
0.11 0.01545
0.09 0.01533
0.08 0.01520
0.06 0.01507
0.05 0.01493
0.03 0.01479
0.02 0.01464
0.00 0.01446
0.49 0.01474
0.49 0.01454
0.48 0.01420
0.47 0.01409
0.47 0.01420
0.46 0.01425
0.46 0.01435
0.45 0.01425
0.44 0.01428
0.44 0.01425
0.43 0.01426
0.43 0.01425
0.42 0.01415
0.42 0.01415
0.41 0.01406
0.40 0.01399
0.40 0.01393
0.39 0.01388
0.39 0.01383
0.38 0.01381
0.37 0.01372
0.37 0.01366
0.36 0.01362
0.36 0.01357
0.35 0.01350
0.35 0.01343
0.34 0.01336
0.33 0.01329
0.33 0.01324
0.32 0.01318
0.32 0.01310
0.31 0.01302
0.30 0.01296
0.30 0.01291
0.29 0.01284
0.29 0.01279
0.28 0.01274
0.28 0.01266
0.27 0.01259
0.26 0.01254
0.26 0.01248
0.25 0.01240
0.25 0.01233
0.24 0.01226
0.23 0.01220
0.23 0.01214
0.22 0.01206
0.22 0.01198
0.21 0.01190
0.20 0.01184
0.20 0.01176
0.19 0.01171
0.19 0.01164
0.18 0.01157
0.18 0.01150
0.17 0.01144
0.16 0.01138
0.16 0.01132
0.15 0.01125
0.15 0.01118
0.14 0.01112
0.13 0.01105
0.13 0.01098
0.12 0.01091
0.12 0.01084
0.11 0.01077
0.11 0.01070
0.10 0.01063
0.09 0.01057
0.09 0.01050
0.08 0.01043
0.08 0.01035
0.07 0.01028
0.06 0.01021
0.06 0.01013
0.05 0.01005
0.05 0.00998
0.04 0.00990
0.04 0.00982
0.03 0.00974
0.02 0.00966
0.02 0.00957
0.01 0.00948
0.01 0.00938
0.00 0.00928
0.20 0.00839
0.19 0.00851
0.19 0.00855
0.19 0.00850
0.19 0.00844
0.19 0.00842
0.18 0.00839
0.18 0.00834
0.18 0.00829
0.18 0.00826
0.17 0.00822
0.17 0.00821
0.17 0.00818
0.17 0.00819
0.17 0.00816
0.16 0.00815
0.16 0.00813
0.16 0.00809
0.16 0.00806
0.15 0.00805
0.15 0.00801
0.15 0.00798
0.15 0.00793
0.15 0.00790
0.14 0.00788
0.14 0.00785
0.14 0.00782
0.14 0.00780
0.13 0.00776
0.13 0.00774
0.13 0.00771
0.13 0.00769
0.13 0.00767
0.12 0.00764
0.12 0.00761
0.12 0.00758
0.12 0.00755
0.11 0.00752
0.11 0.00749
0.11 0.00747
0.11 0.00746
0.11 0.00743
0.10 0.00741
0.10 0.00738
0.10 0.00735
0.10 0.00732
0.09 0.00730
0.09 0.00727
0.09 0.00725
0.09 0.00722
0.09 0.00719
0.08 0.00716
0.08 0.00713
0.08 0.00710
0.08 0.00706
0.08 0.00704
0.07 0.00700
0.07 0.00697
0.07 0.00694
0.07 0.00691
0.06 0.00688
0.06 0.00684
0.06 0.00681
0.06 0.00678
0.06 0.00675
0.05 0.00672
0.05 0.00668
0.05 0.00665
0.05 0.00661
0.04 0.00658
0.04 0.00654
0.04 0.00650
0.04 0.00647
0.04 0.00644
0.03 0.00640
0.03 0.00636
0.03 0.00632
0.03 0.00629
0.02 0.00625
0.02 0.00620
0.02 0.00616
0.02 0.00612
0.02 0.00607
0.01 0.00602
0.01 0.00598
0.01 0.00593
0.01 0.00588
0.00 0.00583
0.00 0.00577
0.00 0.00571
0.08 0.00499
0.08 0.00528
0.08 0.00515
0.08 0.00524
0.08 0.00522
0.07 0.00529
0.07 0.00533
0.07 0.00531
0.07 0.00531
0.07 0.00533
0.07 0.00533
0.07 0.00531
0.07 0.00532
0.07 0.00533
0.07 0.00530
0.07 0.00530
0.07 0.00529
0.06 0.00526
0.06 0.00525
0.06 0.00522
0.06 0.00522
0.06 0.00520
0.06 0.00518
0.06 0.00517
0.06 0.00516
0.06 0.00514
0.06 0.00512
0.06 0.00511
0.06 0.00511
0.05 0.00510
0.05 0.00508
0.05 0.00507
0.05 0.00505
0.05 0.00502
0.05 0.00499
0.05 0.00497
0.05 0.00495
0.05 0.00493
0.05 0.00492
0.05 0.00489
0.05 0.00488
0.04 0.00485
0.04 0.00483
0.04 0.00481
0.04 0.00479
0.04 0.00477
0.04 0.00475
0.04 0.00474
0.04 0.00472
0.04 0.00469
0.04 0.00467
0.04 0.00465
0.04 0.00463
0.03 0.00461
0.03 0.00457
0.03 0.00455
0.03 0.00453
0.03 0.00451
0.03 0.00449
0.03 0.00447
0.03 0.00445
0.03 0.00443
0.03 0.00442
0.03 0.00440
0.03 0.00438
0.02 0.00436
0.02 0.00434
0.02 0.00432
0.02 0.00430
0.02 0.00428
0.02 0.00426
0.02 0.00424
0.02 0.00422
0.02 0.00420
0.02 0.00418
0.02 0.00416
0.02 0.00413
0.01 0.00410
0.01 0.00408
0.01 0.00406
0.01 0.00404
0.01 0.00401
0.01 0.00399
0.01 0.00396
0.01 0.00394
0.01 0.00391
0.01 0.00388
0.01 0.00386
0.01 0.00383
0.00 0.00380
0.00 0.00377
0.00 0.00374
0.00 0.00371
0.00 0.00368
0.00 0.00364
0.00 0.00642
0.00 0.00469
0.00 0.00402
0.00 0.00360
0.00 0.00321
0.00 0.00290
0.00 0.00267
0.00 0.00243
0.00 0.00228
0.00 0.00211
0.00 0.00204
0.00 0.00199
0.00 0.00190
0.00 0.00182
0.00 0.00173
0.00 0.00167
0.00 0.00161
0.00 0.00156
0.00 0.00151
0.00 0.00148
0.00 0.00149
0.00 0.00145
0.00 0.00142
0.00 0.00139
0.00 0.00136
0.00 0.00134
0.00 0.00131
0.00 0.00128
0.00 0.00124
0.00 0.00121
0.00 0.00119
0.00 0.00118
0.00 0.00116
0.00 0.00114
0.00 0.00112
0.00 0.00110
0.00 0.00110
0.00 0.00109
0.00 0.00108
0.00 0.00107
0.00 0.00106
0.00 0.00105
0.00 0.00104
0.00 0.00103
0.00 0.00101
0.00 0.00100
0.00 0.00099
0.00 0.00097
0.00 0.00095
0.00 0.00094
0.00 0.00093
0.00 0.00092
0.00 0.00091
0.00 0.00090
0.00 0.00088
0.00 0.00088
0.00 0.00087
0.00 0.00087
0.00 0.00086
0.00 0.00085
0.00 0.00085
0.00 0.00085
0.00 0.00085
0.00 0.00084
0.00 0.00083
0.00 0.00082
0.00 0.00081
0.00 0.00080
0.00 0.00080
0.00 0.00080
0.00 0.00079
0.00 0.00078
0.00 0.00077
0.00 0.00076
0.00 0.00075
0.00 0.00075
0.00 0.00074
0.00 0.00073
0.00 0.00072
0.00 0.00072
0.00 0.00071
0.00 0.00070
0.00 0.00070
0.00 0.00069
0.00 0.00068
0.00 0.00068
0.00 0.00068
0.00 0.00067
0.00 0.00067
0.00 0.00067
0.00 0.00066
0.00 0.00066
0.00 0.00065
0.00 0.00065
0.00 0.00065
0.00 0.00064
0.00 0.00064
0.00 0.00063
0.00 0.00063
0.00 0.00063
