150.00 0.95165
133.33 0.94895
116.67 0.94950
100.00 0.95035
83.33 0.94926
66.67 0.94888
50.00 0.94886
33.33 0.94968
16.67 0.94977
0.00 0.85508
120.00 0.95350
106.67 0.95383
93.33 0.95215
80.00 0.95184
66.67 0.95214
53.33 0.95255
40.00 0.95261
26.67 0.95152
13.33 0.95115
0.00 0.85654
96.00 0.95100
85.33 0.94550
74.67 0.94828
64.00 0.94971
53.33 0.94974
42.67 0.94954
32.00 0.94891
21.33 0.94811
10.67 0.94691
0.00 0.85307
76.80 0.94940
68.27 0.94763
59.73 0.94820
51.20 0.94951
42.67 0.94948
34.13 0.95043
25.60 0.94992
17.07 0.94926
8.53 0.94772
0.00 0.85374
