150.00 0.94775
133.33 0.94730
116.67 0.94767
100.00 0.94683
83.33 0.94673
66.67 0.94642
50.00 0.94577
33.33 0.94529
16.67 0.94520
0.00 0.85189
120.00 0.95205
106.67 0.95257
93.33 0.95057
80.00 0.95022
66.67 0.95032
53.33 0.95061
40.00 0.94938
26.67 0.94868
13.33 0.94738
0.00 0.85366
96.00 0.94675
85.33 0.94627
74.67 0.94815
64.00 0.94654
53.33 0.94592
42.67 0.94566
32.00 0.94606
21.33 0.94473
10.67 0.94414
0.00 0.85041
76.80 0.94775
68.27 0.94795
59.73 0.94923
51.20 0.94894
42.67 0.94965
34.13 0.94907
25.60 0.94809
17.07 0.94618
8.53 0.94285
0.00 0.84979
