300.00 0.48931
293.88 0.46478
287.76 0.45943
281.63 0.45383
275.51 0.44918
269.39 0.44582
263.27 0.44260
257.14 0.43940
251.02 0.43635
244.90 0.43307
238.78 0.43029
232.65 0.42686
226.53 0.42357
220.41 0.42046
214.29 0.41758
208.16 0.41473
202.04 0.41131
195.92 0.40775
189.80 0.40462
183.67 0.40132
177.55 0.39812
171.43 0.39464
165.31 0.39110
159.18 0.38757
153.06 0.38418
146.94 0.38080
140.82 0.37711
134.69 0.37393
128.57 0.37041
122.45 0.36677
116.33 0.36313
110.20 0.35932
104.08 0.35560
97.96 0.35187
91.84 0.34791
85.71 0.34383
79.59 0.33982
73.47 0.33574
67.35 0.33165
61.22 0.32742
55.10 0.32302
48.98 0.31871
42.86 0.31427
36.73 0.30976
30.61 0.30516
24.49 0.30060
18.37 0.29582
12.24 0.29085
6.12 0.28568
0.00 0.28000
120.00 0.26210
117.78 0.26044
115.56 0.25885
113.33 0.25547
111.11 0.25361
108.89 0.25265
106.67 0.25071
104.44 0.24945
102.22 0.24790
100.00 0.24642
97.78 0.24451
95.56 0.24253
93.33 0.24081
91.11 0.23904
88.89 0.23714
86.67 0.23526
84.44 0.23343
82.22 0.23165
80.00 0.22963
77.78 0.22784
75.56 0.22636
73.33 0.22436
71.11 0.22234
68.89 0.22051
66.67 0.21865
64.44 0.21667
62.22 0.21489
60.00 0.21298
57.78 0.21104
55.56 0.20911
53.33 0.20718
51.11 0.20538
48.89 0.20344
46.67 0.20169
44.44 0.19994
42.22 0.19799
40.00 0.19599
37.78 0.19397
35.56 0.19198
33.33 0.18997
31.11 0.18804
28.89 0.18593
26.67 0.18375
24.44 0.18157
22.22 0.17943
20.00 0.17717
17.78 0.17489
15.56 0.17263
13.33 0.17035
11.11 0.16803
8.89 0.16569
6.67 0.16336
4.44 0.16090
2.22 0.15836
0.00 0.15551
48.00 0.14087
47.19 0.14006
46.37 0.13872
45.56 0.13763
44.75 0.13676
43.93 0.13610
43.12 0.13511
42.31 0.13387
41.49 0.13286
40.68 0.13211
39.86 0.13132
39.05 0.13054
38.24 0.12979
37.42 0.12907
36.61 0.12857
35.80 0.12799
34.98 0.12718
34.17 0.12671
33.36 0.12609
32.54 0.12523
31.73 0.12420
30.92 0.12327
30.10 0.12254
29.29 0.12174
28.47 0.12080
27.66 0.12016
26.85 0.11942
26.03 0.11855
25.22 0.11775
24.41 0.11680
23.59 0.11601
22.78 0.11505
21.97 0.11427
21.15 0.11341
20.34 0.11253
19.53 0.11173
18.71 0.11088
17.90 0.10993
17.08 0.10898
16.27 0.10812
15.46 0.10722
14.64 0.10625
13.83 0.10523
13.02 0.10416
12.20 0.10315
11.39 0.10226
10.58 0.10129
9.76 0.10032
8.95 0.09932
8.14 0.09831
7.32 0.09733
6.51 0.09644
5.69 0.09549
4.88 0.09453
4.07 0.09346
3.25 0.09236
2.44 0.09126
1.63 0.09015
0.81 0.08893
0.00 0.08747
19.20 0.08630
18.90 0.08564
18.60 0.08136
18.30 0.07963
18.00 0.07829
17.70 0.07757
17.40 0.07802
17.10 0.07836
16.80 0.07782
16.50 0.07773
16.20 0.07743
15.90 0.07699
15.60 0.07690
15.30 0.07664
15.00 0.07609
14.70 0.07564
14.40 0.07509
14.10 0.07464
13.80 0.07409
13.50 0.07371
13.20 0.07302
12.90 0.07250
12.60 0.07206
12.30 0.07178
12.00 0.07153
11.70 0.07106
11.40 0.07061
11.10 0.07015
10.80 0.06966
10.50 0.06907
10.20 0.06856
9.90 0.06801
9.60 0.06756
9.30 0.06699
9.00 0.06644
8.70 0.06599
8.40 0.06557
8.10 0.06510
7.80 0.06463
7.50 0.06414
7.20 0.06365
6.90 0.06312
6.60 0.06259
6.30 0.06204
6.00 0.06154
5.70 0.06102
5.40 0.06049
5.10 0.05999
4.80 0.05947
4.50 0.05897
4.20 0.05847
3.90 0.05793
3.60 0.05741
3.30 0.05688
3.00 0.05634
2.70 0.05579
2.40 0.05524
2.10 0.05467
1.80 0.05410
1.50 0.05353
1.20 0.05293
0.90 0.05231
0.60 0.05167
0.30 0.05100
0.00 0.05023
7.68 0.04547
7.57 0.04487
7.46 0.04481
7.35 0.04470
7.23 0.04500
7.12 0.04478
7.01 0.04461
6.90 0.04450
6.79 0.04447
6.68 0.04411
6.57 0.04390
6.46 0.04367
6.34 0.04356
6.23 0.04332
6.12 0.04302
6.01 0.04278
5.90 0.04267
5.79 0.04252
5.68 0.04232
5.57 0.04222
5.45 0.04214
5.34 0.04201
5.23 0.04194
5.12 0.04198
5.01 0.04196
4.90 0.04198
4.79 0.04192
4.67 0.04192
4.56 0.04186
4.45 0.04178
4.34 0.04171
4.23 0.04158
4.12 0.04151
4.01 0.04139
3.90 0.04124
3.78 0.04108
3.67 0.04085
3.56 0.04063
3.45 0.04044
3.34 0.04025
3.23 0.04005
3.12 0.03984
3.01 0.03966
2.89 0.03943
2.78 0.03920
2.67 0.03897
2.56 0.03872
2.45 0.03849
2.34 0.03825
2.23 0.03798
2.11 0.03770
2.00 0.03748
1.89 0.03725
1.78 0.03703
1.67 0.03681
1.56 0.03656
1.45 0.03633
1.34 0.03611
1.22 0.03587
1.11 0.03563
1.00 0.03544
0.89 0.03524
0.78 0.03498
0.67 0.03470
0.56 0.03441
0.45 0.03409
0.33 0.03376
0.22 0.03339
0.11 0.03300
0.00 0.03254
3.07 0.03448
3.03 0.03486
2.99 0.03484
2.95 0.03435
2.91 0.03391
2.86 0.03391
2.82 0.03364
2.78 0.03352
2.74 0.03377
2.70 0.03399
2.66 0.03368
2.62 0.03346
2.57 0.03322
2.53 0.03326
2.49 0.03350
2.45 0.03369
2.41 0.03385
2.37 0.03400
2.32 0.03397
2.28 0.03398
2.24 0.03398
2.20 0.03402
2.16 0.03394
2.12 0.03388
2.08 0.03377
2.03 0.03359
1.99 0.03344
1.95 0.03336
1.91 0.03325
1.87 0.03307
1.83 0.03283
1.79 0.03261
1.74 0.03239
1.70 0.03215
1.66 0.03194
1.62 0.03169
1.58 0.03144
1.54 0.03118
1.49 0.03093
1.45 0.03067
1.41 0.03041
1.37 0.03015
1.33 0.02992
1.29 0.02971
1.25 0.02952
1.20 0.02933
1.16 0.02912
1.12 0.02892
1.08 0.02872
1.04 0.02852
1.00 0.02831
0.95 0.02808
0.91 0.02787
0.87 0.02767
0.83 0.02747
0.79 0.02727
0.75 0.02707
0.71 0.02686
0.66 0.02666
0.62 0.02647
0.58 0.02627
0.54 0.02607
0.50 0.02587
0.46 0.02566
0.42 0.02545
0.37 0.02525
0.33 0.02503
0.29 0.02481
0.25 0.02459
0.21 0.02435
0.17 0.02412
0.12 0.02387
0.08 0.02362
0.04 0.02335
0.00 0.02305
1.23 0.02006
1.21 0.02032
1.20 0.01996
1.18 0.01971
1.17 0.01945
1.15 0.01946
1.14 0.01945
1.12 0.01944
1.10 0.01942
1.09 0.01936
1.07 0.01935
1.06 0.01934
1.04 0.01930
1.03 0.01923
1.01 0.01911
1.00 0.01907
0.98 0.01902
0.96 0.01890
0.95 0.01885
0.93 0.01882
0.92 0.01876
0.90 0.01869
0.89 0.01865
0.87 0.01857
0.86 0.01852
0.84 0.01846
0.82 0.01840
0.81 0.01835
0.79 0.01829
0.78 0.01823
0.76 0.01815
0.75 0.01805
0.73 0.01796
0.72 0.01789
0.70 0.01781
0.68 0.01771
0.67 0.01763
0.65 0.01754
0.64 0.01744
0.62 0.01736
0.61 0.01729
0.59 0.01721
0.58 0.01715
0.56 0.01705
0.54 0.01696
0.53 0.01688
0.51 0.01679
0.50 0.01669
0.48 0.01662
0.47 0.01654
0.45 0.01646
0.44 0.01636
0.42 0.01629
0.40 0.01620
0.39 0.01611
0.37 0.01602
0.36 0.01592
0.34 0.01582
0.33 0.01573
0.31 0.01563
0.30 0.01553
0.28 0.01543
0.26 0.01534
0.25 0.01524
0.23 0.01514
0.22 0.01504
0.20 0.01494
0.19 0.01483
0.17 0.01472
0.16 0.01461
0.14 0.01450
0.12 0.01439
0.11 0.01427
0.09 0.01415
0.08 0.01403
0.06 0.01391
0.05 0.01378
0.03 0.01364
0.02 0.01349
0.00 0.01333
0.49 0.01251
0.49 0.01244
0.48 0.01246
0.47 0.01252
0.47 0.01246
0.46 0.01244
0.46 0.01238
0.45 0.01243
0.44 0.01241
0.44 0.01225
0.43 0.01221
0.43 0.01220
0.42 0.01215
0.42 0.01209
0.41 0.01203
0.40 0.01204
0.40 0.01202
0.39 0.01198
0.39 0.01193
0.38 0.01188
0.37 0.01183
0.37 0.01181
0.36 0.01175
0.36 0.01169
0.35 0.01165
0.35 0.01162
0.34 0.01155
0.33 0.01150
0.33 0.01145
0.32 0.01141
0.32 0.01138
0.31 0.01134
0.30 0.01129
0.30 0.01124
0.29 0.01120
0.29 0.01116
0.28 0.01111
0.28 0.01106
0.27 0.01100
0.26 0.01096
0.26 0.01091
0.25 0.01087
0.25 0.01083
0.24 0.01077
0.23 0.01073
0.23 0.01068
0.22 0.01062
0.22 0.01058
0.21 0.01054
0.20 0.01050
0.20 0.01044
0.19 0.01039
0.19 0.01034
0.18 0.01028
0.18 0.01022
0.17 0.01017
0.16 0.01012
0.16 0.01006
0.15 0.01001
0.15 0.00996
0.14 0.00990
0.13 0.00985
0.13 0.00980
0.12 0.00974
0.12 0.00968
0.11 0.00963
0.11 0.00958
0.10 0.00952
0.09 0.00946
0.09 0.00939
0.08 0.00934
0.08 0.00927
0.07 0.00921
0.06 0.00914
0.06 0.00908
0.05 0.00901
0.05 0.00895
0.04 0.00888
0.04 0.00881
0.03 0.00873
0.02 0.00866
0.02 0.00858
0.01 0.00850
0.01 0.00842
0.00 0.00832
0.20 0.00746
0.19 0.00790
0.19 0.00793
0.19 0.00768
0.19 0.00769
0.19 0.00760
0.18 0.00762
0.18 0.00768
0.18 0.00765
0.18 0.00765
0.17 0.00765
0.17 0.00763
0.17 0.00767
0.17 0.00761
0.17 0.00759
0.16 0.00754
0.16 0.00752
0.16 0.00750
0.16 0.00748
0.15 0.00746
0.15 0.00744
0.15 0.00741
0.15 0.00741
0.15 0.00738
0.14 0.00738
0.14 0.00733
0.14 0.00731
0.14 0.00729
0.13 0.00726
0.13 0.00723
0.13 0.00721
0.13 0.00718
0.13 0.00715
0.12 0.00712
0.12 0.00710
0.12 0.00708
0.12 0.00704
0.11 0.00701
0.11 0.00699
0.11 0.00695
0.11 0.00692
0.11 0.00689
0.10 0.00686
0.10 0.00683
0.10 0.00680
0.10 0.00678
0.09 0.00675
0.09 0.00672
0.09 0.00668
0.09 0.00665
0.09 0.00662
0.08 0.00659
0.08 0.00657
0.08 0.00654
0.08 0.00651
0.08 0.00648
0.07 0.00645
0.07 0.00642
0.07 0.00639
0.07 0.00635
0.06 0.00632
0.06 0.00629
0.06 0.00626
0.06 0.00623
0.06 0.00620
0.05 0.00617
0.05 0.00614
0.05 0.00611
0.05 0.00608
0.04 0.00604
0.04 0.00601
0.04 0.00597
0.04 0.00594
0.04 0.00590
0.03 0.00587
0.03 0.00582
0.03 0.00579
0.03 0.00575
0.02 0.00572
0.02 0.00568
0.02 0.00564
0.02 0.00560
0.02 0.00556
0.01 0.00551
0.01 0.00547
0.01 0.00542
0.01 0.00538
0.00 0.00533
0.00 0.00528
0.00 0.00522
0.08 0.00546
0.08 0.00521
0.08 0.00505
0.08 0.00502
0.08 0.00508
0.07 0.00494
0.07 0.00490
0.07 0.00485
0.07 0.00488
0.07 0.00486
0.07 0.00482
0.07 0.00482
0.07 0.00479
0.07 0.00479
0.07 0.00476
0.07 0.00474
0.07 0.00473
0.06 0.00473
0.06 0.00475
0.06 0.00472
0.06 0.00473
0.06 0.00471
0.06 0.00472
0.06 0.00471
0.06 0.00470
0.06 0.00470
0.06 0.00469
0.06 0.00468
0.06 0.00467
0.05 0.00464
0.05 0.00462
0.05 0.00461
0.05 0.00460
0.05 0.00456
0.05 0.00454
0.05 0.00453
0.05 0.00452
0.05 0.00452
0.05 0.00449
0.05 0.00446
0.05 0.00445
0.04 0.00444
0.04 0.00441
0.04 0.00439
0.04 0.00439
0.04 0.00437
0.04 0.00435
0.04 0.00434
0.04 0.00433
0.04 0.00430
0.04 0.00429
0.04 0.00427
0.04 0.00425
0.03 0.00423
0.03 0.00421
0.03 0.00419
0.03 0.00417
0.03 0.00415
0.03 0.00413
0.03 0.00411
0.03 0.00410
0.03 0.00408
0.03 0.00406
0.03 0.00404
0.03 0.00402
0.02 0.00400
0.02 0.00398
0.02 0.00396
0.02 0.00394
0.02 0.00393
0.02 0.00391
0.02 0.00389
0.02 0.00387
0.02 0.00385
0.02 0.00382
0.02 0.00381
0.02 0.00379
0.01 0.00377
0.01 0.00374
0.01 0.00372
0.01 0.00370
0.01 0.00368
0.01 0.00366
0.01 0.00363
0.01 0.00361
0.01 0.00358
0.01 0.00355
0.01 0.00353
0.01 0.00350
0.00 0.00347
0.00 0.00345
0.00 0.00342
0.00 0.00339
0.00 0.00336
0.00 0.00333
0.00 0.01410
0.00 0.01060
0.00 0.00855
0.00 0.00766
0.00 0.00695
0.00 0.00629
0.00 0.00618
0.00 0.00599
0.00 0.00580
0.00 0.00551
0.00 0.00527
0.00 0.00514
0.00 0.00498
0.00 0.00487
0.00 0.00483
0.00 0.00472
0.00 0.00461
0.00 0.00451
0.00 0.00449
0.00 0.00440
0.00 0.00430
0.00 0.00422
0.00 0.00414
0.00 0.00406
0.00 0.00402
0.00 0.00395
0.00 0.00388
0.00 0.00381
0.00 0.00374
0.00 0.00371
0.00 0.00369
0.00 0.00362
0.00 0.00357
0.00 0.00355
0.00 0.00352
0.00 0.00348
0.00 0.00345
0.00 0.00340
0.00 0.00338
0.00 0.00335
0.00 0.00332
0.00 0.00329
0.00 0.00326
0.00 0.00322
0.00 0.00318
0.00 0.00314
0.00 0.00312
0.00 0.00308
0.00 0.00306
0.00 0.00304
0.00 0.00301
0.00 0.00299
0.00 0.00296
0.00 0.00293
0.00 0.00290
0.00 0.00288
0.00 0.00284
0.00 0.00282
0.00 0.00278
0.00 0.00275
0.00 0.00272
0.00 0.00270
0.00 0.00268
0.00 0.00265
0.00 0.00263
0.00 0.00261
0.00 0.00258
0.00 0.00256
0.00 0.00254
0.00 0.00252
0.00 0.00249
0.00 0.00247
0.00 0.00245
0.00 0.00243
0.00 0.00241
0.00 0.00239
0.00 0.00237
0.00 0.00234
0.00 0.00234
0.00 0.00233
0.00 0.00232
0.00 0.00231
0.00 0.00230
0.00 0.00229
0.00 0.00227
0.00 0.00226
0.00 0.00224
0.00 0.00223
0.00 0.00221
0.00 0.00220
0.00 0.00218
0.00 0.00217
0.00 0.00215
0.00 0.00214
0.00 0.00214
0.00 0.00212
0.00 0.00211
0.00 0.00210
0.00 0.00208
0.00 0.00208
