25.00 0.94620
22.22 0.94695
19.44 0.94277
16.67 0.93963
13.89 0.93907
11.11 0.93552
8.33 0.93138
5.56 0.92629
2.78 0.89690
0.00 0.80746
20.00 0.93790
17.78 0.93895
15.56 0.93587
13.33 0.93364
11.11 0.93169
8.89 0.92860
6.67 0.92604
4.44 0.91929
2.22 0.86992
0.00 0.78304
16.00 0.93965
14.22 0.93902
12.44 0.93607
10.67 0.93564
8.89 0.93167
7.11 0.92920
5.33 0.92249
3.56 0.89242
1.78 0.83874
0.00 0.75503
12.80 0.92180
11.38 0.92405
9.96 0.91998
8.53 0.92035
7.11 0.91806
5.69 0.91218
4.27 0.90639
2.84 0.87766
1.42 0.81864
0.00 0.73686
