25.00 0.94630
22.22 0.94890
19.44 0.94822
16.67 0.95036
13.89 0.95063
11.11 0.94917
8.33 0.94767
5.56 0.94569
2.78 0.93748
0.00 0.84381
20.00 0.95440
17.78 0.95350
15.56 0.95277
13.33 0.95350
11.11 0.95290
8.89 0.95181
6.67 0.95018
4.44 0.94768
2.22 0.93527
0.00 0.84180
16.00 0.94270
14.22 0.94452
12.44 0.94325
10.67 0.94491
8.89 0.94696
7.11 0.94482
5.33 0.94193
3.56 0.93951
1.78 0.91273
0.00 0.82157
12.80 0.95020
11.38 0.94722
9.96 0.94485
8.53 0.94484
7.11 0.94359
5.69 0.94120
4.27 0.93881
2.84 0.92779
1.42 0.89814
0.00 0.80844
