25.00 0.95155
22.22 0.95175
19.44 0.94877
16.67 0.94679
13.89 0.94543
11.11 0.94471
8.33 0.94369
5.56 0.94126
2.78 0.92493
0.00 0.83313
20.00 0.94300
17.78 0.94252
15.56 0.94572
13.33 0.94501
11.11 0.94407
8.89 0.94298
6.67 0.93997
4.44 0.93790
2.22 0.90409
0.00 0.81376
16.00 0.94770
14.22 0.94630
12.44 0.94613
10.67 0.94522
8.89 0.94341
7.11 0.93927
5.33 0.93569
3.56 0.92707
1.78 0.89488
0.00 0.80583
12.80 0.94005
11.38 0.94225
9.96 0.94337
8.53 0.94225
7.11 0.94252
5.69 0.93766
4.27 0.93479
2.84 0.92179
1.42 0.87712
0.00 0.78947
