150.00 0.93800
133.33 0.94007
116.67 0.93883
100.00 0.93875
83.33 0.93528
66.67 0.93226
50.00 0.92726
33.33 0.91092
16.67 0.88431
0.00 0.79593
120.00 0.93380
106.67 0.93335
93.33 0.92890
80.00 0.92607
66.67 0.92304
53.33 0.91371
40.00 0.90318
26.67 0.88479
13.33 0.85674
0.00 0.77113
96.00 0.93180
85.33 0.92588
74.67 0.92557
64.00 0.92069
53.33 0.91581
42.67 0.90345
32.00 0.89018
21.33 0.86659
10.67 0.83741
0.00 0.75371
76.80 0.91810
68.27 0.91617
59.73 0.90810
51.20 0.90148
42.67 0.88976
34.13 0.87966
25.60 0.86236
17.07 0.83661
8.53 0.80531
0.00 0.72480
