300.00 0.70818
293.88 0.69141
287.76 0.68495
281.63 0.67958
275.51 0.67216
269.39 0.66435
263.27 0.66026
257.14 0.65578
251.02 0.64983
244.90 0.64464
238.78 0.64070
232.65 0.63597
226.53 0.63118
220.41 0.62814
214.29 0.62436
208.16 0.62033
202.04 0.61626
195.92 0.61237
189.80 0.60843
183.67 0.60468
177.55 0.60100
171.43 0.59733
165.31 0.59388
159.18 0.59038
153.06 0.58670
146.94 0.58300
140.82 0.57929
134.69 0.57548
128.57 0.57166
122.45 0.56802
116.33 0.56419
110.20 0.56056
104.08 0.55658
97.96 0.55260
91.84 0.54838
85.71 0.54409
79.59 0.53977
73.47 0.53534
67.35 0.53076
61.22 0.52594
55.10 0.52102
48.98 0.51591
42.86 0.51056
36.73 0.50491
30.61 0.49897
24.49 0.49275
18.37 0.48607
12.24 0.47887
6.12 0.47141
0.00 0.46199
120.00 0.45778
117.78 0.45474
115.56 0.45134
113.33 0.45033
111.11 0.44805
108.89 0.44654
106.67 0.44486
104.44 0.44359
102.22 0.44185
100.00 0.44033
97.78 0.43862
95.56 0.43650
93.33 0.43444
91.11 0.43230
88.89 0.43023
86.67 0.42786
84.44 0.42564
82.22 0.42344
80.00 0.42088
77.78 0.41882
75.56 0.41665
73.33 0.41475
71.11 0.41259
68.89 0.41044
66.67 0.40820
64.44 0.40580
62.22 0.40342
60.00 0.40104
57.78 0.39847
55.56 0.39597
53.33 0.39345
51.11 0.39088
48.89 0.38821
46.67 0.38559
44.44 0.38283
42.22 0.38026
40.00 0.37746
37.78 0.37448
35.56 0.37145
33.33 0.36844
31.11 0.36543
28.89 0.36230
26.67 0.35901
24.44 0.35571
22.22 0.35236
20.00 0.34893
17.78 0.34539
15.56 0.34164
13.33 0.33785
11.11 0.33387
8.89 0.32975
6.67 0.32538
4.44 0.32091
2.22 0.31622
0.00 0.31047
48.00 0.30694
47.19 0.30232
46.37 0.30059
45.56 0.29942
44.75 0.29746
43.93 0.29613
43.12 0.29534
42.31 0.29337
41.49 0.29208
40.68 0.29086
39.86 0.28903
39.05 0.28753
38.24 0.28585
37.42 0.28443
36.61 0.28297
35.80 0.28146
34.98 0.27977
34.17 0.27828
33.36 0.27681
32.54 0.27520
31.73 0.27354
30.92 0.27205
30.10 0.27036
29.29 0.26888
28.47 0.26740
27.66 0.26582
26.85 0.26433
26.03 0.26275
25.22 0.26096
24.41 0.25925
23.59 0.25761
22.78 0.25579
21.97 0.25403
21.15 0.25227
20.34 0.25045
19.53 0.24889
18.71 0.24716
17.90 0.24546
17.08 0.24368
16.27 0.24198
15.46 0.24024
14.64 0.23844
13.83 0.23643
13.02 0.23452
12.20 0.23251
11.39 0.23068
10.58 0.22868
9.76 0.22661
8.95 0.22445
8.14 0.22219
7.32 0.22004
6.51 0.21783
5.69 0.21546
4.88 0.21307
4.07 0.21080
3.25 0.20843
2.44 0.20615
1.63 0.20390
0.81 0.20131
0.00 0.19796
19.20 0.18800
18.90 0.18666
18.60 0.18456
18.30 0.18479
18.00 0.18402
17.70 0.18290
17.40 0.18206
17.10 0.18067
16.80 0.18013
16.50 0.17914
16.20 0.17818
15.90 0.17721
15.60 0.17645
15.30 0.17542
15.00 0.17538
14.70 0.17435
14.40 0.17343
14.10 0.17255
13.80 0.17161
13.50 0.17039
13.20 0.16941
12.90 0.16832
12.60 0.16751
12.30 0.16653
12.00 0.16546
11.70 0.16431
11.40 0.16338
11.10 0.16260
10.80 0.16151
10.50 0.16062
10.20 0.15978
9.90 0.15920
9.60 0.15829
9.30 0.15734
9.00 0.15651
8.70 0.15566
8.40 0.15469
8.10 0.15367
7.80 0.15258
7.50 0.15159
7.20 0.15069
6.90 0.14962
6.60 0.14849
6.30 0.14744
6.00 0.14634
5.70 0.14514
5.40 0.14411
5.10 0.14296
4.80 0.14173
4.50 0.14054
4.20 0.13935
3.90 0.13821
3.60 0.13696
3.30 0.13579
3.00 0.13466
2.70 0.13345
2.40 0.13217
2.10 0.13081
1.80 0.12938
1.50 0.12791
1.20 0.12655
0.90 0.12533
0.60 0.12378
0.30 0.12213
0.00 0.12026
7.68 0.11274
7.57 0.11775
7.46 0.11529
7.35 0.11421
7.23 0.11317
7.12 0.11266
7.01 0.11125
6.90 0.11119
6.79 0.11025
6.68 0.10923
6.57 0.10865
6.46 0.10819
6.34 0.10735
6.23 0.10692
6.12 0.10698
6.01 0.10671
5.90 0.10597
5.79 0.10661
5.68 0.10597
5.57 0.10536
5.45 0.10505
5.34 0.10443
5.23 0.10402
5.12 0.10360
5.01 0.10291
4.90 0.10230
4.79 0.10217
4.67 0.10202
4.56 0.10141
4.45 0.10073
4.34 0.10032
4.23 0.10016
4.12 0.09957
4.01 0.09884
3.90 0.09820
3.78 0.09775
3.67 0.09718
3.56 0.09654
3.45 0.09594
3.34 0.09543
3.23 0.09494
3.12 0.09450
3.01 0.09399
2.89 0.09337
2.78 0.09264
2.67 0.09235
2.56 0.09181
2.45 0.09114
2.34 0.09049
2.23 0.08977
2.11 0.08914
2.00 0.08876
1.89 0.08810
1.78 0.08743
1.67 0.08700
1.56 0.08644
1.45 0.08573
1.34 0.08515
1.22 0.08433
1.11 0.08366
1.00 0.08296
0.89 0.08225
0.78 0.08149
0.67 0.08076
0.56 0.07992
0.45 0.07902
0.33 0.07813
0.22 0.07721
0.11 0.07624
0.00 0.07515
3.07 0.06704
3.03 0.06656
2.99 0.06694
2.95 0.06646
2.91 0.06625
2.86 0.06773
2.82 0.06846
2.78 0.06777
2.74 0.06700
2.70 0.06651
2.66 0.06634
2.62 0.06606
2.57 0.06562
2.53 0.06542
2.49 0.06514
2.45 0.06474
2.41 0.06495
2.37 0.06461
2.32 0.06438
2.28 0.06408
2.24 0.06366
2.20 0.06324
2.16 0.06295
2.12 0.06269
2.08 0.06257
2.03 0.06223
1.99 0.06184
1.95 0.06215
1.91 0.06283
1.87 0.06281
1.83 0.06248
1.79 0.06220
1.74 0.06180
1.70 0.06148
1.66 0.06106
1.62 0.06076
1.58 0.06044
1.54 0.06002
1.49 0.05973
1.45 0.05955
1.41 0.05917
1.37 0.05886
1.33 0.05865
1.29 0.05851
1.25 0.05841
1.20 0.05818
1.16 0.05787
1.12 0.05752
1.08 0.05749
1.04 0.05738
1.00 0.05710
0.95 0.05667
0.91 0.05662
0.87 0.05626
0.83 0.05586
0.79 0.05549
0.75 0.05507
0.71 0.05462
0.66 0.05426
0.62 0.05381
0.58 0.05344
0.54 0.05297
0.50 0.05268
0.46 0.05226
0.42 0.05181
0.37 0.05139
0.33 0.05099
0.29 0.05055
0.25 0.05007
0.21 0.04961
0.17 0.04912
0.12 0.04861
0.08 0.04807
0.04 0.04752
0.00 0.04689
1.23 0.04195
1.21 0.04155
1.20 0.04101
1.18 0.04185
1.17 0.04170
1.15 0.04112
1.14 0.04130
1.12 0.04149
1.10 0.04144
1.09 0.04121
1.07 0.04057
1.06 0.04041
1.04 0.04040
1.03 0.04059
1.01 0.04068
1.00 0.04038
0.98 0.04005
0.96 0.04003
0.95 0.04051
0.93 0.04049
0.92 0.04069
0.90 0.04064
0.89 0.04049
0.87 0.04033
0.86 0.04011
0.84 0.03991
0.82 0.03968
0.81 0.03948
0.79 0.03924
0.78 0.03895
0.76 0.03913
0.75 0.03917
0.73 0.03928
0.72 0.03932
0.70 0.03906
0.68 0.03893
0.67 0.03871
0.65 0.03843
0.64 0.03840
0.62 0.03830
0.61 0.03798
0.59 0.03781
0.58 0.03751
0.56 0.03738
0.54 0.03738
0.53 0.03719
0.51 0.03696
0.50 0.03669
0.48 0.03656
0.47 0.03634
0.45 0.03621
0.44 0.03607
0.42 0.03595
0.40 0.03579
0.39 0.03551
0.37 0.03541
0.36 0.03516
0.34 0.03495
0.33 0.03487
0.31 0.03463
0.30 0.03431
0.28 0.03412
0.26 0.03403
0.25 0.03375
0.23 0.03347
0.22 0.03318
0.20 0.03293
0.19 0.03264
0.17 0.03235
0.16 0.03211
0.14 0.03186
0.12 0.03160
0.11 0.03136
0.09 0.03112
0.08 0.03087
0.06 0.03061
0.05 0.03033
0.03 0.03003
0.02 0.02971
0.00 0.02935
0.49 0.02499
0.49 0.02337
0.48 0.02419
0.47 0.02518
0.47 0.02652
0.46 0.02661
0.46 0.02651
0.45 0.02592
0.44 0.02605
0.44 0.02616
0.43 0.02595
0.43 0.02558
0.42 0.02535
0.42 0.02511
0.41 0.02486
0.40 0.02460
0.40 0.02443
0.39 0.02424
0.39 0.02542
0.38 0.02543
0.37 0.02549
0.37 0.02600
0.36 0.02650
0.36 0.02734
0.35 0.02744
0.35 0.02708
0.34 0.02678
0.33 0.02678
0.33 0.02684
0.32 0.02673
0.32 0.02643
0.31 0.02613
0.30 0.02608
0.30 0.02612
0.29 0.02648
0.29 0.02641
0.28 0.02656
0.28 0.02674
0.27 0.02653
0.26 0.02655
0.26 0.02645
0.25 0.02622
0.25 0.02598
0.24 0.02585
0.23 0.02578
0.23 0.02553
0.22 0.02534
0.22 0.02515
0.21 0.02491
0.20 0.02478
0.20 0.02490
0.19 0.02484
0.19 0.02468
0.18 0.02464
0.18 0.02466
0.17 0.02457
0.16 0.02438
0.16 0.02416
0.15 0.02401
0.15 0.02387
0.14 0.02379
0.13 0.02378
0.13 0.02367
0.12 0.02354
0.12 0.02344
0.11 0.02335
0.11 0.02315
0.10 0.02295
0.09 0.02279
0.09 0.02262
0.08 0.02247
0.08 0.02231
0.07 0.02216
0.06 0.02199
0.06 0.02182
0.05 0.02164
0.05 0.02144
0.04 0.02124
0.04 0.02103
0.03 0.02084
0.02 0.02064
0.02 0.02043
0.01 0.02023
0.01 0.02001
0.00 0.01978
0.20 0.01324
0.19 0.01678
0.19 0.01896
0.19 0.02014
0.19 0.01925
0.19 0.01830
0.18 0.01775
0.18 0.01726
0.18 0.01875
0.18 0.01842
0.17 0.01808
0.17 0.01800
0.17 0.01835
0.17 0.01817
0.17 0.01784
0.16 0.01756
0.16 0.01751
0.16 0.01767
0.16 0.01780
0.15 0.01758
0.15 0.01734
0.15 0.01766
0.15 0.01789
0.15 0.01769
0.14 0.01757
0.14 0.01737
0.14 0.01717
0.14 0.01709
0.13 0.01694
0.13 0.01692
0.13 0.01678
0.13 0.01667
0.13 0.01675
0.12 0.01660
0.12 0.01645
0.12 0.01635
0.12 0.01627
0.11 0.01620
0.11 0.01611
0.11 0.01608
0.11 0.01597
0.11 0.01584
0.10 0.01573
0.10 0.01560
0.10 0.01546
0.10 0.01538
0.09 0.01547
0.09 0.01561
0.09 0.01562
0.09 0.01563
0.09 0.01553
0.08 0.01543
0.08 0.01531
0.08 0.01520
0.08 0.01508
0.08 0.01497
0.07 0.01485
0.07 0.01480
0.07 0.01474
0.07 0.01469
0.06 0.01471
0.06 0.01480
0.06 0.01470
0.06 0.01476
0.06 0.01484
0.05 0.01487
0.05 0.01482
0.05 0.01479
0.05 0.01473
0.04 0.01471
0.04 0.01462
0.04 0.01452
0.04 0.01441
0.04 0.01431
0.03 0.01420
0.03 0.01410
0.03 0.01399
0.03 0.01388
0.02 0.01379
0.02 0.01370
0.02 0.01360
0.02 0.01349
0.02 0.01339
0.01 0.01328
0.01 0.01318
0.01 0.01308
0.01 0.01297
0.00 0.01286
0.00 0.01274
0.00 0.01260
0.08 0.01773
0.08 0.01652
0.08 0.01531
0.08 0.01606
0.08 0.01531
0.07 0.01451
0.07 0.01408
0.07 0.01369
0.07 0.01322
0.07 0.01303
0.07 0.01281
0.07 0.01256
0.07 0.01242
0.07 0.01253
0.07 0.01238
0.07 0.01217
0.07 0.01200
0.06 0.01180
0.06 0.01164
0.06 0.01155
0.06 0.01145
0.06 0.01133
0.06 0.01117
0.06 0.01110
0.06 0.01103
0.06 0.01094
0.06 0.01085
0.06 0.01077
0.06 0.01068
0.05 0.01063
0.05 0.01062
0.05 0.01056
0.05 0.01068
0.05 0.01088
0.05 0.01093
0.05 0.01107
0.05 0.01110
0.05 0.01128
0.05 0.01147
0.05 0.01166
0.05 0.01160
0.04 0.01150
0.04 0.01144
0.04 0.01136
0.04 0.01128
0.04 0.01119
0.04 0.01112
0.04 0.01103
0.04 0.01093
0.04 0.01085
0.04 0.01077
0.04 0.01070
0.04 0.01064
0.03 0.01057
0.03 0.01050
0.03 0.01043
0.03 0.01038
0.03 0.01035
0.03 0.01034
0.03 0.01030
0.03 0.01024
0.03 0.01018
0.03 0.01011
0.03 0.01004
0.03 0.00998
0.02 0.00991
0.02 0.00986
0.02 0.00981
0.02 0.00976
0.02 0.00972
0.02 0.00968
0.02 0.00964
0.02 0.00960
0.02 0.00954
0.02 0.00948
0.02 0.00942
0.02 0.00937
0.01 0.00932
0.01 0.00930
0.01 0.00928
0.01 0.00928
0.01 0.00926
0.01 0.00925
0.01 0.00925
0.01 0.00924
0.01 0.00923
0.01 0.00922
0.01 0.00920
0.01 0.00917
0.00 0.00913
0.00 0.00909
0.00 0.00905
0.00 0.00899
0.00 0.00892
0.00 0.00883
0.00 0.00084
0.00 0.00044
0.00 0.00031
0.00 0.00024
0.00 0.00019
0.00 0.00016
0.00 0.00014
0.00 0.00012
0.00 0.00011
0.00 0.00010
0.00 0.00009
0.00 0.00011
0.00 0.00010
0.00 0.00010
0.00 0.00010
0.00 0.00009
0.00 0.00009
0.00 0.00009
0.00 0.00008
0.00 0.00008
0.00 0.00008
0.00 0.00007
0.00 0.00007
0.00 0.00007
0.00 0.00007
0.00 0.00006
0.00 0.00006
0.00 0.00006
0.00 0.00006
0.00 0.00006
0.00 0.00006
0.00 0.00005
0.00 0.00005
0.00 0.00005
0.00 0.00005
0.00 0.00005
0.00 0.00005
0.00 0.00005
0.00 0.00004
0.00 0.00004
0.00 0.00004
0.00 0.00004
0.00 0.00004
0.00 0.00004
0.00 0.00004
0.00 0.00004
0.00 0.00004
0.00 0.00004
0.00 0.00004
0.00 0.00003
0.00 0.00003
0.00 0.00003
0.00 0.00003
0.00 0.00003
0.00 0.00003
0.00 0.00003
0.00 0.00003
0.00 0.00003
0.00 0.00003
0.00 0.00003
0.00 0.00003
0.00 0.00003
0.00 0.00003
0.00 0.00003
0.00 0.00003
0.00 0.00003
0.00 0.00003
0.00 0.00003
0.00 0.00003
0.00 0.00003
0.00 0.00003
0.00 0.00003
0.00 0.00003
0.00 0.00002
0.00 0.00002
0.00 0.00002
0.00 0.00002
0.00 0.00002
0.00 0.00002
0.00 0.00002
0.00 0.00002
0.00 0.00002
0.00 0.00002
0.00 0.00002
0.00 0.00002
0.00 0.00002
0.00 0.00002
0.00 0.00002
0.00 0.00002
0.00 0.00002
0.00 0.00002
0.00 0.00002
0.00 0.00002
0.00 0.00002
0.00 0.00002
0.00 0.00002
0.00 0.00002
0.00 0.00002
0.00 0.00002
0.00 0.00002
