150.00 0.95395
133.33 0.95440
116.67 0.95263
100.00 0.95388
83.33 0.95320
66.67 0.95303
50.00 0.95254
33.33 0.95219
16.67 0.95179
0.00 0.85685
120.00 0.95995
106.67 0.95578
93.33 0.95415
80.00 0.95254
66.67 0.95290
53.33 0.95388
40.00 0.95358
26.67 0.95320
13.33 0.95331
0.00 0.85833
96.00 0.95450
85.33 0.95265
74.67 0.95245
64.00 0.95156
53.33 0.95059
42.67 0.94994
32.00 0.95061
21.33 0.95077
10.67 0.95016
0.00 0.85540
76.80 0.95030
68.27 0.95340
59.73 0.95265
51.20 0.95254
42.67 0.95306
34.13 0.95271
25.60 0.95258
17.07 0.95296
8.53 0.95251
0.00 0.85745
