150.00 0.94760
133.33 0.94752
116.67 0.94507
100.00 0.94458
83.33 0.94287
66.67 0.94111
50.00 0.93937
33.33 0.93562
16.67 0.92699
0.00 0.83464
120.00 0.94870
106.67 0.94393
93.33 0.93843
80.00 0.93955
66.67 0.93820
53.33 0.93726
40.00 0.93511
26.67 0.93334
13.33 0.91942
0.00 0.82806
96.00 0.93965
85.33 0.93810
74.67 0.94025
64.00 0.93770
53.33 0.93477
42.67 0.93256
32.00 0.93186
21.33 0.92779
10.67 0.89963
0.00 0.81070
76.80 0.93970
68.27 0.94165
59.73 0.93702
51.20 0.93636
42.67 0.93548
34.13 0.93322
25.60 0.93053
17.07 0.92348
8.53 0.87873
0.00 0.79114
