25.00 0.94275
22.22 0.94247
19.44 0.94152
16.67 0.93900
13.89 0.93555
11.11 0.93379
8.33 0.92922
5.56 0.91922
2.78 0.87903
0.00 0.79131
20.00 0.93970
17.78 0.93705
15.56 0.93372
13.33 0.93175
11.11 0.92844
8.89 0.92545
6.67 0.91858
4.44 0.90200
2.22 0.85252
0.00 0.76746
16.00 0.92605
14.22 0.92750
12.44 0.92638
10.67 0.92634
8.89 0.92546
7.11 0.91979
5.33 0.91229
3.56 0.87990
1.78 0.82496
0.00 0.74272
12.80 0.91945
11.38 0.91785
9.96 0.91775
8.53 0.91663
7.11 0.91609
5.69 0.90836
4.27 0.89820
2.84 0.85281
1.42 0.79166
0.00 0.71262
