150.00 0.95185
133.33 0.95295
116.67 0.95140
100.00 0.95155
83.33 0.95212
66.67 0.95130
50.00 0.95153
33.33 0.95092
16.67 0.95068
0.00 0.85613
120.00 0.94360
106.67 0.94610
93.33 0.94752
80.00 0.94859
66.67 0.94686
53.33 0.94809
40.00 0.94842
26.67 0.94805
13.33 0.94722
0.00 0.85305
96.00 0.95625
85.33 0.95150
74.67 0.95158
64.00 0.95166
53.33 0.95144
42.67 0.95018
32.00 0.95060
21.33 0.95009
10.67 0.94805
0.00 0.85367
76.80 0.94645
68.27 0.94968
59.73 0.94825
51.20 0.94983
42.67 0.95115
34.13 0.95017
25.60 0.95019
17.07 0.95111
8.53 0.94993
0.00 0.85567
