25.00 0.94320
22.22 0.94115
19.44 0.94072
16.67 0.94001
13.89 0.93643
11.11 0.93569
8.33 0.93321
5.56 0.92686
2.78 0.88379
0.00 0.79551
20.00 0.93690
17.78 0.93410
15.56 0.93415
13.33 0.93411
11.11 0.93161
8.89 0.92873
6.67 0.92566
4.44 0.91689
2.22 0.86616
0.00 0.77966
16.00 0.92580
14.22 0.92897
12.44 0.92860
10.67 0.92727
8.89 0.92715
7.11 0.92517
5.33 0.91863
3.56 0.90336
1.78 0.85093
0.00 0.76596
12.80 0.93300
11.38 0.93280
9.96 0.92997
8.53 0.92919
7.11 0.92269
5.69 0.91631
4.27 0.90226
2.84 0.86141
1.42 0.80542
0.00 0.72513
