150.00 0.94855
133.33 0.94898
116.67 0.94778
100.00 0.94779
83.33 0.94858
66.67 0.94735
50.00 0.94659
33.33 0.94502
16.67 0.94087
0.00 0.84702
120.00 0.94510
106.67 0.94245
93.33 0.94640
80.00 0.94496
66.67 0.94485
53.33 0.94448
40.00 0.94358
26.67 0.94216
13.33 0.93165
0.00 0.83906
96.00 0.94210
85.33 0.94315
74.67 0.94480
64.00 0.94560
53.33 0.94579
42.67 0.94463
32.00 0.94366
21.33 0.94185
10.67 0.92658
0.00 0.83417
76.80 0.93685
68.27 0.94050
59.73 0.94147
51.20 0.94084
42.67 0.94049
34.13 0.93919
25.60 0.93950
17.07 0.93434
8.53 0.91408
0.00 0.82320
