150.00 0.91950
133.33 0.91082
116.67 0.90672
100.00 0.89426
83.33 0.87096
66.67 0.84452
50.00 0.81116
33.33 0.77468
16.67 0.73062
0.00 0.65768
120.00 0.89780
106.67 0.88562
93.33 0.87673
80.00 0.86291
66.67 0.83392
53.33 0.79995
40.00 0.76577
26.67 0.72925
13.33 0.68455
0.00 0.61621
96.00 0.83240
85.33 0.83075
74.67 0.81743
64.00 0.78550
53.33 0.75247
42.67 0.72332
32.00 0.69293
21.33 0.65886
10.67 0.61651
0.00 0.55497
76.80 0.73275
68.27 0.72670
59.73 0.70665
51.20 0.68724
42.67 0.66483
34.13 0.64204
25.60 0.61644
17.07 0.58707
8.53 0.54818
0.00 0.49345
