300.00 0.48089
293.88 0.46215
287.76 0.47054
281.63 0.46287
275.51 0.45629
269.39 0.45164
263.27 0.44769
257.14 0.44347
251.02 0.43970
244.90 0.43645
238.78 0.43354
232.65 0.42940
226.53 0.42598
220.41 0.42278
214.29 0.41934
208.16 0.41609
202.04 0.41268
195.92 0.40956
189.80 0.40629
183.67 0.40328
177.55 0.39995
171.43 0.39663
165.31 0.39349
159.18 0.39003
153.06 0.38667
146.94 0.38316
140.82 0.37952
134.69 0.37597
128.57 0.37215
122.45 0.36870
116.33 0.36501
110.20 0.36127
104.08 0.35771
97.96 0.35403
91.84 0.35015
85.71 0.34631
79.59 0.34244
73.47 0.33839
67.35 0.33417
61.22 0.32990
55.10 0.32575
48.98 0.32139
42.86 0.31683
36.73 0.31222
30.61 0.30754
24.49 0.30277
18.37 0.29785
12.24 0.29277
6.12 0.28760
0.00 0.28188
120.00 0.25781
117.78 0.25598
115.56 0.25613
113.33 0.25490
111.11 0.25246
108.89 0.25161
106.67 0.25029
104.44 0.24852
102.22 0.24723
100.00 0.24591
97.78 0.24414
95.56 0.24216
93.33 0.24045
91.11 0.23864
88.89 0.23687
86.67 0.23532
84.44 0.23362
82.22 0.23181
80.00 0.23011
77.78 0.22812
75.56 0.22643
73.33 0.22473
71.11 0.22281
68.89 0.22115
66.67 0.21917
64.44 0.21718
62.22 0.21526
60.00 0.21320
57.78 0.21132
55.56 0.20942
53.33 0.20762
51.11 0.20565
48.89 0.20363
46.67 0.20171
44.44 0.19958
42.22 0.19773
40.00 0.19566
37.78 0.19344
35.56 0.19126
33.33 0.18919
31.11 0.18697
28.89 0.18483
26.67 0.18275
24.44 0.18069
22.22 0.17853
20.00 0.17643
17.78 0.17426
15.56 0.17209
13.33 0.16981
11.11 0.16749
8.89 0.16517
6.67 0.16276
4.44 0.16031
2.22 0.15774
0.00 0.15490
48.00 0.14093
47.19 0.13792
46.37 0.13669
45.56 0.13568
44.75 0.13457
43.93 0.13436
43.12 0.13449
42.31 0.13368
41.49 0.13308
40.68 0.13267
39.86 0.13164
39.05 0.13042
38.24 0.12954
37.42 0.12923
36.61 0.12912
35.80 0.12820
34.98 0.12724
34.17 0.12641
33.36 0.12528
32.54 0.12466
31.73 0.12365
30.92 0.12295
30.10 0.12237
29.29 0.12138
28.47 0.12028
27.66 0.11924
26.85 0.11815
26.03 0.11717
25.22 0.11627
24.41 0.11555
23.59 0.11484
22.78 0.11375
21.97 0.11265
21.15 0.11181
20.34 0.11095
19.53 0.11004
18.71 0.10916
17.90 0.10829
17.08 0.10729
16.27 0.10626
15.46 0.10530
14.64 0.10439
13.83 0.10342
13.02 0.10241
12.20 0.10146
11.39 0.10041
10.58 0.09939
9.76 0.09838
8.95 0.09735
8.14 0.09633
7.32 0.09525
6.51 0.09418
5.69 0.09308
4.88 0.09196
4.07 0.09082
3.25 0.08968
2.44 0.08852
1.63 0.08733
0.81 0.08608
0.00 0.08466
19.20 0.07192
18.90 0.07160
18.60 0.07119
18.30 0.07066
18.00 0.07034
17.70 0.07045
17.40 0.07048
17.10 0.07042
16.80 0.07048
16.50 0.07025
16.20 0.06983
15.90 0.06954
15.60 0.06991
15.30 0.07007
15.00 0.07048
14.70 0.07036
14.40 0.07005
14.10 0.06987
13.80 0.06956
13.50 0.06924
13.20 0.06887
12.90 0.06837
12.60 0.06802
12.30 0.06783
12.00 0.06754
11.70 0.06714
11.40 0.06672
11.10 0.06636
10.80 0.06590
10.50 0.06550
10.20 0.06509
9.90 0.06476
9.60 0.06456
9.30 0.06437
9.00 0.06425
8.70 0.06403
8.40 0.06383
8.10 0.06354
7.80 0.06330
7.50 0.06302
7.20 0.06281
6.90 0.06252
6.60 0.06214
6.30 0.06166
6.00 0.06121
5.70 0.06075
5.40 0.06032
5.10 0.05990
4.80 0.05944
4.50 0.05902
4.20 0.05856
3.90 0.05808
3.60 0.05757
3.30 0.05710
3.00 0.05661
2.70 0.05608
2.40 0.05556
2.10 0.05503
1.80 0.05448
1.50 0.05394
1.20 0.05336
0.90 0.05277
0.60 0.05215
0.30 0.05149
0.00 0.05071
7.68 0.04755
7.57 0.04691
7.46 0.04678
7.35 0.04621
7.23 0.04621
7.12 0.04671
7.01 0.04677
6.90 0.04702
6.79 0.04692
6.68 0.04677
6.57 0.04671
6.46 0.04669
6.34 0.04648
6.23 0.04635
6.12 0.04608
6.01 0.04595
5.90 0.04568
5.79 0.04546
5.68 0.04520
5.57 0.04488
5.45 0.04459
5.34 0.04444
5.23 0.04428
5.12 0.04404
5.01 0.04390
4.90 0.04371
4.79 0.04354
4.67 0.04333
4.56 0.04308
4.45 0.04281
4.34 0.04251
4.23 0.04226
4.12 0.04202
4.01 0.04174
3.90 0.04148
3.78 0.04118
3.67 0.04094
3.56 0.04069
3.45 0.04044
3.34 0.04022
3.23 0.03998
3.12 0.03971
3.01 0.03946
2.89 0.03921
2.78 0.03898
2.67 0.03874
2.56 0.03848
2.45 0.03823
2.34 0.03798
2.23 0.03771
2.11 0.03743
2.00 0.03716
1.89 0.03689
1.78 0.03663
1.67 0.03634
1.56 0.03606
1.45 0.03577
1.34 0.03548
1.22 0.03520
1.11 0.03492
1.00 0.03463
0.89 0.03433
0.78 0.03401
0.67 0.03369
0.56 0.03335
0.45 0.03301
0.33 0.03266
0.22 0.03229
0.11 0.03190
0.00 0.03146
3.07 0.03051
3.03 0.03060
2.99 0.03028
2.95 0.02991
2.91 0.02948
2.86 0.02926
2.82 0.02903
2.78 0.02882
2.74 0.02861
2.70 0.02840
2.66 0.02828
2.62 0.02816
2.57 0.02806
2.53 0.02794
2.49 0.02784
2.45 0.02778
2.41 0.02774
2.37 0.02762
2.32 0.02749
2.28 0.02740
2.24 0.02730
2.20 0.02716
2.16 0.02704
2.12 0.02692
2.08 0.02677
2.03 0.02663
1.99 0.02648
1.95 0.02633
1.91 0.02619
1.87 0.02610
1.83 0.02600
1.79 0.02589
1.74 0.02576
1.70 0.02563
1.66 0.02552
1.62 0.02539
1.58 0.02525
1.54 0.02514
1.49 0.02502
1.45 0.02491
1.41 0.02479
1.37 0.02467
1.33 0.02455
1.29 0.02441
1.25 0.02428
1.20 0.02414
1.16 0.02400
1.12 0.02386
1.08 0.02373
1.04 0.02359
1.00 0.02344
0.95 0.02329
0.91 0.02314
0.87 0.02297
0.83 0.02281
0.79 0.02267
0.75 0.02253
0.71 0.02238
0.66 0.02223
0.62 0.02208
0.58 0.02193
0.54 0.02177
0.50 0.02160
0.46 0.02144
0.42 0.02127
0.37 0.02111
0.33 0.02092
0.29 0.02074
0.25 0.02055
0.21 0.02036
0.17 0.02017
0.12 0.01997
0.08 0.01977
0.04 0.01955
0.00 0.01930
1.23 0.01837
1.21 0.01792
1.20 0.01792
1.18 0.01790
1.17 0.01791
1.15 0.01789
1.14 0.01788
1.12 0.01777
1.10 0.01769
1.09 0.01759
1.07 0.01747
1.06 0.01739
1.04 0.01735
1.03 0.01726
1.01 0.01720
1.00 0.01714
0.98 0.01701
0.96 0.01700
0.95 0.01688
0.93 0.01683
0.92 0.01678
0.90 0.01672
0.89 0.01665
0.87 0.01656
0.86 0.01651
0.84 0.01645
0.82 0.01639
0.81 0.01633
0.79 0.01624
0.78 0.01619
0.76 0.01612
0.75 0.01605
0.73 0.01598
0.72 0.01593
0.70 0.01587
0.68 0.01580
0.67 0.01572
0.65 0.01565
0.64 0.01559
0.62 0.01551
0.61 0.01544
0.59 0.01536
0.58 0.01527
0.56 0.01519
0.54 0.01513
0.53 0.01505
0.51 0.01498
0.50 0.01490
0.48 0.01483
0.47 0.01475
0.45 0.01467
0.44 0.01459
0.42 0.01452
0.40 0.01443
0.39 0.01435
0.37 0.01426
0.36 0.01417
0.34 0.01409
0.33 0.01400
0.31 0.01392
0.30 0.01383
0.28 0.01374
0.26 0.01366
0.25 0.01357
0.23 0.01348
0.22 0.01339
0.20 0.01329
0.19 0.01319
0.17 0.01310
0.16 0.01300
0.14 0.01291
0.12 0.01280
0.11 0.01271
0.09 0.01261
0.08 0.01250
0.06 0.01239
0.05 0.01227
0.03 0.01215
0.02 0.01203
0.00 0.01188
0.49 0.01084
0.49 0.01111
0.48 0.01108
0.47 0.01117
0.47 0.01120
0.46 0.01133
0.46 0.01121
0.45 0.01114
0.44 0.01108
0.44 0.01105
0.43 0.01103
0.43 0.01100
0.42 0.01096
0.42 0.01095
0.41 0.01090
0.40 0.01086
0.40 0.01085
0.39 0.01081
0.39 0.01079
0.38 0.01077
0.37 0.01072
0.37 0.01069
0.36 0.01066
0.36 0.01058
0.35 0.01053
0.35 0.01050
0.34 0.01046
0.33 0.01041
0.33 0.01037
0.32 0.01033
0.32 0.01028
0.31 0.01023
0.30 0.01018
0.30 0.01013
0.29 0.01010
0.29 0.01005
0.28 0.01001
0.28 0.00997
0.27 0.00991
0.26 0.00986
0.26 0.00982
0.25 0.00977
0.25 0.00973
0.24 0.00969
0.23 0.00965
0.23 0.00961
0.22 0.00956
0.22 0.00952
0.21 0.00948
0.20 0.00943
0.20 0.00939
0.19 0.00934
0.19 0.00930
0.18 0.00926
0.18 0.00922
0.17 0.00917
0.16 0.00913
0.16 0.00907
0.15 0.00902
0.15 0.00898
0.14 0.00894
0.13 0.00890
0.13 0.00884
0.12 0.00879
0.12 0.00874
0.11 0.00869
0.11 0.00864
0.10 0.00859
0.09 0.00853
0.09 0.00848
0.08 0.00843
0.08 0.00838
0.07 0.00832
0.06 0.00826
0.06 0.00821
0.05 0.00815
0.05 0.00809
0.04 0.00803
0.04 0.00797
0.03 0.00790
0.02 0.00784
0.02 0.00777
0.01 0.00769
0.01 0.00761
0.00 0.00753
0.20 0.00701
0.19 0.00719
0.19 0.00711
0.19 0.00711
0.19 0.00699
0.19 0.00698
0.18 0.00702
0.18 0.00696
0.18 0.00690
0.18 0.00693
0.17 0.00686
0.17 0.00685
0.17 0.00683
0.17 0.00683
0.17 0.00678
0.16 0.00675
0.16 0.00673
0.16 0.00674
0.16 0.00671
0.15 0.00668
0.15 0.00666
0.15 0.00662
0.15 0.00660
0.15 0.00658
0.14 0.00655
0.14 0.00654
0.14 0.00652
0.14 0.00650
0.13 0.00648
0.13 0.00646
0.13 0.00642
0.13 0.00640
0.13 0.00638
0.12 0.00636
0.12 0.00635
0.12 0.00633
0.12 0.00630
0.11 0.00627
0.11 0.00624
0.11 0.00622
0.11 0.00619
0.11 0.00617
0.10 0.00615
0.10 0.00612
0.10 0.00609
0.10 0.00608
0.09 0.00605
0.09 0.00603
0.09 0.00600
0.09 0.00599
0.09 0.00596
0.08 0.00594
0.08 0.00591
0.08 0.00588
0.08 0.00585
0.08 0.00582
0.07 0.00580
0.07 0.00577
0.07 0.00573
0.07 0.00571
0.06 0.00568
0.06 0.00566
0.06 0.00563
0.06 0.00560
0.06 0.00558
0.05 0.00555
0.05 0.00553
0.05 0.00550
0.05 0.00547
0.04 0.00544
0.04 0.00541
0.04 0.00537
0.04 0.00534
0.04 0.00531
0.03 0.00528
0.03 0.00525
0.03 0.00521
0.03 0.00518
0.02 0.00515
0.02 0.00511
0.02 0.00508
0.02 0.00504
0.02 0.00501
0.01 0.00497
0.01 0.00493
0.01 0.00489
0.01 0.00485
0.00 0.00481
0.00 0.00476
0.00 0.00471
0.08 0.00454
0.08 0.00426
0.08 0.00427
0.08 0.00427
0.08 0.00429
0.07 0.00432
0.07 0.00430
0.07 0.00429
0.07 0.00427
0.07 0.00429
0.07 0.00428
0.07 0.00429
0.07 0.00428
0.07 0.00426
0.07 0.00423
0.07 0.00422
0.07 0.00421
0.06 0.00421
0.06 0.00421
0.06 0.00419
0.06 0.00417
0.06 0.00415
0.06 0.00417
0.06 0.00417
0.06 0.00416
0.06 0.00416
0.06 0.00415
0.06 0.00414
0.06 0.00413
0.05 0.00412
0.05 0.00410
0.05 0.00409
0.05 0.00407
0.05 0.00405
0.05 0.00404
0.05 0.00402
0.05 0.00401
0.05 0.00400
0.05 0.00399
0.05 0.00399
0.05 0.00397
0.04 0.00396
0.04 0.00394
0.04 0.00393
0.04 0.00392
0.04 0.00391
0.04 0.00390
0.04 0.00388
0.04 0.00387
0.04 0.00385
0.04 0.00384
0.04 0.00382
0.04 0.00381
0.03 0.00379
0.03 0.00378
0.03 0.00377
0.03 0.00375
0.03 0.00374
0.03 0.00371
0.03 0.00370
0.03 0.00369
0.03 0.00367
0.03 0.00364
0.03 0.00363
0.03 0.00361
0.02 0.00360
0.02 0.00358
0.02 0.00356
0.02 0.00355
0.02 0.00353
0.02 0.00351
0.02 0.00349
0.02 0.00347
0.02 0.00345
0.02 0.00343
0.02 0.00341
0.02 0.00339
0.01 0.00337
0.01 0.00335
0.01 0.00334
0.01 0.00332
0.01 0.00330
0.01 0.00328
0.01 0.00325
0.01 0.00323
0.01 0.00321
0.01 0.00319
0.01 0.00317
0.01 0.00314
0.00 0.00312
0.00 0.00309
0.00 0.00307
0.00 0.00304
0.00 0.00302
0.00 0.00299
0.00 0.01347
0.00 0.00848
0.00 0.00682
0.00 0.00561
0.00 0.00474
0.00 0.00438
0.00 0.00404
0.00 0.00380
0.00 0.00355
0.00 0.00333
0.00 0.00309
0.00 0.00286
0.00 0.00267
0.00 0.00253
0.00 0.00244
0.00 0.00234
0.00 0.00227
0.00 0.00216
0.00 0.00211
0.00 0.00202
0.00 0.00196
0.00 0.00189
0.00 0.00182
0.00 0.00178
0.00 0.00172
0.00 0.00167
0.00 0.00163
0.00 0.00159
0.00 0.00155
0.00 0.00150
0.00 0.00146
0.00 0.00143
0.00 0.00140
0.00 0.00137
0.00 0.00135
0.00 0.00133
0.00 0.00132
0.00 0.00129
0.00 0.00128
0.00 0.00126
0.00 0.00124
0.00 0.00122
0.00 0.00120
0.00 0.00118
0.00 0.00116
0.00 0.00115
0.00 0.00112
0.00 0.00111
0.00 0.00109
0.00 0.00107
0.00 0.00106
0.00 0.00105
0.00 0.00104
0.00 0.00102
0.00 0.00101
0.00 0.00099
0.00 0.00097
0.00 0.00096
0.00 0.00095
0.00 0.00094
0.00 0.00092
0.00 0.00091
0.00 0.00090
0.00 0.00088
0.00 0.00087
0.00 0.00086
0.00 0.00085
0.00 0.00085
0.00 0.00084
0.00 0.00083
0.00 0.00082
0.00 0.00081
0.00 0.00080
0.00 0.00079
0.00 0.00079
0.00 0.00078
0.00 0.00077
0.00 0.00077
0.00 0.00077
0.00 0.00076
0.00 0.00076
0.00 0.00075
0.00 0.00074
0.00 0.00074
0.00 0.00073
0.00 0.00072
0.00 0.00072
0.00 0.00071
0.00 0.00070
0.00 0.00070
0.00 0.00069
0.00 0.00068
0.00 0.00068
0.00 0.00068
0.00 0.00067
0.00 0.00066
0.00 0.00066
0.00 0.00065
0.00 0.00065
0.00 0.00064
