150.00 0.94710
133.33 0.94647
116.67 0.94028
100.00 0.94131
83.33 0.94010
66.67 0.94050
50.00 0.94068
33.33 0.94014
16.67 0.93893
0.00 0.84684
120.00 0.94300
106.67 0.94522
93.33 0.94485
80.00 0.94269
66.67 0.94135
53.33 0.94227
40.00 0.94229
26.67 0.94203
13.33 0.93967
0.00 0.84640
96.00 0.95205
85.33 0.95032
74.67 0.94645
64.00 0.94652
53.33 0.94493
42.67 0.94498
32.00 0.94349
21.33 0.94286
10.67 0.94023
0.00 0.84710
76.80 0.94325
68.27 0.94440
59.73 0.94262
51.20 0.94311
42.67 0.94308
34.13 0.94331
25.60 0.94319
17.07 0.94277
8.53 0.93858
0.00 0.84562
