150.00 0.92695
133.33 0.92370
116.67 0.92258
100.00 0.91692
83.33 0.90898
66.67 0.89158
50.00 0.86028
33.33 0.82287
16.67 0.77662
0.00 0.69910
120.00 0.91205
106.67 0.90450
93.33 0.89745
80.00 0.89131
66.67 0.88711
53.33 0.86217
40.00 0.82858
26.67 0.78898
13.33 0.74123
0.00 0.66722
96.00 0.90050
85.33 0.88702
74.67 0.86753
64.00 0.86545
53.33 0.84289
42.67 0.80870
32.00 0.77392
21.33 0.73482
10.67 0.68760
0.00 0.61893
76.80 0.86360
68.27 0.86225
59.73 0.83193
51.20 0.79510
42.67 0.76563
34.13 0.73182
25.60 0.69915
17.07 0.66397
8.53 0.61988
0.00 0.55799
