150.00 0.93125
133.33 0.93145
116.67 0.92982
100.00 0.92361
83.33 0.92348
66.67 0.91602
50.00 0.88819
33.33 0.85554
16.67 0.80682
0.00 0.72645
120.00 0.91915
106.67 0.91510
93.33 0.91155
80.00 0.90065
66.67 0.89614
53.33 0.88248
40.00 0.86026
26.67 0.82111
13.33 0.77083
0.00 0.69391
96.00 0.92305
85.33 0.91705
74.67 0.91793
64.00 0.91296
53.33 0.89178
42.67 0.86248
32.00 0.82533
21.33 0.78233
10.67 0.73185
0.00 0.65882
76.80 0.88895
68.27 0.89600
59.73 0.88768
51.20 0.87574
42.67 0.84679
34.13 0.81401
25.60 0.77450
17.07 0.73009
8.53 0.67752
0.00 0.60990
