150.00 0.91415
133.33 0.90525
116.67 0.90170
100.00 0.89614
83.33 0.88581
66.67 0.86155
50.00 0.84243
33.33 0.80493
16.67 0.75752
0.00 0.68193
120.00 0.88565
106.67 0.88533
93.33 0.87995
80.00 0.87239
66.67 0.84734
53.33 0.82182
40.00 0.78755
26.67 0.75115
13.33 0.70462
0.00 0.63431
96.00 0.84445
85.33 0.85933
74.67 0.84363
64.00 0.82511
53.33 0.79431
42.67 0.76206
32.00 0.72786
21.33 0.69001
10.67 0.64279
0.00 0.57859
76.80 0.77535
68.27 0.77592
59.73 0.74582
51.20 0.71925
42.67 0.69878
34.13 0.67453
25.60 0.64669
17.07 0.61350
8.53 0.57208
0.00 0.51501
