300.00 0.73168
293.88 0.72369
287.76 0.71552
281.63 0.70767
275.51 0.69767
269.39 0.69286
263.27 0.68152
257.14 0.67466
251.02 0.67041
244.90 0.66450
238.78 0.65791
232.65 0.65416
226.53 0.64915
220.41 0.64541
214.29 0.64139
208.16 0.63610
202.04 0.63065
195.92 0.62610
189.80 0.62174
183.67 0.61725
177.55 0.61273
171.43 0.60848
165.31 0.60415
159.18 0.59986
153.06 0.59558
146.94 0.59148
140.82 0.58743
134.69 0.58313
128.57 0.57891
122.45 0.57457
116.33 0.57032
110.20 0.56593
104.08 0.56147
97.96 0.55684
91.84 0.55208
85.71 0.54737
79.59 0.54243
73.47 0.53741
67.35 0.53227
61.22 0.52712
55.10 0.52165
48.98 0.51608
42.86 0.51027
36.73 0.50423
30.61 0.49792
24.49 0.49133
18.37 0.48434
12.24 0.47704
6.12 0.46920
0.00 0.45983
120.00 0.44160
117.78 0.44314
115.56 0.44167
113.33 0.43965
111.11 0.43695
108.89 0.43581
106.67 0.43361
104.44 0.43186
102.22 0.42960
100.00 0.42797
97.78 0.42607
95.56 0.42362
93.33 0.42155
91.11 0.41946
88.89 0.41731
86.67 0.41519
84.44 0.41305
82.22 0.41102
80.00 0.40866
77.78 0.40623
75.56 0.40377
73.33 0.40132
71.11 0.39898
68.89 0.39656
66.67 0.39401
64.44 0.39144
62.22 0.38893
60.00 0.38646
57.78 0.38396
55.56 0.38129
53.33 0.37885
51.11 0.37624
48.89 0.37356
46.67 0.37081
44.44 0.36784
42.22 0.36496
40.00 0.36185
37.78 0.35884
35.56 0.35574
33.33 0.35267
31.11 0.34956
28.89 0.34641
26.67 0.34318
24.44 0.33976
22.22 0.33631
20.00 0.33278
17.78 0.32911
15.56 0.32546
13.33 0.32159
11.11 0.31762
8.89 0.31348
6.67 0.30920
4.44 0.30493
2.22 0.30055
0.00 0.29509
48.00 0.28313
47.19 0.28273
46.37 0.28147
45.56 0.28154
44.75 0.27970
43.93 0.27849
43.12 0.27656
42.31 0.27455
41.49 0.27345
40.68 0.27207
39.86 0.27079
39.05 0.26925
38.24 0.26808
37.42 0.26662
36.61 0.26495
35.80 0.26327
34.98 0.26190
34.17 0.26038
33.36 0.25889
32.54 0.25741
31.73 0.25598
30.92 0.25447
30.10 0.25306
29.29 0.25138
28.47 0.24965
27.66 0.24819
26.85 0.24658
26.03 0.24510
25.22 0.24350
24.41 0.24192
23.59 0.24009
22.78 0.23839
21.97 0.23667
21.15 0.23492
20.34 0.23318
19.53 0.23156
18.71 0.22977
17.90 0.22802
17.08 0.22627
16.27 0.22444
15.46 0.22247
14.64 0.22066
13.83 0.21892
13.02 0.21692
12.20 0.21492
11.39 0.21306
10.58 0.21117
9.76 0.20938
8.95 0.20731
8.14 0.20557
7.32 0.20376
6.51 0.20157
5.69 0.19934
4.88 0.19713
4.07 0.19485
3.25 0.19246
2.44 0.18995
1.63 0.18740
0.81 0.18468
0.00 0.18162
19.20 0.16745
18.90 0.16815
18.60 0.16810
18.30 0.16756
18.00 0.16656
17.70 0.16639
17.40 0.16485
17.10 0.16389
16.80 0.16323
16.50 0.16215
16.20 0.16138
15.90 0.16042
15.60 0.15977
15.30 0.15904
15.00 0.15813
14.70 0.15709
14.40 0.15643
14.10 0.15564
13.80 0.15469
13.50 0.15394
13.20 0.15350
12.90 0.15274
12.60 0.15192
12.30 0.15136
12.00 0.15086
11.70 0.15009
11.40 0.14907
11.10 0.14820
10.80 0.14714
10.50 0.14620
10.20 0.14527
9.90 0.14439
9.60 0.14362
9.30 0.14281
9.00 0.14199
8.70 0.14114
8.40 0.14007
8.10 0.13901
7.80 0.13789
7.50 0.13705
7.20 0.13596
6.90 0.13493
6.60 0.13400
6.30 0.13312
6.00 0.13217
5.70 0.13104
5.40 0.13009
5.10 0.12921
4.80 0.12809
4.50 0.12697
4.20 0.12588
3.90 0.12468
3.60 0.12349
3.30 0.12242
3.00 0.12138
2.70 0.12027
2.40 0.11905
2.10 0.11789
1.80 0.11672
1.50 0.11544
1.20 0.11408
0.90 0.11295
0.60 0.11166
0.30 0.11022
0.00 0.10853
7.68 0.10090
7.57 0.10197
7.46 0.09978
7.35 0.09854
7.23 0.09822
7.12 0.09831
7.01 0.09906
6.90 0.09817
6.79 0.09754
6.68 0.09778
6.57 0.09845
6.46 0.09821
6.34 0.09788
6.23 0.09720
6.12 0.09640
6.01 0.09708
5.90 0.09688
5.79 0.09623
5.68 0.09541
5.57 0.09480
5.45 0.09391
5.34 0.09333
5.23 0.09272
5.12 0.09213
5.01 0.09159
4.90 0.09094
4.79 0.09035
4.67 0.08962
4.56 0.08899
4.45 0.08872
4.34 0.08847
4.23 0.08837
4.12 0.08789
4.01 0.08740
3.90 0.08684
3.78 0.08656
3.67 0.08602
3.56 0.08545
3.45 0.08487
3.34 0.08426
3.23 0.08372
3.12 0.08314
3.01 0.08257
2.89 0.08207
2.78 0.08170
2.67 0.08113
2.56 0.08053
2.45 0.07991
2.34 0.07925
2.23 0.07860
2.11 0.07799
2.00 0.07738
1.89 0.07676
1.78 0.07613
1.67 0.07559
1.56 0.07504
1.45 0.07440
1.34 0.07382
1.22 0.07312
1.11 0.07244
1.00 0.07170
0.89 0.07106
0.78 0.07034
0.67 0.06979
0.56 0.06924
0.45 0.06851
0.33 0.06778
0.22 0.06702
0.11 0.06624
0.00 0.06530
3.07 0.06018
3.03 0.05964
2.99 0.06011
2.95 0.06225
2.91 0.06084
2.86 0.06210
2.82 0.06101
2.78 0.06055
2.74 0.06006
2.70 0.06008
2.66 0.06062
2.62 0.06006
2.57 0.06016
2.53 0.05978
2.49 0.05936
2.45 0.05890
2.41 0.05858
2.37 0.05844
2.32 0.05826
2.28 0.05782
2.24 0.05739
2.20 0.05708
2.16 0.05653
2.12 0.05617
2.08 0.05576
2.03 0.05561
1.99 0.05528
1.95 0.05479
1.91 0.05438
1.87 0.05405
1.83 0.05387
1.79 0.05359
1.74 0.05321
1.70 0.05300
1.66 0.05280
1.62 0.05251
1.58 0.05222
1.54 0.05213
1.49 0.05182
1.45 0.05154
1.41 0.05122
1.37 0.05085
1.33 0.05049
1.29 0.05012
1.25 0.04998
1.20 0.04984
1.16 0.04947
1.12 0.04915
1.08 0.04883
1.04 0.04845
1.00 0.04812
0.95 0.04781
0.91 0.04752
0.87 0.04722
0.83 0.04699
0.79 0.04674
0.75 0.04656
0.71 0.04628
0.66 0.04603
0.62 0.04578
0.58 0.04541
0.54 0.04509
0.50 0.04500
0.46 0.04469
0.42 0.04468
0.37 0.04426
0.33 0.04383
0.29 0.04340
0.25 0.04305
0.21 0.04261
0.17 0.04217
0.12 0.04173
0.08 0.04126
0.04 0.04078
0.00 0.04024
1.23 0.03399
1.21 0.03821
1.20 0.03890
1.18 0.04463
1.17 0.04696
1.15 0.04753
1.14 0.04673
1.12 0.04576
1.10 0.04468
1.09 0.04390
1.07 0.04318
1.06 0.04279
1.04 0.04212
1.03 0.04367
1.01 0.04375
1.00 0.04400
0.98 0.04359
0.96 0.04310
0.95 0.04274
0.93 0.04200
0.92 0.04145
0.90 0.04109
0.89 0.04063
0.87 0.04019
0.86 0.04018
0.84 0.03986
0.82 0.03993
0.81 0.04004
0.79 0.04045
0.78 0.04034
0.76 0.04034
0.75 0.04015
0.73 0.03986
0.72 0.03954
0.70 0.03927
0.68 0.03959
0.67 0.03950
0.65 0.03945
0.64 0.03918
0.62 0.03883
0.61 0.03851
0.59 0.03823
0.58 0.03786
0.56 0.03755
0.54 0.03730
0.53 0.03702
0.51 0.03670
0.50 0.03637
0.48 0.03606
0.47 0.03591
0.45 0.03568
0.44 0.03549
0.42 0.03524
0.40 0.03509
0.39 0.03495
0.37 0.03462
0.36 0.03427
0.34 0.03397
0.33 0.03369
0.31 0.03338
0.30 0.03306
0.28 0.03283
0.26 0.03256
0.25 0.03229
0.23 0.03202
0.22 0.03174
0.20 0.03147
0.19 0.03120
0.17 0.03092
0.16 0.03065
0.14 0.03039
0.12 0.03013
0.11 0.02986
0.09 0.02959
0.08 0.02931
0.06 0.02904
0.05 0.02875
0.03 0.02845
0.02 0.02814
0.00 0.02779
0.49 0.02119
0.49 0.02187
0.48 0.02074
0.47 0.02050
0.47 0.02076
0.46 0.02193
0.46 0.02441
0.45 0.02529
0.44 0.02475
0.44 0.02415
0.43 0.02359
0.43 0.02316
0.42 0.02282
0.42 0.02262
0.41 0.02263
0.40 0.02262
0.40 0.02250
0.39 0.02234
0.39 0.02225
0.38 0.02236
0.37 0.02247
0.37 0.02263
0.36 0.02242
0.36 0.02220
0.35 0.02201
0.35 0.02194
0.34 0.02192
0.33 0.02177
0.33 0.02170
0.32 0.02186
0.32 0.02165
0.31 0.02145
0.30 0.02124
0.30 0.02103
0.29 0.02081
0.29 0.02062
0.28 0.02052
0.28 0.02048
0.27 0.02039
0.26 0.02040
0.26 0.02032
0.25 0.02023
0.25 0.02018
0.24 0.02012
0.23 0.02001
0.23 0.01988
0.22 0.01977
0.22 0.01972
0.21 0.01968
0.20 0.01963
0.20 0.01959
0.19 0.01946
0.19 0.01931
0.18 0.01915
0.18 0.01901
0.17 0.01894
0.16 0.01885
0.16 0.01880
0.15 0.01871
0.15 0.01864
0.14 0.01858
0.13 0.01846
0.13 0.01833
0.12 0.01824
0.12 0.01818
0.11 0.01811
0.11 0.01801
0.10 0.01789
0.09 0.01776
0.09 0.01761
0.08 0.01747
0.08 0.01732
0.07 0.01719
0.06 0.01707
0.06 0.01695
0.05 0.01684
0.05 0.01671
0.04 0.01658
0.04 0.01644
0.03 0.01630
0.02 0.01615
0.02 0.01601
0.01 0.01586
0.01 0.01571
0.00 0.01552
0.20 0.01632
0.19 0.01422
0.19 0.01328
0.19 0.01265
0.19 0.01265
0.19 0.01248
0.18 0.01227
0.18 0.01209
0.18 0.01213
0.18 0.01209
0.17 0.01241
0.17 0.01270
0.17 0.01268
0.17 0.01254
0.17 0.01241
0.16 0.01227
0.16 0.01214
0.16 0.01206
0.16 0.01198
0.15 0.01191
0.15 0.01184
0.15 0.01178
0.15 0.01173
0.15 0.01167
0.14 0.01163
0.14 0.01157
0.14 0.01156
0.14 0.01160
0.13 0.01168
0.13 0.01172
0.13 0.01171
0.13 0.01178
0.13 0.01177
0.12 0.01170
0.12 0.01164
0.12 0.01155
0.12 0.01150
0.11 0.01146
0.11 0.01141
0.11 0.01135
0.11 0.01132
0.11 0.01128
0.10 0.01121
0.10 0.01114
0.10 0.01106
0.10 0.01099
0.09 0.01092
0.09 0.01087
0.09 0.01082
0.09 0.01077
0.09 0.01072
0.08 0.01069
0.08 0.01069
0.08 0.01069
0.08 0.01068
0.08 0.01067
0.07 0.01065
0.07 0.01062
0.07 0.01061
0.07 0.01059
0.06 0.01058
0.06 0.01056
0.06 0.01056
0.06 0.01055
0.06 0.01053
0.05 0.01051
0.05 0.01048
0.05 0.01045
0.05 0.01040
0.04 0.01037
0.04 0.01034
0.04 0.01030
0.04 0.01026
0.04 0.01022
0.03 0.01019
0.03 0.01014
0.03 0.01010
0.03 0.01004
0.02 0.00997
0.02 0.00991
0.02 0.00985
0.02 0.00980
0.02 0.00973
0.01 0.00967
0.01 0.00961
0.01 0.00954
0.01 0.00946
0.00 0.00938
0.00 0.00930
0.00 0.00920
0.08 0.01102
0.08 0.01110
0.08 0.01100
0.08 0.01080
0.08 0.01051
0.07 0.01047
0.07 0.01044
0.07 0.01042
0.07 0.01035
0.07 0.01021
0.07 0.01007
0.07 0.00995
0.07 0.00979
0.07 0.00958
0.07 0.00938
0.07 0.00914
0.07 0.00899
0.06 0.00882
0.06 0.00871
0.06 0.00857
0.06 0.00848
0.06 0.00842
0.06 0.00838
0.06 0.00832
0.06 0.00828
0.06 0.00826
0.06 0.00822
0.06 0.00819
0.06 0.00819
0.05 0.00818
0.05 0.00820
0.05 0.00825
0.05 0.00826
0.05 0.00826
0.05 0.00822
0.05 0.00815
0.05 0.00808
0.05 0.00800
0.05 0.00794
0.05 0.00788
0.05 0.00784
0.04 0.00778
0.04 0.00772
0.04 0.00766
0.04 0.00761
0.04 0.00758
0.04 0.00756
0.04 0.00756
0.04 0.00755
0.04 0.00755
0.04 0.00755
0.04 0.00754
0.04 0.00754
0.03 0.00753
0.03 0.00753
0.03 0.00752
0.03 0.00751
0.03 0.00750
0.03 0.00749
0.03 0.00749
0.03 0.00748
0.03 0.00746
0.03 0.00744
0.03 0.00742
0.03 0.00740
0.02 0.00737
0.02 0.00733
0.02 0.00731
0.02 0.00728
0.02 0.00725
0.02 0.00721
0.02 0.00718
0.02 0.00714
0.02 0.00710
0.02 0.00706
0.02 0.00702
0.02 0.00698
0.01 0.00694
0.01 0.00691
0.01 0.00687
0.01 0.00683
0.01 0.00679
0.01 0.00676
0.01 0.00672
0.01 0.00668
0.01 0.00664
0.01 0.00660
0.01 0.00657
0.01 0.00652
0.00 0.00648
0.00 0.00643
0.00 0.00638
0.00 0.00633
0.00 0.00627
0.00 0.00621
0.00 0.00037
0.00 0.00026
0.00 0.00019
0.00 0.00015
0.00 0.00012
0.00 0.00011
0.00 0.00010
0.00 0.00009
0.00 0.00008
0.00 0.00008
0.00 0.00007
0.00 0.00007
0.00 0.00006
0.00 0.00006
0.00 0.00005
0.00 0.00005
0.00 0.00005
0.00 0.00005
0.00 0.00005
0.00 0.00004
0.00 0.00004
0.00 0.00004
0.00 0.00004
0.00 0.00004
0.00 0.00003
0.00 0.00003
0.00 0.00003
0.00 0.00003
0.00 0.00003
0.00 0.00003
0.00 0.00003
0.00 0.00003
0.00 0.00003
0.00 0.00003
0.00 0.00003
0.00 0.00002
0.00 0.00002
0.00 0.00002
0.00 0.00002
0.00 0.00002
0.00 0.00002
0.00 0.00002
0.00 0.00002
0.00 0.00002
0.00 0.00002
0.00 0.00002
0.00 0.00002
0.00 0.00002
0.00 0.00002
0.00 0.00002
0.00 0.00002
0.00 0.00002
0.00 0.00002
0.00 0.00002
0.00 0.00002
0.00 0.00002
0.00 0.00002
0.00 0.00002
0.00 0.00002
0.00 0.00002
0.00 0.00001
0.00 0.00001
0.00 0.00001
0.00 0.00001
0.00 0.00001
0.00 0.00001
0.00 0.00001
0.00 0.00001
0.00 0.00001
0.00 0.00002
0.00 0.00002
0.00 0.00002
0.00 0.00002
0.00 0.00002
0.00 0.00002
0.00 0.00002
0.00 0.00002
0.00 0.00002
0.00 0.00002
0.00 0.00002
0.00 0.00002
0.00 0.00002
0.00 0.00002
0.00 0.00002
0.00 0.00002
0.00 0.00002
0.00 0.00002
0.00 0.00002
0.00 0.00002
0.00 0.00002
0.00 0.00002
0.00 0.00002
0.00 0.00002
0.00 0.00002
0.00 0.00002
0.00 0.00002
0.00 0.00002
0.00 0.00002
0.00 0.00002
0.00 0.00002
